COMPONENT 560=IfcColumn
#	Mesh	0	Begin

#	Vertex	16

-8.38984e+006	2.15856e+006	-17640
-8.38984e+006	2.15796e+006	-17640
-8.38874e+006	2.15796e+006	-17640
-8.38874e+006	2.15856e+006	-17640
-8.38984e+006	2.15856e+006	-14720
-8.38984e+006	2.15796e+006	-14720
-8.38874e+006	2.15796e+006	-14720
-8.38874e+006	2.15856e+006	-14720
-8.38984e+006	2.15856e+006	-14520
-8.38984e+006	2.15796e+006	-14520
-8.38874e+006	2.15796e+006	-14520
-8.38874e+006	2.15856e+006	-14520
-8.38984e+006	2.15856e+006	-9620
-8.38984e+006	2.15796e+006	-9620
-8.38874e+006	2.15796e+006	-9620
-8.38874e+006	2.15856e+006	-9620

#	Triangle	6
3	4	7	0	4	3	11	12	15	8	12	11
0	5	4	1	5	0	8	13	12	9	13	8
1	6	5	2	6	1	9	14	13	10	14	9
2	7	6	3	7	2	10	15	14	11	15	10
3	1	0	2	1	3	11	9	8	10	9	11
4	6	7	5	6	4	12	14	15	13	14	12

#	Normal	6
-0	-1	-0
1	0	0
-0	1	0
-1	0	0
-0	0	1
-0	-0	-1

#	Mesh	0	End


COMPONENTFINISH

COMPONENT 5702=IfcBeam
#	Mesh	0	Begin

#	Vertex	28

-8.27951e+006	2.15826e+006	-14940
-8.27951e+006	2.15826e+006	-16040
-8.27951e+006	2.15826e+006	-17240
-8.27951e+006	2.15827e+006	-17240
-8.27951e+006	2.15827e+006	-16040
-8.27951e+006	2.15827e+006	-14940
-8.28085e+006	2.15926e+006	-14940
-8.28085e+006	2.15926e+006	-16040
-8.28085e+006	2.15926e+006	-17240
-8.28085e+006	2.15926e+006	-17240
-8.28085e+006	2.15826e+006	-17240
-8.28085e+006	2.15826e+006	-14940
-8.28085e+006	2.15926e+006	-14940
-8.2808e+006	2.15826e+006	-14940
-8.27952e+006	2.15827e+006	-14940
-8.2796e+006	2.15926e+006	-14940
-8.27959e+006	2.15846e+006	-14940
-8.28079e+006	2.15846e+006	-14940
-8.28079e+006	2.15906e+006	-14940
-8.27959e+006	2.15906e+006	-14940
-8.2808e+006	2.15826e+006	-17240
-8.2796e+006	2.15926e+006	-17240
-8.27952e+006	2.15827e+006	-17240
-8.2796e+006	2.15926e+006	-16040
-8.27959e+006	2.15846e+006	-16040
-8.27959e+006	2.15906e+006	-16040
-8.28079e+006	2.15906e+006	-16040
-8.28079e+006	2.15846e+006	-16040

#	Triangle	8
0	4	5	0	3	4	0	1	3	1	2	3	17	26	18	27	26	17
11	9	10	11	8	9	11	7	8	11	12	7	12	6	7	19	24	16	25	24	19
14	0	5	14	13	0	15	19	14	19	16	14	16	13	14	15	18	19	17	13	16	6	18	15	6	17	18	6	13	17	6	12	13	12	11	13	27	25	26	24	25	27
1	20	2	1	10	20	1	11	10	0	13	1	13	11	1	18	25	19	26	25	18
20	22	2	22	3	2	20	21	22	20	8	21	10	9	20	9	8	20
7	21	8	7	23	21	6	23	7	6	15	23	16	27	17	24	27	16
23	22	21	23	14	22	15	14	23
14	3	22	14	4	3	14	5	4

#	Normal	8
-1	-0	-0
1	0	0
0	-0	-1
0	1	-0
0	0	1
0	-1	0
-0.996746	-0.0806008	0
0.0830455	-0.996546	0

#	Mesh	0	End


COMPONENTFINISH

COMPONENT 5854=IfcBeam
#	Mesh	0	Begin

#	Vertex	27

-8.27139e+006	2.15981e+006	-14940
-8.27139e+006	2.15881e+006	-14940
-8.27139e+006	2.15881e+006	-16040
-8.27139e+006	2.15881e+006	-17240
-8.27139e+006	2.15981e+006	-17240
-8.27139e+006	2.15981e+006	-16040
-8.27282e+006	2.15981e+006	-14940
-8.27282e+006	2.15981e+006	-16040
-8.27282e+006	2.15981e+006	-17240
-8.27282e+006	2.15981e+006	-17240
-8.27282e+006	2.15881e+006	-17240
-8.27282e+006	2.15881e+006	-14940
-8.27282e+006	2.15981e+006	-14940
-8.27279e+006	2.15981e+006	-14940
-8.27281e+006	2.15981e+006	-14940
-8.27277e+006	2.15881e+006	-14940
-8.27159e+006	2.15961e+006	-14940
-8.27159e+006	2.15901e+006	-14940
-8.27279e+006	2.15901e+006	-14940
-8.27279e+006	2.15961e+006	-14940
-8.27277e+006	2.15881e+006	-17240
-8.27281e+006	2.15981e+006	-17240
-8.27279e+006	2.15981e+006	-17240
-8.27159e+006	2.15901e+006	-16040
-8.27159e+006	2.15961e+006	-16040
-8.27279e+006	2.15961e+006	-16040
-8.27279e+006	2.15901e+006	-16040

#	Triangle	6
1	5	0	1	4	5	1	2	4	2	3	4	18	25	19	26	25	18
11	9	10	11	8	9	11	7	8	11	12	7	12	6	7	16	23	17	24	23	16
13	16	0	16	1	0	16	17	1	17	15	1	13	19	16	18	15	17	18	11	15	14	19	13	14	18	19	14	11	18	6	12	14	12	11	14	26	24	25	23	24	26
2	20	3	2	10	20	2	11	10	1	15	2	15	11	2	19	24	16	25	24	19
20	4	3	20	22	4	10	22	20	10	21	22	10	9	21	9	8	21
7	21	8	7	22	21	7	4	22	7	5	4	6	5	7	6	14	5	14	13	5	13	0	5	17	26	18	23	26	17

#	Normal	6
-1	-0	-0
1	0	0
-0	0	-1
0	1	-0
0	-0	1
0	-1	0

#	Mesh	0	End


COMPONENTFINISH

COMPONENT 599=IfcColumn
#	Mesh	0	Begin

#	Vertex	8

-8.38279e+006	2.14971e+006	-16040
-8.38279e+006	2.14921e+006	-16040
-8.38159e+006	2.14921e+006	-16040
-8.38159e+006	2.14971e+006	-16040
-8.38279e+006	2.14971e+006	-9620
-8.38279e+006	2.14921e+006	-9620
-8.38159e+006	2.14921e+006	-9620
-8.38159e+006	2.14971e+006	-9620

#	Triangle	6
3	4	7	0	4	3
0	5	4	1	5	0
1	6	5	2	6	1
2	7	6	3	7	2
3	1	0	2	1	3
4	6	7	5	6	4

#	Normal	6
-0	-1	-0
1	0	0
-0	1	0
-1	0	0
-0	0	1
-0	-0	-1

#	Mesh	0	End


COMPONENTFINISH

COMPONENT 6033=IfcBeam
#	Mesh	0	Begin

#	Vertex	31

-8.38986e+006	2.15776e+006	-18940
-8.38986e+006	2.15876e+006	-18940
-8.38986e+006	2.15876e+006	-17240
-8.38986e+006	2.15776e+006	-17240
-8.39747e+006	2.15876e+006	-16640
-8.39747e+006	2.15876e+006	-17640
-8.39747e+006	2.15876e+006	-18940
-8.39747e+006	2.15875e+006	-18940
-8.39747e+006	2.15875e+006	-17640
-8.39747e+006	2.15875e+006	-16640
-8.38999e+006	2.15876e+006	-16640
-8.39724e+006	2.15804e+006	-16640
-8.39724e+006	2.15856e+006	-16640
-8.39614e+006	2.15856e+006	-16640
-8.39614e+006	2.15796e+006	-16640
-8.39722e+006	2.15796e+006	-16640
-8.39717e+006	2.15781e+006	-16640
-8.39732e+006	2.15776e+006	-16640
-8.38999e+006	2.15776e+006	-16640
-8.38999e+006	2.15776e+006	-17240
-8.39732e+006	2.15776e+006	-17640
-8.39732e+006	2.15776e+006	-18940
-8.38989e+006	2.15776e+006	-18940
-8.39717e+006	2.15781e+006	-18940
-8.38989e+006	2.15876e+006	-18940
-8.38999e+006	2.15876e+006	-17240
-8.39722e+006	2.15796e+006	-17640
-8.39724e+006	2.15804e+006	-17640
-8.39614e+006	2.15856e+006	-17640
-8.39614e+006	2.15796e+006	-17640
-8.39724e+006	2.15856e+006	-17640

#	Triangle	11
3	1	2	0	1	3	18	25	10	19	25	18	27	12	11	30	12	27
8	6	7	8	5	6	9	5	8	9	4	5	13	29	14	28	29	13
4	18	10	4	13	18	13	14	18	14	17	18	4	12	13	15	16	14	16	17	14	4	11	12	4	9	11	2	19	3	25	19	2	30	29	28	30	26	29	30	27	26
3	22	0	3	21	22	3	20	21	3	19	20	19	17	20	18	17	19	12	28	13	30	28	12
22	1	0	22	24	1	21	24	22	21	23	24	23	6	24	7	6	23
5	24	6	5	1	24	5	2	1	4	25	5	25	2	5	4	10	25	15	29	26	14	29	15
16	26	23	16	15	26
26	7	23
26	27	7
27	8	7	11	8	27	11	9	8
20	23	21	20	16	23	17	16	20

#	Normal	11
-1	-0	-0
1	0	0
-0	-0	-1
0	1	-0
0	-0	1
0	-1	0
0.952926	0.303204	-0
0.953994	0.299827	0.000440305
0.953399	0.301708	0.00169885
0.954289	0.298885	-0
0.298645	-0.954364	0

#	Mesh	0	End


COMPONENTFINISH

COMPONENT 6231=IfcBeam
#	Mesh	0	Begin

#	Vertex	26

-8.39717e+006	2.15781e+006	-16640
-8.39717e+006	2.15781e+006	-18940
-8.39747e+006	2.15875e+006	-18940
-8.39747e+006	2.15876e+006	-18940
-8.39747e+006	2.15876e+006	-17640
-8.39747e+006	2.15876e+006	-16640
-8.39747e+006	2.15875e+006	-16640
-8.39724e+006	2.15804e+006	-16640
-8.39724e+006	2.15804e+006	-17640
-8.39722e+006	2.15796e+006	-17640
-8.39722e+006	2.15796e+006	-16640
-8.40382e+006	2.15677e+006	-18940
-8.40352e+006	2.15581e+006	-18940
-8.40352e+006	2.15581e+006	-16640
-8.40359e+006	2.15606e+006	-16640
-8.40359e+006	2.15606e+006	-17640
-8.40382e+006	2.15677e+006	-17640
-8.39732e+006	2.15776e+006	-16640
-8.39724e+006	2.15796e+006	-16640
-8.40367e+006	2.15681e+006	-16640
-8.40359e+006	2.15681e+006	-16640
-8.39732e+006	2.15776e+006	-18940
-8.40367e+006	2.15681e+006	-18940
-8.40367e+006	2.15681e+006	-17640
-8.40359e+006	2.15681e+006	-17640
-8.39724e+006	2.15796e+006	-17640

#	Triangle	25
4	2	3
4	1	2
4	8	1
8	9	1
9	0	1	10	0	9
5	8	4
5	6	8
6	7	8
13	15	12	13	14	15
15	11	12
15	16	11
19	6	5	19	7	6	19	18	7	18	0	10	18	17	0	19	17	18	19	20	17	20	13	17	14	13	20	16	24	23	15	24	16	9	8	25
0	21	1
0	12	21
0	17	12
17	13	12
21	2	1	21	3	2	21	22	3	12	22	21	12	11	22
16	22	11
16	3	22
16	23	3
23	4	3	19	4	23	19	5	4
23	20	19	24	20	23
14	24	15	20	24	14
9	18	10	25	18	9
7	25	8	18	25	7

#	Normal	25
-0.948683	-0.316228	0
-0.953994	-0.299827	-0.000125801
-0.95422	-0.299104	-0.000708564
-0.9534	-0.301709	-0.00019495
-0.952926	-0.303204	0
-0.954221	-0.299104	0
-0.948596	-0.316199	0.0135965
-0.954289	-0.298885	0
0.953642	0.300944	-0
0.953922	0.300054	0.000183687
0.954018	0.299748	-0
0	-0	-1
-0.298645	0.954364	0
-0.300027	0.953931	9.69986e-005
-0.298642	0.954356	-0.00409292
-0.300027	0.953931	0
0	0	1
0.300122	-0.953901	0
0.300027	-0.953931	-1.18354e-005
0.300122	-0.953901	0.000499163
0.300027	-0.953931	0
-0	1	0
1	0	0
-0	-1	-0
-1	0	0

#	Mesh	0	End


COMPONENTFINISH

COMPONENT 6424=IfcBeam
#	Mesh	0	Begin

#	Vertex	14

-8.40459e+006	2.15681e+006	-18940
-8.40459e+006	2.15581e+006	-18940
-8.40459e+006	2.15581e+006	-17640
-8.40459e+006	2.15681e+006	-17640
-8.40352e+006	2.15581e+006	-16640
-8.40359e+006	2.15606e+006	-16640
-8.40359e+006	2.15581e+006	-16640
-8.40352e+006	2.15581e+006	-18940
-8.40359e+006	2.15581e+006	-17640
-8.40367e+006	2.15681e+006	-18940
-8.40382e+006	2.15677e+006	-18940
-8.40367e+006	2.15681e+006	-17640
-8.40382e+006	2.15677e+006	-17640
-8.40359e+006	2.15606e+006	-17640

#	Triangle	9
3	1	2	0	1	3	5	8	6	13	8	5
6	4	5	12	8	13	12	2	8	3	12	11	3	2	12
4	8	7	8	1	7	8	2	1	4	6	8
1	10	7	10	0	9	1	0	10
11	0	3	9	0	11
12	7	10
12	13	7
13	4	7	5	4	13
12	9	11	10	9	12

#	Normal	9
1	-0	0
0	0	-1
0	1	-0
0	0	1
0	-1	0
-0.953922	-0.300054	0
-0.954018	-0.299748	-0.00024686
-0.953642	-0.300944	0
-0.300122	0.953901	0

#	Mesh	0	End


COMPONENTFINISH

COMPONENT 66781=IfcBuildingElementProxy
#	Mesh	0	Begin

#	Vertex	8

-8.20699e+006	2.15846e+006	-7520
-8.20699e+006	2.15866e+006	-7520
-8.20839e+006	2.15866e+006	-7520
-8.20839e+006	2.15846e+006	-7520
-8.20699e+006	2.15846e+006	-7420
-8.20699e+006	2.15866e+006	-7420
-8.20839e+006	2.15866e+006	-7420
-8.20839e+006	2.15846e+006	-7420

#	Triangle	6
3	4	7	0	4	3
0	5	4	1	5	0
1	6	5	2	6	1
2	7	6	3	7	2
3	1	0	2	1	3
4	6	7	5	6	4

#	Normal	6
-0	1	0
-1	0	0
-0	-1	-0
1	0	0
0	-0	1
0	0	-1

#	Mesh	0	End


COMPONENTFINISH

COMPONENT 6855=IfcSlab
#	Mesh	0	Begin

#	Vertex	330

-8.38854e+006	2.15876e+006	-17240
-8.32874e+006	2.15876e+006	-17240
-8.32874e+006	2.16516e+006	-17240
-8.38854e+006	2.16516e+006	-17240
-8.38854e+006	2.15876e+006	-16040
-8.32874e+006	2.15876e+006	-16040
-8.32874e+006	2.16516e+006	-16040
-8.38854e+006	2.16516e+006	-16040
-8.14334e+006	2.14396e+006	-17240
-8.10804e+006	2.14396e+006	-17240
-8.10804e+006	2.15426e+006	-17240
-8.12385e+006	2.15426e+006	-17240
-8.13151e+006	2.15116e+006	-17240
-8.13151e+006	2.15116e+006	-17240
-8.2249e+006	2.15116e+006	-17240
-8.23154e+006	2.15426e+006	-17240
-8.23154e+006	2.15426e+006	-17240
-8.26484e+006	2.15426e+006	-17240
-8.2715e+006	2.15285e+006	-17240
-8.2715e+006	2.15286e+006	-17240
-8.27282e+006	2.15286e+006	-17240
-8.27949e+006	2.15125e+006	-17240
-8.27949e+006	2.15127e+006	-17240
-8.27949e+006	2.15126e+006	-17240
-8.28082e+006	2.15126e+006	-17240
-8.28744e+006	2.14916e+006	-17240
-8.28744e+006	2.14916e+006	-17240
-8.29564e+006	2.14916e+006	-17240
-8.29564e+006	2.14446e+006	-17240
-8.14734e+006	2.14446e+006	-17240
-8.14334e+006	2.14396e+006	-16040
-8.10804e+006	2.14396e+006	-16040
-8.10804e+006	2.15426e+006	-16040
-8.12385e+006	2.15426e+006	-16040
-8.13151e+006	2.15116e+006	-16040
-8.13151e+006	2.15116e+006	-16040
-8.2249e+006	2.15116e+006	-16040
-8.23154e+006	2.15426e+006	-16040
-8.23154e+006	2.15426e+006	-16040
-8.26484e+006	2.15426e+006	-16040
-8.2715e+006	2.15285e+006	-16040
-8.2715e+006	2.15286e+006	-16040
-8.27282e+006	2.15286e+006	-16040
-8.27949e+006	2.15125e+006	-16040
-8.27949e+006	2.15127e+006	-16040
-8.27949e+006	2.15126e+006	-16040
-8.28082e+006	2.15126e+006	-16040
-8.28744e+006	2.14916e+006	-16040
-8.28744e+006	2.14916e+006	-16040
-8.29564e+006	2.14916e+006	-16040
-8.29564e+006	2.14446e+006	-16040
-8.14734e+006	2.14446e+006	-16040
-8.21634e+006	2.16516e+006	-17240
-8.29564e+006	2.16516e+006	-17240
-8.29564e+006	2.15878e+006	-17240
-8.28678e+006	2.159e+006	-17240
-8.28675e+006	2.158e+006	-17240
-8.29564e+006	2.15778e+006	-17240
-8.29564e+006	2.15016e+006	-17240
-8.28757e+006	2.15016e+006	-17240
-8.28094e+006	2.15227e+006	-17240
-8.28094e+006	2.15226e+006	-17240
-8.27955e+006	2.15226e+006	-17240
-8.27289e+006	2.15388e+006	-17240
-8.27288e+006	2.15386e+006	-17240
-8.27154e+006	2.15386e+006	-17240
-8.26494e+006	2.15526e+006	-17240
-8.26494e+006	2.15526e+006	-17240
-8.23147e+006	2.15526e+006	-17240
-8.23147e+006	2.15526e+006	-17240
-8.22499e+006	2.15604e+006	-17240
-8.22499e+006	2.15606e+006	-17240
-8.22361e+006	2.15606e+006	-17240
-8.22361e+006	2.15606e+006	-17240
-8.21708e+006	2.1566e+006	-17240
-8.21708e+006	2.15661e+006	-17240
-8.21561e+006	2.15661e+006	-17240
-8.20894e+006	2.15696e+006	-17240
-8.20894e+006	2.15696e+006	-17240
-8.20881e+006	2.15696e+006	-17240
-8.20879e+006	2.15696e+006	-17240
-8.20879e+006	2.15696e+006	-17240
-8.20773e+006	2.15696e+006	-17240
-8.20773e+006	2.15696e+006	-17240
-8.20079e+006	2.15736e+006	-17240
-8.20079e+006	2.15736e+006	-17240
-8.13153e+006	2.15736e+006	-17240
-8.12388e+006	2.15526e+006	-17240
-8.10804e+006	2.15526e+006	-17240
-8.10804e+006	2.16566e+006	-17240
-8.21119e+006	2.16566e+006	-17240
-8.27139e+006	2.15981e+006	-17240
-8.27279e+006	2.15981e+006	-17240
-8.27279e+006	2.15981e+006	-17240
-8.27281e+006	2.15981e+006	-17240
-8.27282e+006	2.15981e+006	-17240
-8.27282e+006	2.15981e+006	-17240
-8.2796e+006	2.15926e+006	-17240
-8.2796e+006	2.15926e+006	-17240
-8.28085e+006	2.15926e+006	-17240
-8.28085e+006	2.15926e+006	-17240
-8.28677e+006	2.159e+006	-17240
-8.28672e+006	2.158e+006	-17240
-8.2808e+006	2.15826e+006	-17240
-8.2808e+006	2.15826e+006	-17240
-8.27951e+006	2.15826e+006	-17240
-8.27951e+006	2.15827e+006	-17240
-8.27277e+006	2.15881e+006	-17240
-8.27139e+006	2.15881e+006	-17240
-8.21634e+006	2.16516e+006	-16040
-8.29564e+006	2.16516e+006	-16040
-8.29564e+006	2.15878e+006	-16040
-8.28678e+006	2.159e+006	-16040
-8.28675e+006	2.158e+006	-16040
-8.29564e+006	2.15778e+006	-16040
-8.29564e+006	2.15016e+006	-16040
-8.28757e+006	2.15016e+006	-16040
-8.28094e+006	2.15227e+006	-16040
-8.28094e+006	2.15226e+006	-16040
-8.27955e+006	2.15226e+006	-16040
-8.27289e+006	2.15388e+006	-16040
-8.27288e+006	2.15386e+006	-16040
-8.27154e+006	2.15386e+006	-16040
-8.26494e+006	2.15526e+006	-16040
-8.26494e+006	2.15526e+006	-16040
-8.23147e+006	2.15526e+006	-16040
-8.23147e+006	2.15526e+006	-16040
-8.22499e+006	2.15604e+006	-16040
-8.22499e+006	2.15606e+006	-16040
-8.22361e+006	2.15606e+006	-16040
-8.22361e+006	2.15606e+006	-16040
-8.21708e+006	2.1566e+006	-16040
-8.21708e+006	2.15661e+006	-16040
-8.21561e+006	2.15661e+006	-16040
-8.20894e+006	2.15696e+006	-16040
-8.20894e+006	2.15696e+006	-16040
-8.20881e+006	2.15696e+006	-16040
-8.20879e+006	2.15696e+006	-16040
-8.20879e+006	2.15696e+006	-16040
-8.20773e+006	2.15696e+006	-16040
-8.20773e+006	2.15696e+006	-16040
-8.20079e+006	2.15736e+006	-16040
-8.20079e+006	2.15736e+006	-16040
-8.13153e+006	2.15736e+006	-16040
-8.12388e+006	2.15526e+006	-16040
-8.10804e+006	2.15526e+006	-16040
-8.10804e+006	2.16566e+006	-16040
-8.21119e+006	2.16566e+006	-16040
-8.27139e+006	2.15981e+006	-16040
-8.27279e+006	2.15981e+006	-16040
-8.27279e+006	2.15981e+006	-16040
-8.27281e+006	2.15981e+006	-16040
-8.27282e+006	2.15981e+006	-16040
-8.27282e+006	2.15981e+006	-16040
-8.2796e+006	2.15926e+006	-16040
-8.2796e+006	2.15926e+006	-16040
-8.28085e+006	2.15926e+006	-16040
-8.28085e+006	2.15926e+006	-16040
-8.28677e+006	2.159e+006	-16040
-8.28672e+006	2.158e+006	-16040
-8.2808e+006	2.15826e+006	-16040
-8.2808e+006	2.15826e+006	-16040
-8.27951e+006	2.15826e+006	-16040
-8.27951e+006	2.15827e+006	-16040
-8.27277e+006	2.15881e+006	-16040
-8.27139e+006	2.15881e+006	-16040
-8.32019e+006	2.14446e+006	-17240
-8.29674e+006	2.14446e+006	-17240
-8.29674e+006	2.14916e+006	-17240
-8.29694e+006	2.14916e+006	-17240
-8.29694e+006	2.15016e+006	-17240
-8.29674e+006	2.15016e+006	-17240
-8.29674e+006	2.15776e+006	-17240
-8.32764e+006	2.15776e+006	-17240
-8.32764e+006	2.15769e+006	-17240
-8.3277e+006	2.15769e+006	-17240
-8.32966e+006	2.15126e+006	-17240
-8.32954e+006	2.15126e+006	-17240
-8.32954e+006	2.15026e+006	-17240
-8.32974e+006	2.15026e+006	-17240
-8.32974e+006	2.14424e+006	-17240
-8.32619e+006	2.14424e+006	-17240
-8.32019e+006	2.14446e+006	-16040
-8.29674e+006	2.14446e+006	-16040
-8.29674e+006	2.14916e+006	-16040
-8.29694e+006	2.14916e+006	-16040
-8.29694e+006	2.15016e+006	-16040
-8.29674e+006	2.15016e+006	-16040
-8.29674e+006	2.15776e+006	-16040
-8.32764e+006	2.15776e+006	-16040
-8.32764e+006	2.15769e+006	-16040
-8.3277e+006	2.15769e+006	-16040
-8.32966e+006	2.15126e+006	-16040
-8.32954e+006	2.15126e+006	-16040
-8.32954e+006	2.15026e+006	-16040
-8.32974e+006	2.15026e+006	-16040
-8.32974e+006	2.14424e+006	-16040
-8.32619e+006	2.14424e+006	-16040
-8.36269e+006	2.14424e+006	-17240
-8.33084e+006	2.14424e+006	-17240
-8.33084e+006	2.15026e+006	-17240
-8.33095e+006	2.15026e+006	-17240
-8.33095e+006	2.15026e+006	-17240
-8.33613e+006	2.14977e+006	-17240
-8.33613e+006	2.14977e+006	-17240
-8.33615e+006	2.14976e+006	-17240
-8.33623e+006	2.14976e+006	-17240
-8.33623e+006	2.14976e+006	-17240
-8.34411e+006	2.14925e+006	-17240
-8.34411e+006	2.14925e+006	-17240
-8.34417e+006	2.14925e+006	-17240
-8.34424e+006	2.14925e+006	-17240
-8.34424e+006	2.14925e+006	-17240
-8.35209e+006	2.14911e+006	-17240
-8.35209e+006	2.14911e+006	-17240
-8.35219e+006	2.14911e+006	-17240
-8.35223e+006	2.14911e+006	-17240
-8.35223e+006	2.14911e+006	-17240
-8.36811e+006	2.14906e+006	-17240
-8.36811e+006	2.14906e+006	-17240
-8.36841e+006	2.14906e+006	-17240
-8.36841e+006	2.14906e+006	-17240
-8.38854e+006	2.14906e+006	-17240
-8.38854e+006	2.14446e+006	-17240
-8.36819e+006	2.14446e+006	-17240
-8.36269e+006	2.14424e+006	-16040
-8.33084e+006	2.14424e+006	-16040
-8.33084e+006	2.15026e+006	-16040
-8.33095e+006	2.15026e+006	-16040
-8.33095e+006	2.15026e+006	-16040
-8.33613e+006	2.14977e+006	-16040
-8.33613e+006	2.14977e+006	-16040
-8.33615e+006	2.14976e+006	-16040
-8.33623e+006	2.14976e+006	-16040
-8.33623e+006	2.14976e+006	-16040
-8.34411e+006	2.14925e+006	-16040
-8.34411e+006	2.14925e+006	-16040
-8.34417e+006	2.14925e+006	-16040
-8.34424e+006	2.14925e+006	-16040
-8.34424e+006	2.14925e+006	-16040
-8.35209e+006	2.14911e+006	-16040
-8.35209e+006	2.14911e+006	-16040
-8.35219e+006	2.14911e+006	-16040
-8.35223e+006	2.14911e+006	-16040
-8.35223e+006	2.14911e+006	-16040
-8.36811e+006	2.14906e+006	-16040
-8.36811e+006	2.14906e+006	-16040
-8.36841e+006	2.14906e+006	-16040
-8.36841e+006	2.14906e+006	-16040
-8.38854e+006	2.14906e+006	-16040
-8.38854e+006	2.14446e+006	-16040
-8.36819e+006	2.14446e+006	-16040
-8.33095e+006	2.15127e+006	-17240
-8.33095e+006	2.15126e+006	-17240
-8.33081e+006	2.15126e+006	-17240
-8.32883e+006	2.15776e+006	-17240
-8.38854e+006	2.15776e+006	-17240
-8.38854e+006	2.15006e+006	-17240
-8.3682e+006	2.15006e+006	-17240
-8.36079e+006	2.15011e+006	-17240
-8.36079e+006	2.15011e+006	-17240
-8.3602e+006	2.15011e+006	-17240
-8.35958e+006	2.15012e+006	-17240
-8.35958e+006	2.15011e+006	-17240
-8.3522e+006	2.15011e+006	-17240
-8.34421e+006	2.15025e+006	-17240
-8.33623e+006	2.15076e+006	-17240
-8.33095e+006	2.15127e+006	-16040
-8.33095e+006	2.15126e+006	-16040
-8.33081e+006	2.15126e+006	-16040
-8.32883e+006	2.15776e+006	-16040
-8.38854e+006	2.15776e+006	-16040
-8.38854e+006	2.15006e+006	-16040
-8.3682e+006	2.15006e+006	-16040
-8.36079e+006	2.15011e+006	-16040
-8.36079e+006	2.15011e+006	-16040
-8.3602e+006	2.15011e+006	-16040
-8.35958e+006	2.15012e+006	-16040
-8.35958e+006	2.15011e+006	-16040
-8.3522e+006	2.15011e+006	-16040
-8.34421e+006	2.15025e+006	-16040
-8.33623e+006	2.15076e+006	-16040
-8.29674e+006	2.16516e+006	-17240
-8.32764e+006	2.16516e+006	-17240
-8.32764e+006	2.15876e+006	-17240
-8.29674e+006	2.15876e+006	-17240
-8.29674e+006	2.16516e+006	-16040
-8.32764e+006	2.16516e+006	-16040
-8.32764e+006	2.15876e+006	-16040
-8.29674e+006	2.15876e+006	-16040
-8.21696e+006	2.1556e+006	-17240
-8.2235e+006	2.15507e+006	-17240
-8.2235e+006	2.15506e+006	-17240
-8.22486e+006	2.15506e+006	-17240
-8.22485e+006	2.15505e+006	-17240
-8.22964e+006	2.15448e+006	-17240
-8.22468e+006	2.15216e+006	-17240
-8.13169e+006	2.15216e+006	-17240
-8.1255e+006	2.15467e+006	-17240
-8.13166e+006	2.15636e+006	-17240
-8.20078e+006	2.15636e+006	-17240
-8.20801e+006	2.15594e+006	-17240
-8.20801e+006	2.15596e+006	-17240
-8.20878e+006	2.15596e+006	-17240
-8.2155e+006	2.15562e+006	-17240
-8.2155e+006	2.15561e+006	-17240
-8.21558e+006	2.15561e+006	-17240
-8.21559e+006	2.15561e+006	-17240
-8.21559e+006	2.15561e+006	-17240
-8.21696e+006	2.15561e+006	-17240
-8.21696e+006	2.1556e+006	-16040
-8.2235e+006	2.15507e+006	-16040
-8.2235e+006	2.15506e+006	-16040
-8.22486e+006	2.15506e+006	-16040
-8.22485e+006	2.15505e+006	-16040
-8.22964e+006	2.15448e+006	-16040
-8.22468e+006	2.15216e+006	-16040
-8.13169e+006	2.15216e+006	-16040
-8.1255e+006	2.15467e+006	-16040
-8.13166e+006	2.15636e+006	-16040
-8.20078e+006	2.15636e+006	-16040
-8.20801e+006	2.15594e+006	-16040
-8.20801e+006	2.15596e+006	-16040
-8.20878e+006	2.15596e+006	-16040
-8.2155e+006	2.15562e+006	-16040
-8.2155e+006	2.15561e+006	-16040
-8.21558e+006	2.15561e+006	-16040
-8.21559e+006	2.15561e+006	-16040
-8.21559e+006	2.15561e+006	-16040
-8.21696e+006	2.15561e+006	-16040

#	Triangle	73
3	4	7	0	4	3	22	45	44	23	45	22	27	50	49	28	50	27	108	148	91	165	148	108	92	150	93	149	150	92	103	161	104	160	161	103	105	163	106	162	163	105	53	111	110	54	111	53	57	115	114	58	115	57	80	138	137	81	138	80	82	140	139	83	140	82	84	142	141	85	142	84	173	190	189	174	190	173	177	194	193	178	194	177	179	196	195	180	196	179	203	231	230	204	231	203	208	236	235	209	236	208	213	241	240	214	241	213	218	246	245	219	246	218	222	250	249	223	250	222	256	272	271	257	272	256	283	288	287	284	288	283	291	312	311	292	312	291	304	325	324	305	325	304
0	5	4	1	5	0	8	31	30	9	31	8	28	51	50	29	51	28	91	149	92	148	149	91	94	152	95	151	152	94	98	156	99	155	156	98	58	116	115	59	116	58	61	119	118	62	119	61	64	122	121	65	122	64	67	125	124	68	125	67	71	129	128	72	129	71	75	133	132	76	133	75	78	136	135	79	136	78	81	139	138	82	139	81	85	143	142	86	143	85	87	145	144	88	145	87	166	183	182	167	183	166	170	187	186	171	187	170	176	193	192	177	193	176	180	197	196	181	197	180	198	226	225	199	226	198	223	251	250	224	251	223	253	269	268	254	269	253	257	273	272	258	273	257	260	276	275	261	276	260	263	279	278	264	279	263	284	289	288	285	289	284	296	317	316	297	317	296
1	6	5	2	6	1	9	32	31	10	32	9	95	153	96	152	153	95	97	155	98	154	155	97	99	157	100	156	157	99	68	126	125	69	126	68	70	128	127	71	128	70	72	130	129	73	130	72	74	132	131	75	132	74	77	135	134	78	135	77	88	146	145	89	146	88	167	184	183	168	184	167	169	186	185	170	186	169	171	188	187	172	188	171	199	227	226	200	227	199	201	229	228	202	229	201	216	244	243	217	244	216	220	248	247	221	248	220	259	275	274	260	275	259	285	286	289	282	286	285	307	328	327	308	328	307
2	7	6	3	7	2	10	33	32	11	33	10	13	36	35	14	36	13	16	39	38	17	39	16	19	42	41	20	42	19	23	46	45	24	46	23	26	49	48	27	49	26	104	162	105	161	162	104	107	165	108	164	165	107	52	110	109	53	110	52	89	147	146	90	147	89	168	185	184	169	185	168	172	189	188	173	189	172	174	191	190	175	191	174	178	195	194	179	195	178	200	228	227	201	228	200	214	242	241	215	242	214	221	249	248	222	249	221	255	271	270	256	271	255	282	287	286	283	287	282	292	313	312	293	313	292	299	320	319	300	320	299	302	323	322	303	323	302	305	326	325	306	326	305	308	329	328	309	329	308
3	1	0	2	1	3	26	28	27	26	25	28	25	29	28	24	29	25	23	21	24	21	29	24	21	23	22	20	29	21	19	18	20	18	29	20	17	29	18	16	15	17	15	14	17	14	29	17	13	29	14	13	8	29	13	12	8	12	9	8	11	9	12	10	9	11	87	89	88	87	86	89	86	90	89	85	84	86	84	90	86	83	82	84	82	90	84	81	80	82	80	90	82	79	90	80	78	90	79	76	78	77	76	90	78	76	52	90	75	52	76	75	53	52	73	75	74	73	53	75	71	73	72	71	53	73	69	71	70	69	53	71	67	69	68	67	66	69	66	108	69	108	91	69	91	53	69	65	108	66	65	107	108	92	93	91	93	53	91	64	107	65	64	63	107	63	106	107	94	53	93	95	53	94	97	95	96	97	53	95	62	105	63	105	106	63	62	104	105	61	103	62	103	104	62	99	97	98	99	53	97	61	60	103	60	102	103	101	99	100	101	53	99	59	102	60	59	56	102	56	101	102	59	57	56	55	101	56	55	53	101	54	53	55	58	57	59	178	180	179	178	181	180	175	177	176	175	178	177	175	181	178	174	181	175	172	174	173	172	181	174	172	166	181	172	170	166	170	169	166	169	167	166	172	171	170	168	167	169	221	223	222	221	220	223	220	224	223	219	224	220	219	198	224	217	219	218	217	198	219	217	216	198	216	199	198	215	199	216	214	199	215	212	214	213	212	211	214	211	199	214	210	199	211	209	199	210	207	209	208	207	206	209	206	199	209	205	199	206	204	199	205	202	204	203	202	201	204	201	199	204	200	199	201	255	257	256	254	252	255	252	257	255	252	258	257	252	260	258	260	259	258	252	261	260	252	262	261	252	263	262	252	264	263	252	265	264	252	266	265	254	253	252	285	283	282	284	283	285	297	299	298	297	300	299	296	300	297	296	301	300	301	303	302	296	303	301	296	305	303	305	304	303	296	306	305	296	307	306	307	309	308	296	290	307	290	309	307	296	292	290	292	291	290	296	294	292	294	293	292	296	295	294
4	6	7	5	6	4	51	49	50	51	47	49	47	48	49	51	46	47	51	43	46	43	45	46	43	44	45	51	42	43	51	40	42	40	41	42	51	39	40	51	36	39	36	37	39	37	38	39	51	35	36	30	35	51	31	34	30	34	35	30	31	33	34	31	32	33	147	145	146	147	143	145	143	144	145	147	141	143	141	142	143	147	139	141	139	140	141	147	137	139	137	138	139	147	136	137	147	135	136	147	134	135	147	133	134	109	133	147	109	132	133	110	132	109	110	131	132	110	130	131	130	128	129	110	128	130	110	127	128	110	126	127	126	124	125	110	148	126	148	123	126	123	124	126	148	165	123	165	122	123	110	150	148	150	149	148	164	122	165	164	121	122	163	120	164	120	121	164	110	151	150	110	152	151	110	153	152	110	154	153	163	162	120	162	119	120	161	119	162	161	160	119	160	118	119	154	156	155	110	156	154	159	117	160	117	118	160	110	157	156	110	158	157	159	116	117	158	113	159	113	116	159	158	112	113	114	116	113	110	112	158	110	111	112	114	115	116	197	195	196	197	194	195	193	191	192	197	193	194	197	191	193	197	190	191	197	189	190	197	188	189	182	188	197	183	185	182	185	186	182	186	188	182	183	184	185	187	188	186	251	249	250	251	247	249	247	248	249	251	246	247	225	246	251	225	245	246	225	244	245	226	243	225	243	244	225	226	242	243	226	241	242	226	240	241	226	238	240	238	239	240	226	237	238	226	236	237	236	234	235	226	233	236	233	234	236	226	232	233	226	231	232	231	229	230	226	228	231	228	229	231	226	227	228	272	270	271	272	267	270	267	269	270	273	267	272	274	275	273	275	267	273	276	267	275	277	267	276	278	267	277	279	267	278	280	267	279	281	267	280	268	269	267	286	288	289	287	288	286	319	317	318	320	317	319	320	316	317	321	316	320	323	321	322	323	316	321	324	325	323	325	316	323	326	316	325	327	316	326	329	327	328	329	310	327	310	316	327	311	312	310	312	316	310	313	314	312	314	316	312	315	316	314
29	30	51	8	30	29
11	34	33	12	34	11
12	35	34	13	35	12
14	37	36	15	37	14
15	38	37	16	38	15
17	40	39	18	40	17
18	41	40	19	41	18
20	43	42	21	43	20
21	44	43	22	44	21
24	47	46	25	47	24
25	48	47	26	48	25
93	151	94	150	151	93
96	154	97	153	154	96
100	158	101	157	158	100
101	159	102	158	159	101
102	160	103	159	160	102
106	164	107	163	164	106
90	109	147	52	109	90
54	112	111	55	112	54
55	113	112	56	113	55
56	114	113	57	114	56
59	117	116	60	117	59
60	118	117	61	118	60
62	120	119	63	120	62
63	121	120	64	121	63
65	123	122	66	123	65
66	124	123	67	124	66
69	127	126	70	127	69
73	131	130	74	131	73
76	134	133	77	134	76
79	137	136	80	137	79
83	141	140	84	141	83
86	144	143	87	144	86
181	182	197	166	182	181
175	192	191	176	192	175
224	225	251	198	225	224
202	230	229	203	230	202
204	232	231	205	232	204
205	233	232	206	233	205
206	234	233	207	234	206
207	235	234	208	235	207
209	237	236	210	237	209
210	238	237	211	238	210
211	239	238	212	239	211
212	240	239	213	240	212
215	243	242	216	243	215
217	245	244	218	245	217
219	247	246	220	247	219
266	267	281	252	267	266
252	268	267	253	268	252
254	270	269	255	270	254
258	274	273	259	274	258
261	277	276	262	277	261
262	278	277	263	278	262
264	280	279	265	280	264
265	281	280	266	281	265
309	310	329	290	310	309
290	311	310	291	311	290
293	314	313	294	314	293
294	315	314	295	315	294
295	316	315	296	316	295
297	318	317	298	318	297
298	319	318	299	319	298
300	321	320	301	321	300
301	322	321	302	322	301
303	324	323	304	324	303
306	327	326	307	327	306

#	Normal	73
1	0	0
-0	1	0
-1	0	0
-0	-1	-0
0	0	1
0	0	-1
0.124035	0.992278	0
0.375582	-0.926789	0
-0.928477	-0.371391	-0
-0.422513	-0.906357	-0
-0.913812	0.406138	0
0.207812	-0.978169	0
-0.977016	-0.213167	-0
0.235287	-0.971926	0
-0.972909	-0.231186	-0
0.303224	-0.952919	0
-0.941742	-0.336336	-0
-0.0758677	0.997118	0
-0.0806035	0.996746	0
-0.0440872	0.999028	0
-0.999031	-0.0440014	0
0.0440612	-0.999029	0
0.0805915	-0.996747	0
0.096633	-0.99532	0
-0.0250049	0.999687	0
0.999687	0.0249984	0
0.0249908	-0.999688	0
-0.303213	0.952923	0
0.94635	0.323144	0
-0.235292	0.971925	0
0.971136	0.238525	0
-0.207793	0.978173	0
0.976187	0.21693	0
-0.119431	0.992843	0
-0.0813264	0.996688	0
-0.0513729	0.99868	0
-0.0464614	0.99892	0
-0.0587178	0.998275	0
0.264717	0.964326	0
-0.036642	0.999328	0
0.956671	-0.291172	0
0.039968	0.999201	0
0.0957271	-0.995408	0
0.0598923	-0.998205	0
0.0958302	-0.995398	0
-0.980581	-0.196116	-0
0.0640311	-0.997948	0
0.0156231	-0.999878	0
0.0657489	-0.997836	0
-0.988372	-0.152057	-0
0.0171236	-0.999853	0
0.0172388	-0.999851	0
0.00311849	-0.999995	0
0.00495862	-0.999988	0
-0.0957088	0.995409	0
0.997268	0.0738717	0
-0.956685	0.291126	0
-0.00624608	0.99998	0
-0.00607768	0.999982	0
0.991228	0.132164	0
-0.0170942	0.999854	0
-0.0640248	0.997948	0
0.995275	0.0971	0
0.0813489	-0.996686	0
0.99083	0.135113	0
0.119441	-0.992841	0
0.422493	0.906366	0
-0.375562	0.926797	0
-0.264716	-0.964326	-0
0.058724	-0.998274	0
-0.99824	-0.0593014	-0
0.0513982	-0.998678	0
0.0623783	-0.998053	0

#	Mesh	0	End


COMPONENTFINISH

COMPONENT 686=IfcColumn
#	Mesh	0	Begin

#	Vertex	8

-8.37579e+006	2.14971e+006	-16040
-8.37579e+006	2.14921e+006	-16040
-8.37459e+006	2.14921e+006	-16040
-8.37459e+006	2.14971e+006	-16040
-8.37579e+006	2.14971e+006	-9620
-8.37579e+006	2.14921e+006	-9620
-8.37459e+006	2.14921e+006	-9620
-8.37459e+006	2.14971e+006	-9620

#	Triangle	6
3	4	7	0	4	3
0	5	4	1	5	0
1	6	5	2	6	1
2	7	6	3	7	2
3	1	0	2	1	3
4	6	7	5	6	4

#	Normal	6
-0	-1	-0
1	0	0
-0	1	0
-1	0	0
-0	0	1
-0	-0	-1

#	Mesh	0	End


COMPONENTFINISH

COMPONENT 6950=IfcSlab
#	Mesh	0	Begin

#	Vertex	40

-8.39747e+006	2.15876e+006	-18940
-8.38989e+006	2.15876e+006	-18940
-8.38989e+006	2.16516e+006	-18940
-8.40459e+006	2.16516e+006	-18940
-8.40459e+006	2.15681e+006	-18940
-8.40367e+006	2.15681e+006	-18940
-8.39747e+006	2.15876e+006	-18940
-8.39747e+006	2.15875e+006	-18940
-8.39747e+006	2.15876e+006	-17640
-8.38989e+006	2.15876e+006	-17640
-8.38989e+006	2.16516e+006	-17640
-8.40459e+006	2.16516e+006	-17640
-8.40459e+006	2.15681e+006	-17640
-8.40367e+006	2.15681e+006	-17640
-8.39747e+006	2.15876e+006	-17640
-8.39747e+006	2.15875e+006	-17640
-8.38929e+006	2.14206e+006	-18940
-8.38929e+006	2.14446e+006	-18940
-8.38989e+006	2.14446e+006	-18940
-8.38989e+006	2.15776e+006	-18940
-8.39732e+006	2.15776e+006	-18940
-8.40352e+006	2.15581e+006	-18940
-8.40459e+006	2.15581e+006	-18940
-8.40459e+006	2.14996e+006	-18940
-8.38991e+006	2.14996e+006	-18940
-8.38991e+006	2.14896e+006	-18940
-8.40459e+006	2.14896e+006	-18940
-8.40459e+006	2.14206e+006	-18940
-8.38929e+006	2.14206e+006	-17640
-8.38929e+006	2.14446e+006	-17640
-8.38989e+006	2.14446e+006	-17640
-8.38989e+006	2.15776e+006	-17640
-8.39732e+006	2.15776e+006	-17640
-8.40352e+006	2.15581e+006	-17640
-8.40459e+006	2.15581e+006	-17640
-8.40459e+006	2.14996e+006	-17640
-8.38991e+006	2.14996e+006	-17640
-8.38991e+006	2.14896e+006	-17640
-8.40459e+006	2.14896e+006	-17640
-8.40459e+006	2.14206e+006	-17640

#	Triangle	9
7	8	15	0	8	7	1	10	9	2	10	1	16	29	28	17	29	16	18	31	30	19	31	18
0	9	8	1	9	0	4	13	12	5	13	4	27	28	39	16	28	27	23	36	35	24	36	23
2	11	10	3	11	2	17	30	29	18	30	17	19	32	31	20	32	19	21	34	33	22	34	21	25	38	37	26	38	25
3	12	11	4	12	3	22	35	34	23	35	22	24	37	36	25	37	24	26	39	38	27	39	26
5	14	13	6	14	5
6	15	14	7	15	6
3	5	4	3	6	5	6	0	7	3	0	6	3	1	0	3	2	1	26	16	27	26	18	16	18	17	16	26	25	18	25	19	18	24	19	25	22	24	23	22	21	24	21	19	24	20	19	21
14	12	13	14	11	12	8	14	15	10	8	9	10	14	8	10	11	14	29	39	28	29	30	39	30	38	39	31	37	30	37	38	30	31	36	37	31	35	36	31	33	35	33	34	35	31	32	33
20	33	32	21	33	20

#	Normal	9
-1	0	0
-0	1	0
-0	-1	-0
1	0	0
-0.300027	0.953931	0
0.948683	0.316228	0
0	0	1
0	0	-1
0.300027	-0.953931	0

#	Mesh	0	End


COMPONENTFINISH

COMPONENT 7198=IfcBeam
#	Mesh	0	Begin

#	Vertex	46

-8.38854e+006	2.14446e+006	-16040
-8.38989e+006	2.14446e+006	-16040
-8.38989e+006	2.14446e+006	-17640
-8.38989e+006	2.14446e+006	-18940
-8.38929e+006	2.14446e+006	-18940
-8.38854e+006	2.14446e+006	-18940
-8.38854e+006	2.16516e+006	-16040
-8.38854e+006	2.16516e+006	-18940
-8.38989e+006	2.16516e+006	-18940
-8.38989e+006	2.16516e+006	-16040
-8.38854e+006	2.14906e+006	-16040
-8.38854e+006	2.15006e+006	-16040
-8.38854e+006	2.15776e+006	-16040
-8.38989e+006	2.15776e+006	-16040
-8.38989e+006	2.15006e+006	-16040
-8.38989e+006	2.14971e+006	-16040
-8.38869e+006	2.14971e+006	-16040
-8.38869e+006	2.14921e+006	-16040
-8.38989e+006	2.14921e+006	-16040
-8.38989e+006	2.14906e+006	-16040
-8.38989e+006	2.14921e+006	-17640
-8.38989e+006	2.14971e+006	-17640
-8.38989e+006	2.15776e+006	-17640
-8.38989e+006	2.15776e+006	-18940
-8.38986e+006	2.15776e+006	-18940
-8.38986e+006	2.15876e+006	-18940
-8.38989e+006	2.15876e+006	-18940
-8.38989e+006	2.16516e+006	-18940
-8.38854e+006	2.16516e+006	-16040
-8.38854e+006	2.15876e+006	-16040
-8.38854e+006	2.15876e+006	-17240
-8.38854e+006	2.15776e+006	-17240
-8.38986e+006	2.15776e+006	-17240
-8.38986e+006	2.15876e+006	-17240
-8.38874e+006	2.15856e+006	-17240
-8.38874e+006	2.15796e+006	-17240
-8.38984e+006	2.15796e+006	-17240
-8.38984e+006	2.15856e+006	-17240
-8.38989e+006	2.15876e+006	-16040
-8.38989e+006	2.15876e+006	-17640
-8.38869e+006	2.14921e+006	-17640
-8.38869e+006	2.14971e+006	-17640
-8.38874e+006	2.15796e+006	-17640
-8.38874e+006	2.15856e+006	-17640
-8.38984e+006	2.15856e+006	-17640
-8.38984e+006	2.15796e+006	-17640

#	Triangle	6
0	4	5	0	3	4	0	2	3	0	1	2	33	26	25	33	39	26	33	38	39	29	33	30	29	38	33	15	41	16	21	41	15	37	43	34	44	43	37
9	7	8	6	7	9	22	24	23	22	32	24	13	32	22	13	31	32	13	12	31	17	20	18	40	20	17	35	45	36	42	45	35
10	1	0	10	19	1	11	17	10	17	19	10	17	18	19	11	16	17	11	15	16	11	14	15	12	14	11	12	13	14	30	35	31	35	32	31	35	36	32	36	33	32	30	34	35	37	33	36	30	37	34	30	33	37	28	38	29	28	9	38	6	9	28	20	41	21	40	41	20	45	43	44	42	43	45
2	23	3	2	20	23	20	21	23	21	22	23	1	20	2	1	19	20	19	18	20	15	22	21	15	14	22	14	13	22	25	32	33	24	32	25	39	27	26	39	8	27	39	9	8	38	9	39	16	40	17	41	40	16	34	42	35	43	42	34
23	4	3	23	5	4	23	24	5	24	7	5	25	7	24	27	25	26	27	7	25	8	7	27
6	30	7	30	5	7	30	31	5	31	0	5	6	28	30	28	29	30	12	11	31	11	10	31	10	0	31	36	44	37	45	44	36

#	Normal	6
0	1	-0
0	-1	0
0	0	-1
1	0	0
0	0	1
-1	0	0

#	Mesh	0	End


COMPONENTFINISH

COMPONENT 7337=IfcBeam
#	Mesh	0	Begin

#	Vertex	16

-8.38991e+006	2.14896e+006	-16640
-8.38991e+006	2.14896e+006	-17640
-8.38991e+006	2.14896e+006	-18940
-8.38991e+006	2.14996e+006	-18940
-8.38991e+006	2.14996e+006	-17640
-8.38991e+006	2.14996e+006	-17240
-8.38991e+006	2.14906e+006	-17240
-8.38991e+006	2.14906e+006	-16640
-8.40459e+006	2.14996e+006	-16640
-8.40459e+006	2.14996e+006	-18940
-8.40459e+006	2.14896e+006	-18940
-8.40459e+006	2.14896e+006	-16640
-8.38999e+006	2.14906e+006	-16640
-8.38999e+006	2.14996e+006	-16640
-8.38999e+006	2.14996e+006	-17240
-8.38999e+006	2.14906e+006	-17240

#	Triangle	6
4	2	3	4	1	2	5	1	4	5	6	1	6	0	1	7	0	6	13	15	14	12	15	13
11	9	10	8	9	11
12	0	7	12	11	0	8	12	13	8	11	12	5	15	6	14	15	5
1	10	2	1	11	10	0	11	1
9	2	10	3	2	9
8	3	9	8	4	3	8	14	4	14	5	4	8	13	14	6	12	7	15	12	6

#	Normal	6
-1	0	0
1	0	0
-0	-0	-1
0	1	-0
0	0	1
0	-1	0

#	Mesh	0	End


COMPONENTFINISH

COMPONENT 7594=IfcBeam
#	Mesh	0	Begin

#	Vertex	48

-8.36811e+006	2.14906e+006	-14940
-8.36811e+006	2.14906e+006	-16040
-8.36811e+006	2.14906e+006	-17240
-8.36811e+006	2.14906e+006	-17240
-8.36811e+006	2.14906e+006	-16040
-8.36811e+006	2.14906e+006	-14940
-8.3682e+006	2.14906e+006	-14940
-8.3682e+006	2.14906e+006	-16040
-8.3682e+006	2.14906e+006	-17240
-8.38999e+006	2.15006e+006	-14940
-8.38999e+006	2.15006e+006	-17240
-8.38999e+006	2.14996e+006	-17240
-8.38999e+006	2.14906e+006	-17240
-8.38999e+006	2.14906e+006	-16640
-8.38999e+006	2.14906e+006	-14940
-8.3682e+006	2.15006e+006	-14940
-8.3682e+006	2.15006e+006	-16040
-8.3682e+006	2.15006e+006	-17240
-8.38854e+006	2.15006e+006	-17240
-8.38854e+006	2.15006e+006	-16040
-8.38989e+006	2.15006e+006	-16040
-8.38989e+006	2.15006e+006	-17240
-8.38854e+006	2.14906e+006	-16040
-8.38989e+006	2.14906e+006	-16040
-8.38989e+006	2.14921e+006	-16040
-8.38869e+006	2.14921e+006	-16040
-8.38869e+006	2.14971e+006	-16040
-8.38989e+006	2.14971e+006	-16040
-8.38989e+006	2.14906e+006	-17240
-8.38989e+006	2.14971e+006	-14940
-8.38989e+006	2.14921e+006	-14940
-8.38854e+006	2.14906e+006	-17240
-8.38991e+006	2.14906e+006	-17240
-8.38869e+006	2.14921e+006	-14940
-8.38869e+006	2.14971e+006	-14940
-8.36879e+006	2.14971e+006	-16040
-8.36879e+006	2.14921e+006	-16040
-8.36841e+006	2.14921e+006	-16040
-8.36841e+006	2.14971e+006	-16040
-8.36879e+006	2.14921e+006	-14940
-8.36841e+006	2.14921e+006	-14940
-8.36879e+006	2.14971e+006	-14940
-8.36841e+006	2.14971e+006	-14940
-8.36841e+006	2.15006e+006	-17240
-8.36841e+006	2.15006e+006	-14940
-8.36841e+006	2.14906e+006	-14940
-8.36841e+006	2.14906e+006	-16040
-8.36841e+006	2.14906e+006	-17240

#	Triangle	12
4	2	3	4	1	2	5	1	4	5	0	1	21	23	28	21	24	23	21	30	24	21	27	30	27	29	30	21	20	27	39	35	41	36	35	39
6	0	5	38	36	37	35	36	38	45	30	14	30	9	14	30	29	9	29	44	9	44	15	9	45	33	30	34	44	29	45	34	33	45	39	34	39	41	34	41	44	34	45	40	39	42	44	41
1	8	2	1	7	8	0	7	1	0	6	7	34	27	26	29	27	34	42	35	38	41	35	42	46	31	47	46	22	31	23	32	28	23	12	32	23	13	12	23	14	13	45	22	46	45	23	22	45	14	23
8	3	2	19	27	20	19	26	27	25	23	24	25	22	23	19	25	26	19	22	25	21	11	10	21	12	11	21	32	12	21	28	32	17	43	18	43	31	18	43	47	31
7	3	8	7	4	3	6	4	7	6	5	4
13	11	12	13	10	11	13	9	10	14	9	13	31	19	18	22	19	31	26	33	34	25	33	26
9	21	10	9	20	21	19	17	18	19	16	17	9	19	20	9	16	19	9	15	16	30	25	24	33	25	30	37	39	40	36	39	37
44	38	43	44	42	38
38	47	43
38	37	47
37	46	47	40	46	37	40	45	46
16	43	17	16	44	43	15	44	16

#	Normal	12
-1	0	0
0	-0	-1
0	1	-0
0	-0	1
0.00558651	-0.999984	0
1	0	0
0	-1	0
-0.999974	-0.00717342	0
-0.999979	-0.00650963	0.000192785
-0.999982	-0.00599989	-8.33318e-005
-0.999978	-0.00666652	0
-0.00692824	0.999976	0

#	Mesh	0	End


COMPONENTFINISH

COMPONENT 7675=IfcBeam
#	Mesh	0	Begin

#	Vertex	16

-8.35958e+006	2.15012e+006	-17240
-8.3602e+006	2.15011e+006	-17240
-8.35958e+006	2.15011e+006	-17240
-8.35958e+006	2.15012e+006	-14940
-8.3602e+006	2.15011e+006	-14940
-8.35958e+006	2.15011e+006	-14940
-8.36841e+006	2.14906e+006	-17240
-8.3602e+006	2.14911e+006	-17240
-8.36079e+006	2.14911e+006	-17240
-8.36079e+006	2.15011e+006	-17240
-8.36841e+006	2.15006e+006	-17240
-8.36841e+006	2.14906e+006	-14940
-8.3602e+006	2.14911e+006	-14940
-8.36079e+006	2.14911e+006	-14940
-8.36079e+006	2.15011e+006	-14940
-8.36841e+006	2.15006e+006	-14940

#	Triangle	10
2	3	5	0	3	2
0	4	3	1	4	0
1	5	4	2	5	1
2	1	0	9	6	10	9	8	6	8	7	6
3	4	5	12	13	11	13	15	11	13	14	15
10	11	15	6	11	10
6	12	11	7	12	6
7	13	12	8	13	7
8	14	13	9	14	8
9	15	14	10	15	9

#	Normal	10
-0.991228	-0.132164	-0
0.00607768	-0.999982	0
-0	1	0
0	0	1
0	0	-1
0.999979	0.00649986	0
-0.00627042	0.99998	0
-0	-1	-0
-1	0	0
0.00626546	-0.99998	0

#	Mesh	0	End


COMPONENTFINISH

COMPONENT 773=IfcColumn
#	Mesh	0	Begin

#	Vertex	8

-8.36879e+006	2.14971e+006	-16040
-8.36879e+006	2.14921e+006	-16040
-8.36759e+006	2.14921e+006	-16040
-8.36759e+006	2.14971e+006	-16040
-8.36879e+006	2.14971e+006	-9620
-8.36879e+006	2.14921e+006	-9620
-8.36759e+006	2.14921e+006	-9620
-8.36759e+006	2.14971e+006	-9620

#	Triangle	6
3	4	7	0	4	3
0	5	4	1	5	0
1	6	5	2	6	1
2	7	6	3	7	2
3	1	0	2	1	3
4	6	7	5	6	4

#	Normal	6
-0	-1	-0
1	0	0
-0	1	0
-1	0	0
-0	0	1
-0	-0	-1

#	Mesh	0	End


COMPONENTFINISH

COMPONENT 7751=IfcBeam
#	Mesh	0	Begin

#	Vertex	18

-8.35209e+006	2.14911e+006	-17240
-8.35219e+006	2.14911e+006	-17240
-8.35209e+006	2.14911e+006	-17240
-8.35209e+006	2.14911e+006	-14940
-8.35219e+006	2.14911e+006	-14940
-8.35209e+006	2.14911e+006	-14940
-8.36079e+006	2.14911e+006	-17240
-8.3602e+006	2.14911e+006	-17240
-8.35223e+006	2.14911e+006	-17240
-8.35225e+006	2.15011e+006	-17240
-8.3522e+006	2.15011e+006	-17240
-8.36079e+006	2.15011e+006	-17240
-8.36079e+006	2.14911e+006	-14940
-8.3602e+006	2.14911e+006	-14940
-8.35223e+006	2.14911e+006	-14940
-8.35225e+006	2.15011e+006	-14940
-8.3522e+006	2.15011e+006	-14940
-8.36079e+006	2.15011e+006	-14940

#	Triangle	9
2	3	5	0	3	2
0	4	3	1	4	0
1	5	4	2	5	1	6	13	12	7	13	6	7	14	13	8	14	7
2	1	0	10	9	11	9	6	11	9	7	6	9	8	7
3	4	5	13	17	12	13	15	17	15	16	17	14	15	13
11	12	17	6	12	11
8	15	14	9	15	8
9	16	15	10	16	9
10	17	16	11	17	10

#	Normal	9
-1	0	0
0.0153828	-0.999882	0
-0	1	0
0	0	1
0	0	-1
1	0	0
-0.999855	-0.0170146	-0
-0.0194138	0.999812	0
-0	-1	-0

#	Mesh	0	End


COMPONENTFINISH

COMPONENT 7831=IfcBeam
#	Mesh	0	Begin

#	Vertex	18

-8.34411e+006	2.14925e+006	-17240
-8.34417e+006	2.14925e+006	-17240
-8.34411e+006	2.14925e+006	-17240
-8.34411e+006	2.14925e+006	-14940
-8.34417e+006	2.14925e+006	-14940
-8.34411e+006	2.14925e+006	-14940
-8.35223e+006	2.14911e+006	-17240
-8.35219e+006	2.14911e+006	-17240
-8.34424e+006	2.14925e+006	-17240
-8.3443e+006	2.15024e+006	-17240
-8.34421e+006	2.15025e+006	-17240
-8.35225e+006	2.15011e+006	-17240
-8.35223e+006	2.14911e+006	-14940
-8.35219e+006	2.14911e+006	-14940
-8.34424e+006	2.14925e+006	-14940
-8.3443e+006	2.15024e+006	-14940
-8.34421e+006	2.15025e+006	-14940
-8.35225e+006	2.15011e+006	-14940

#	Triangle	11
2	3	5	0	3	2
0	4	3	1	4	0
1	5	4	2	5	1
2	1	0	10	9	11	9	6	11	9	7	6	9	8	7
3	4	5	13	17	12	13	15	17	15	16	17	14	15	13
11	12	17	6	12	11
6	13	12	7	13	6
7	14	13	8	14	7
8	15	14	9	15	8
9	16	15	10	16	9
10	17	16	11	17	10

#	Normal	11
-1	0	0
0.0623783	-0.998053	0
-0.0156231	0.999878	0
0	0	1
-0	0	-1
0.999855	0.0170018	0
-0.0172388	0.999851	0
-0.0171023	0.999854	0
-0.997937	-0.064205	-0
-0.0652019	0.997872	0
0.0171091	-0.999854	0

#	Mesh	0	End


COMPONENTFINISH

COMPONENT 7911=IfcBeam
#	Mesh	0	Begin

#	Vertex	18

-8.33613e+006	2.14977e+006	-17240
-8.33615e+006	2.14976e+006	-17240
-8.33613e+006	2.14977e+006	-17240
-8.33613e+006	2.14977e+006	-14940
-8.33615e+006	2.14976e+006	-14940
-8.33613e+006	2.14977e+006	-14940
-8.34424e+006	2.14925e+006	-17240
-8.34417e+006	2.14925e+006	-17240
-8.33623e+006	2.14976e+006	-17240
-8.33633e+006	2.15075e+006	-17240
-8.33623e+006	2.15076e+006	-17240
-8.3443e+006	2.15024e+006	-17240
-8.34424e+006	2.14925e+006	-14940
-8.34417e+006	2.14925e+006	-14940
-8.33623e+006	2.14976e+006	-14940
-8.33633e+006	2.15075e+006	-14940
-8.33623e+006	2.15076e+006	-14940
-8.3443e+006	2.15024e+006	-14940

#	Triangle	11
2	3	5	0	3	2
0	4	3	1	4	0
1	5	4	2	5	1
2	1	0	10	9	11	9	6	11	9	7	6	9	8	7
3	4	5	13	17	12	13	15	17	15	16	17	14	15	13
11	12	17	6	12	11
6	13	12	7	13	6
7	14	13	8	14	7
8	15	14	9	15	8
9	16	15	10	16	9
10	17	16	11	17	10

#	Normal	11
-1	0	0
0.0896377	-0.995974	0
-0.0598923	0.998205	0
0	0	1
-0	0	-1
0.997918	0.0644947	0
-0.0657489	0.997836	0
-0.0640178	0.997949	0
-0.995405	-0.0957554	-0
-0.097972	0.995189	0
0.0640376	-0.997947	0

#	Mesh	0	End


COMPONENTFINISH

COMPONENT 79655=IfcBuildingElementProxy
#	Mesh	0	Begin

#	Vertex	8

-8.20028e+006	2.14573e+006	-7520
-8.20008e+006	2.14573e+006	-7520
-8.20008e+006	2.14693e+006	-7520
-8.20028e+006	2.14693e+006	-7520
-8.20028e+006	2.14573e+006	-7420
-8.20008e+006	2.14573e+006	-7420
-8.20008e+006	2.14693e+006	-7420
-8.20028e+006	2.14693e+006	-7420

#	Triangle	6
3	4	7	0	4	3
0	5	4	1	5	0
1	6	5	2	6	1
2	7	6	3	7	2
3	1	0	2	1	3
4	6	7	5	6	4

#	Normal	6
1	0	0
-0	1	0
-1	0	0
-0	-1	-0
0	0	1
0	0	-1

#	Mesh	0	End


COMPONENTFINISH

COMPONENT 8035=IfcBeam
#	Mesh	0	Begin

#	Vertex	24

-8.33095e+006	2.15127e+006	-17240
-8.33095e+006	2.15127e+006	-16040
-8.33095e+006	2.15127e+006	-14940
-8.33095e+006	2.15126e+006	-14940
-8.33095e+006	2.15126e+006	-16040
-8.33095e+006	2.15126e+006	-17240
-8.33633e+006	2.15075e+006	-14940
-8.33633e+006	2.15075e+006	-17240
-8.33623e+006	2.14976e+006	-17240
-8.33623e+006	2.14976e+006	-17240
-8.33623e+006	2.14976e+006	-16040
-8.33623e+006	2.14976e+006	-14940
-8.33623e+006	2.14976e+006	-14940
-8.33615e+006	2.14976e+006	-14940
-8.33613e+006	2.14977e+006	-14940
-8.33095e+006	2.15026e+006	-14940
-8.33095e+006	2.15126e+006	-14940
-8.33623e+006	2.15076e+006	-14940
-8.33615e+006	2.14976e+006	-17240
-8.33613e+006	2.14977e+006	-17240
-8.33095e+006	2.15026e+006	-17240
-8.33095e+006	2.15026e+006	-16040
-8.33623e+006	2.15076e+006	-17240
-8.33095e+006	2.15126e+006	-17240

#	Triangle	21
1	5	0	1	4	5	2	4	1	2	3	4
10	8	9	11	12	10
10	7	8
10	6	7
12	6	10
17	16	2	16	3	2	17	15	16	17	14	15	17	13	14	6	13	17	6	12	13	12	11	13
21	19	20
21	18	19
21	9	18
21	10	9	15	10	21
15	14	10
14	13	10
13	11	10
23	0	5	23	22	0	20	22	23	19	22	20	18	22	19	18	7	22	9	8	18	8	7	18
6	22	7
6	0	22
6	1	0
6	17	1
17	2	1
16	20	23	16	21	20	16	15	21
4	23	5	4	16	23	3	16	4

#	Normal	21
-0.997268	-0.0738717	0
0.980581	0.196116	-0
0.995405	0.0957554	-0.000215262
0.99538	0.0960126	-0
0.995405	0.0957554	0.000234831
0	-0	-1
-0.0957271	0.995408	0
-0.0896062	0.995624	-0.0265168
-0.0958302	0.995398	0.000579618
-0.0956998	0.99541	0
-0.095727	0.995408	0.000131934
-0.0896377	0.995974	-0.000457243
-0.0958302	0.995398	0
0	0	1
0.097972	-0.995189	0
0.0957088	-0.995409	-9.58644e-005
0.0957494	-0.995405	0
0.0979661	-0.995129	0.0109767
0.0957088	-0.995409	0
-1	0	0
0	1	-0

#	Mesh	0	End


COMPONENTFINISH

COMPONENT 8203=IfcBeam
#	Mesh	0	Begin

#	Vertex	23

-8.32873e+006	2.15808e+006	-16040
-8.32768e+006	2.15776e+006	-16040
-8.32768e+006	2.15776e+006	-17440
-8.32873e+006	2.15808e+006	-17440
-8.33087e+006	2.15106e+006	-17240
-8.33087e+006	2.15106e+006	-17440
-8.33084e+006	2.15105e+006	-17440
-8.33084e+006	2.15105e+006	-17240
-8.32874e+006	2.15804e+006	-16040
-8.32883e+006	2.15776e+006	-16040
-8.33081e+006	2.15126e+006	-16040
-8.32966e+006	2.15126e+006	-16040
-8.3277e+006	2.15769e+006	-16040
-8.32966e+006	2.15126e+006	-17240
-8.32974e+006	2.15098e+006	-17240
-8.32974e+006	2.15098e+006	-17440
-8.3277e+006	2.15769e+006	-17440
-8.32974e+006	2.15106e+006	-17440
-8.33084e+006	2.15106e+006	-17440
-8.32874e+006	2.15804e+006	-17440
-8.33081e+006	2.15126e+006	-17240
-8.33084e+006	2.15106e+006	-17240
-8.32974e+006	2.15106e+006	-17240

#	Triangle	19
3	1	2	0	1	3
7	5	6	4	5	7
8	1	0	8	12	1	9	12	8	9	11	12	10	11	9	20	22	13	22	14	13	20	21	22	4	21	20	4	7	21
1	16	2
1	15	16
1	13	15
13	14	15
1	12	13
12	11	13
16	3	2	16	19	3	16	5	19	15	17	16	17	18	16	18	5	16	6	5	18
19	0	3	19	8	0
5	8	19
5	9	8
5	20	9
20	10	9
5	4	20
13	10	20	11	10	13	22	18	17	21	18	22
14	17	15	22	17	14
6	21	7	18	21	6

#	Normal	19
-0.291098	-0.956693	0
0.292219	0.956352	-0
0	-0	-1
-0.957642	0.287962	0
-0.956664	0.291194	-0.000180081
-0.956741	0.290938	0.00117659
-0.956509	0.291701	0
-0.957473	0.287911	0.0187742
-0.956671	0.291172	0
0	0	1
0.957654	-0.287922	0
0.956674	-0.29116	0
0.956429	-0.291936	0.00424386
0.956687	-0.291118	-4.91262e-005
0.956685	-0.291126	0
0.956674	-0.291162	0
0	1	0
1	0	0
-1	0	0

#	Mesh	0	End


COMPONENTFINISH

COMPONENT 8239=IfcBeam
#	Mesh	0	Begin

#	Vertex	8

-8.33095e+006	2.15026e+006	-14940
-8.33095e+006	2.15026e+006	-17240
-8.33095e+006	2.15126e+006	-17240
-8.33095e+006	2.15126e+006	-14940
-8.32954e+006	2.15026e+006	-14940
-8.32954e+006	2.15026e+006	-17240
-8.32954e+006	2.15126e+006	-17240
-8.32954e+006	2.15126e+006	-14940

#	Triangle	6
3	4	7	0	4	3
0	5	4	1	5	0
1	6	5	2	6	1
2	7	6	3	7	2
3	1	0	2	1	3
4	6	7	5	6	4

#	Normal	6
-0	-0	-1
0	1	0
0	-0	1
0	-1	0
1	-0	0
-1	-0	-0

#	Mesh	0	End


COMPONENTFINISH

COMPONENT 8274=IfcBeam
#	Mesh	0	Begin

#	Vertex	8

-8.33084e+006	2.15106e+006	-16040
-8.33084e+006	2.15106e+006	-17440
-8.32974e+006	2.15106e+006	-17440
-8.32974e+006	2.15106e+006	-16040
-8.33084e+006	2.14424e+006	-16040
-8.33084e+006	2.14424e+006	-17440
-8.32974e+006	2.14424e+006	-17440
-8.32974e+006	2.14424e+006	-16040

#	Triangle	6
3	4	7	0	4	3
0	5	4	1	5	0
1	6	5	2	6	1
2	7	6	3	7	2
3	1	0	2	1	3
4	6	7	5	6	4

#	Normal	6
0	0	-1
1	-0	0
0	0	1
-1	0	0
0	-1	0
0	1	0

#	Mesh	0	End


COMPONENTFINISH

COMPONENT 82940=IfcBuildingElementProxy
#	Mesh	0	Begin

#	Vertex	8

-8.38449e+006	2.16059e+006	-7520
-8.38329e+006	2.16059e+006	-7520
-8.38329e+006	2.16079e+006	-7520
-8.38449e+006	2.16079e+006	-7520
-8.38449e+006	2.16059e+006	-7420
-8.38329e+006	2.16059e+006	-7420
-8.38329e+006	2.16079e+006	-7420
-8.38449e+006	2.16079e+006	-7420

#	Triangle	6
3	4	7	0	4	3
0	5	4	1	5	0
1	6	5	2	6	1
2	7	6	3	7	2
3	1	0	2	1	3
4	6	7	5	6	4

#	Normal	6
1	0	0
-0	1	0
-1	0	0
-0	-1	-0
0	0	1
0	0	-1

#	Mesh	0	End


COMPONENTFINISH

COMPONENT 8405=IfcBeam
#	Mesh	0	Begin

#	Vertex	22

-8.32874e+006	2.16516e+006	-16040
-8.32764e+006	2.16516e+006	-16040
-8.32764e+006	2.16516e+006	-17440
-8.32874e+006	2.16516e+006	-17440
-8.32764e+006	2.15769e+006	-17440
-8.32764e+006	2.15769e+006	-17240
-8.32764e+006	2.15769e+006	-16040
-8.3277e+006	2.15769e+006	-16040
-8.3277e+006	2.15769e+006	-17240
-8.3277e+006	2.15769e+006	-17440
-8.32874e+006	2.15876e+006	-16040
-8.32874e+006	2.15856e+006	-16040
-8.32874e+006	2.15804e+006	-16040
-8.32873e+006	2.15808e+006	-16040
-8.32768e+006	2.15776e+006	-16040
-8.32764e+006	2.15776e+006	-16040
-8.32764e+006	2.15796e+006	-16040
-8.32764e+006	2.15856e+006	-16040
-8.32764e+006	2.15876e+006	-16040
-8.32768e+006	2.15776e+006	-17440
-8.32873e+006	2.15808e+006	-17440
-8.32874e+006	2.15804e+006	-17440

#	Triangle	9
3	1	2	0	1	3
5	9	4	5	8	9	6	8	5	6	7	8
10	1	0	10	18	1	11	18	10	11	17	18	12	13	11	13	17	11	13	16	17	14	16	13	14	15	16	14	6	15	7	6	14
1	4	2	1	5	4	1	18	5	18	17	5	17	16	5	16	15	5	15	6	5
4	3	2	4	19	3	19	20	3	20	21	3	4	9	19
12	3	21	12	11	3	11	10	3	10	0	3
20	14	13	19	14	20
21	13	12	20	13	21
8	19	9	8	14	19	7	14	8

#	Normal	9
0	-1	0
0	1	-0
0	0	-1
-1	0	0
0	0	1
1	0	0
0.291098	0.956693	0
-0.957654	0.287922	0
0.957642	-0.287962	0

#	Mesh	0	End


COMPONENTFINISH

COMPONENT 8440=IfcBeam
#	Mesh	0	Begin

#	Vertex	8

-8.29674e+006	2.16516e+006	-16040
-8.29674e+006	2.16516e+006	-17440
-8.29564e+006	2.16516e+006	-17440
-8.29564e+006	2.16516e+006	-16040
-8.29674e+006	2.14446e+006	-16040
-8.29674e+006	2.14446e+006	-17440
-8.29564e+006	2.14446e+006	-17440
-8.29564e+006	2.14446e+006	-16040

#	Triangle	6
3	4	7	0	4	3
0	5	4	1	5	0
1	6	5	2	6	1
2	7	6	3	7	2
3	1	0	2	1	3
4	6	7	5	6	4

#	Normal	6
0	0	-1
1	-0	0
0	0	1
-1	0	0
0	-1	0
0	1	0

#	Mesh	0	End


COMPONENTFINISH

COMPONENT 8502=IfcWallStandardCase
#	Mesh	0	Begin

#	Vertex	8

-8.38989e+006	2.16456e+006	-17640
-8.38989e+006	2.16516e+006	-17640
-8.40459e+006	2.16516e+006	-17640
-8.40459e+006	2.16456e+006	-17640
-8.38989e+006	2.16516e+006	-10020
-8.38989e+006	2.16456e+006	-10020
-8.40459e+006	2.16456e+006	-10020
-8.40459e+006	2.16516e+006	-10020

#	Triangle	6
0	4	5	1	4	0
1	7	4	2	7	1
2	6	7	3	6	2
3	5	6	0	5	3
0	2	1	3	2	0
4	6	5	7	6	4

#	Normal	6
-1	0	0
-0	-1	-0
1	0	0
-0	1	0
0	0	1
0	0	-1

#	Mesh	0	End


COMPONENTFINISH

COMPONENT 8576=IfcWallStandardCase
#	Mesh	0	Begin

#	Vertex	8

-8.38929e+006	2.14206e+006	-17640
-8.38929e+006	2.14266e+006	-17640
-8.40459e+006	2.14266e+006	-17640
-8.40459e+006	2.14206e+006	-17640
-8.38929e+006	2.14266e+006	-10820
-8.38929e+006	2.14206e+006	-10820
-8.40459e+006	2.14206e+006	-10820
-8.40459e+006	2.14266e+006	-10820

#	Triangle	6
0	4	5	1	4	0
1	7	4	2	7	1
2	6	7	3	6	2
3	5	6	0	5	3
0	2	1	3	2	0
4	6	5	7	6	4

#	Normal	6
-1	0	0
-0	-1	-0
1	0	0
-0	1	0
0	0	1
0	0	-1

#	Mesh	0	End


COMPONENTFINISH

COMPONENT 8792=IfcWall
#	Mesh	0	Begin

#	Vertex	34

-8.40459e+006	2.16456e+006	-17640
-8.40459e+006	2.15681e+006	-17640
-8.40459e+006	2.15681e+006	-10020
-8.40459e+006	2.16456e+006	-10020
-8.40399e+006	2.16456e+006	-17640
-8.40399e+006	2.15681e+006	-17640
-8.40399e+006	2.16456e+006	-10020
-8.40399e+006	2.15681e+006	-14720
-8.40399e+006	2.15681e+006	-14520
-8.40399e+006	2.15681e+006	-10020
-8.40459e+006	2.14981e+006	-17640
-8.40399e+006	2.14981e+006	-17640
-8.40399e+006	2.14981e+006	-10020
-8.40459e+006	2.14981e+006	-10020
-8.40399e+006	2.15581e+006	-17640
-8.40459e+006	2.15581e+006	-17640
-8.40459e+006	2.15581e+006	-10020
-8.40399e+006	2.15581e+006	-10020
-8.40399e+006	2.15581e+006	-14520
-8.40399e+006	2.15581e+006	-14720
-8.40399e+006	2.15551e+006	-10020
-8.40399e+006	2.15571e+006	-10020
-8.40399e+006	2.14266e+006	-17640
-8.40399e+006	2.14911e+006	-17640
-8.40399e+006	2.14911e+006	-10020
-8.40399e+006	2.14366e+006	-10020
-8.40399e+006	2.14366e+006	-10820
-8.40399e+006	2.14266e+006	-10820
-8.40459e+006	2.14266e+006	-17640
-8.40459e+006	2.14266e+006	-10820
-8.40459e+006	2.14911e+006	-17640
-8.40459e+006	2.14911e+006	-10020
-8.40459e+006	2.14366e+006	-10820
-8.40459e+006	2.14366e+006	-10020

#	Triangle	6
3	1	2	0	1	3	16	10	13	15	10	16	29	30	28	29	32	30	32	31	30	33	31	32
1	4	5	0	4	1	14	10	15	11	10	14	23	28	30	22	28	23
6	0	3	4	0	6	16	14	15	16	19	14	16	18	19	16	17	18	24	30	31	23	30	24
7	1	5	7	2	1	8	2	7	9	2	8	13	11	12	10	11	13	29	22	27	28	22	29	33	26	25	32	26	33
6	2	9	3	2	6	13	17	16	13	21	17	13	20	21	13	12	20	27	32	29	26	32	27	25	31	33	24	31	25
6	5	4	6	7	5	6	8	7	6	9	8	19	11	14	19	12	11	18	12	19	17	21	18	21	20	18	20	12	18	24	22	23	24	26	22	26	27	22	24	25	26

#	Normal	6
1	-0	0
0	-0	1
0	-1	0
0	1	-0
0	0	-1
-1	0	0

#	Mesh	0	End


COMPONENTFINISH

COMPONENT 8875=IfcWallStandardCase
#	Mesh	0	Begin

#	Vertex	12

-8.38989e+006	2.14266e+006	-17640
-8.38929e+006	2.14266e+006	-10820
-8.38929e+006	2.14266e+006	-17640
-8.38929e+006	2.14366e+006	-10820
-8.38929e+006	2.14366e+006	-10120
-8.38929e+006	2.14446e+006	-17640
-8.38989e+006	2.14446e+006	-17640
-8.38989e+006	2.14366e+006	-10820
-8.38989e+006	2.14266e+006	-10820
-8.38989e+006	2.14366e+006	-10120
-8.38989e+006	2.14446e+006	-10120
-8.38929e+006	2.14446e+006	-10120

#	Triangle	6
8	2	1	0	2	8	3	9	7	4	9	3
11	2	5	11	3	2	3	1	2	11	4	3
5	10	11	6	10	5
8	6	0	8	7	6	7	10	6	9	10	7
0	5	2	6	5	0
4	10	9	11	10	4	3	8	1	7	8	3

#	Normal	6
0	1	0
-1	0	0
-0	-1	-0
1	0	0
0	-0	1
0	0	-1

#	Mesh	0	End


COMPONENTFINISH

COMPONENT 9106=IfcWall
#	Mesh	0	Begin

#	Vertex	57

-8.21634e+006	2.16516e+006	-16040
-8.24349e+006	2.16516e+006	-16040
-8.27181e+006	2.16516e+006	-16040
-8.29564e+006	2.16516e+006	-16040
-8.29674e+006	2.16516e+006	-16040
-8.32764e+006	2.16516e+006	-16040
-8.32874e+006	2.16516e+006	-16040
-8.38854e+006	2.16516e+006	-16040
-8.38989e+006	2.16516e+006	-16040
-8.38989e+006	2.16516e+006	-10120
-8.38869e+006	2.16516e+006	-10120
-8.38869e+006	2.16516e+006	-10020
-8.27159e+006	2.16516e+006	-10020
-8.27159e+006	2.16516e+006	-10120
-8.24349e+006	2.16516e+006	-10120
-8.22479e+006	2.16516e+006	-10120
-8.22479e+006	2.16516e+006	-10020
-8.21634e+006	2.16516e+006	-10020
-8.38989e+006	2.16466e+006	-16040
-8.21632e+006	2.16466e+006	-16040
-8.21632e+006	2.16466e+006	-10020
-8.22479e+006	2.16466e+006	-10020
-8.22479e+006	2.16466e+006	-10120
-8.27159e+006	2.16466e+006	-10120
-8.27159e+006	2.16466e+006	-10020
-8.28389e+006	2.16466e+006	-10020
-8.28409e+006	2.16466e+006	-10020
-8.31829e+006	2.16466e+006	-10020
-8.31849e+006	2.16466e+006	-10020
-8.32579e+006	2.16466e+006	-10020
-8.32599e+006	2.16466e+006	-10020
-8.33099e+006	2.16466e+006	-10020
-8.33119e+006	2.16466e+006	-10020
-8.33629e+006	2.16466e+006	-10020
-8.33649e+006	2.16466e+006	-10020
-8.34109e+006	2.16466e+006	-10020
-8.34129e+006	2.16466e+006	-10020
-8.34482e+006	2.16466e+006	-10020
-8.34502e+006	2.16466e+006	-10020
-8.34754e+006	2.16466e+006	-10020
-8.34774e+006	2.16466e+006	-10020
-8.35354e+006	2.16466e+006	-10020
-8.35374e+006	2.16466e+006	-10020
-8.35494e+006	2.16466e+006	-10020
-8.35534e+006	2.16466e+006	-10020
-8.35554e+006	2.16466e+006	-10020
-8.36148e+006	2.16466e+006	-10020
-8.36168e+006	2.16466e+006	-10020
-8.36609e+006	2.16466e+006	-10020
-8.36629e+006	2.16466e+006	-10020
-8.37769e+006	2.16466e+006	-10020
-8.37789e+006	2.16466e+006	-10020
-8.38299e+006	2.16466e+006	-10020
-8.38319e+006	2.16466e+006	-10020
-8.38869e+006	2.16466e+006	-10020
-8.38869e+006	2.16466e+006	-10120
-8.38989e+006	2.16466e+006	-10120

#	Triangle	7
9	7	8	9	6	7	9	5	6	9	4	5	9	3	4	9	2	3	9	1	2	9	0	1	9	10	0	10	13	0	13	14	0	14	15	0	15	17	0	11	13	10	11	12	13	16	17	15
20	18	19	20	22	18	22	23	18	23	55	18	55	56	18	20	21	22	24	55	23	24	25	55	25	26	55	26	27	55	27	28	55	28	29	55	29	30	55	30	31	55	31	32	55	32	33	55	33	34	55	34	35	55	35	36	55	36	37	55	37	38	55	38	39	55	39	40	55	40	41	55	41	42	55	42	43	55	43	44	55	44	45	55	45	46	55	46	47	55	47	48	55	48	49	55	49	50	55	50	51	55	51	52	55	52	53	55	53	54	55
18	0	19	18	1	0	18	2	1	18	3	2	18	4	3	18	5	4	18	6	5	18	7	6	18	8	7
9	18	56	8	18	9	16	22	21	15	22	16	11	55	54	10	55	11
20	0	17	19	0	20
11	24	12	11	25	24	11	26	25	11	27	26	11	28	27	11	29	28	11	30	29	11	31	30	11	32	31	11	33	32	11	34	33	11	35	34	11	36	35	11	37	36	11	38	37	11	39	38	11	40	39	11	41	40	11	42	41	11	43	42	11	44	43	11	45	44	11	46	45	11	47	46	11	48	47	11	49	48	11	50	49	11	51	50	11	52	51	11	53	52	11	54	53	14	22	15	14	23	22	13	23	14	56	10	9	55	10	56	20	16	21	17	16	20
24	13	12	23	13	24

#	Normal	7
0	-1	0
0	1	-0
0	0	1
1	-0	0
-0.998802	-0.0489413	-0
-0	-0	-1
-1	-0	-0

#	Mesh	0	End


COMPONENTFINISH

COMPONENT 9171=IfcWallStandardCase
#	Mesh	0	Begin

#	Vertex	8

-8.21119e+006	2.16566e+006	-16040
-8.21634e+006	2.16516e+006	-16040
-8.21632e+006	2.16466e+006	-16040
-8.21117e+006	2.16516e+006	-16040
-8.21634e+006	2.16516e+006	-10020
-8.21119e+006	2.16566e+006	-10020
-8.21117e+006	2.16516e+006	-10020
-8.21632e+006	2.16466e+006	-10020

#	Triangle	6
0	4	5	1	4	0
1	7	4	2	7	1
2	6	7	3	6	2
3	5	6	0	5	3
0	2	1	3	2	0
4	6	5	7	6	4

#	Normal	6
0.096633	-0.99532	0
0.998802	0.0489413	0
-0.096633	0.99532	0
-0.998802	-0.0489413	-0
-0	0	1
0	-0	-1

#	Mesh	0	End


COMPONENTFINISH

COMPONENT 92576=IfcBuildingElementProxy
#	Mesh	0	Begin

#	Vertex	8

-8.32888e+006	2.14481e+006	-7520
-8.32658e+006	2.14481e+006	-7520
-8.32658e+006	2.14501e+006	-7520
-8.32888e+006	2.14501e+006	-7520
-8.32888e+006	2.14481e+006	-7420
-8.32658e+006	2.14481e+006	-7420
-8.32658e+006	2.14501e+006	-7420
-8.32888e+006	2.14501e+006	-7420

#	Triangle	6
3	4	7	0	4	3
0	5	4	1	5	0
1	6	5	2	6	1
2	7	6	3	7	2
3	1	0	2	1	3
4	6	7	5	6	4

#	Normal	6
1	0	0
-0	1	0
-1	0	0
-0	-1	-0
0	0	1
0	0	-1

#	Mesh	0	End


COMPONENTFINISH

COMPONENT 9275=IfcWallStandardCase
#	Mesh	0	Begin

#	Vertex	13

-8.10729e+006	2.16566e+006	-16040
-8.13189e+006	2.16566e+006	-10120
-8.13189e+006	2.16566e+006	-10020
-8.21119e+006	2.16566e+006	-16040
-8.21117e+006	2.16516e+006	-16040
-8.13189e+006	2.16516e+006	-10120
-8.10729e+006	2.16516e+006	-10120
-8.10729e+006	2.16516e+006	-16040
-8.10729e+006	2.16548e+006	-10120
-8.10729e+006	2.16566e+006	-10120
-8.13189e+006	2.16516e+006	-10020
-8.21117e+006	2.16516e+006	-10020
-8.21119e+006	2.16566e+006	-10020

#	Triangle	6
12	0	3	12	1	0	1	9	0	12	2	1
3	11	12	4	11	3
6	4	7	6	5	4	5	11	4	10	11	5
9	7	0	9	8	7	8	6	7	1	10	5	2	10	1
0	4	3	7	4	0
2	11	10	12	11	2	1	8	9	1	6	8	1	5	6

#	Normal	6
0	-1	0
0.998802	0.0489413	0
0	1	-0
-1	0	0
-0	0	1
0	0	-1

#	Mesh	0	End


COMPONENTFINISH

COMPONENT 9328=IfcWallStandardCase
#	Mesh	0	Begin

#	Vertex	8

-8.10729e+006	2.16706e+006	-17640
-8.10729e+006	2.16646e+006	-17640
-8.09309e+006	2.16646e+006	-17640
-8.09309e+006	2.16706e+006	-17640
-8.10729e+006	2.16646e+006	-10820
-8.10729e+006	2.16706e+006	-10820
-8.09309e+006	2.16706e+006	-10820
-8.09309e+006	2.16646e+006	-10820

#	Triangle	6
0	4	5	1	4	0
1	7	4	2	7	1
2	6	7	3	6	2
3	5	6	0	5	3
0	2	1	3	2	0
4	6	5	7	6	4

#	Normal	6
1	0	0
-0	1	0
-1	0	0
-0	-1	-0
0	0	1
0	0	-1

#	Mesh	0	End


COMPONENTFINISH

COMPONENT 9390=IfcSlab
#	Mesh	0	Begin

#	Vertex	24

-8.10729e+006	2.16706e+006	-18940
-8.10729e+006	2.16566e+006	-18940
-8.10669e+006	2.16566e+006	-18940
-8.10669e+006	2.15526e+006	-18940
-8.09309e+006	2.15526e+006	-18940
-8.09309e+006	2.16706e+006	-18940
-8.10729e+006	2.16706e+006	-17640
-8.10729e+006	2.16566e+006	-17640
-8.10669e+006	2.16566e+006	-17640
-8.10669e+006	2.15526e+006	-17640
-8.09309e+006	2.15526e+006	-17640
-8.09309e+006	2.16706e+006	-17640
-8.09309e+006	2.14246e+006	-18940
-8.09309e+006	2.15426e+006	-18940
-8.10669e+006	2.15426e+006	-18940
-8.10669e+006	2.14396e+006	-18940
-8.10729e+006	2.14396e+006	-18940
-8.10729e+006	2.14246e+006	-18940
-8.09309e+006	2.14246e+006	-17640
-8.09309e+006	2.15426e+006	-17640
-8.10669e+006	2.15426e+006	-17640
-8.10669e+006	2.14396e+006	-17640
-8.10729e+006	2.14396e+006	-17640
-8.10729e+006	2.14246e+006	-17640

#	Triangle	6
5	6	11	0	6	5	13	20	19	14	20	13	15	22	21	16	22	15
0	7	6	1	7	0	2	9	8	3	9	2	14	21	20	15	21	14	16	23	22	17	23	16
1	8	7	2	8	1	3	10	9	4	10	3	17	18	23	12	18	17
4	11	10	5	11	4	12	19	18	13	19	12
4	0	5	4	2	0	2	1	0	4	3	2	16	12	17	16	15	12	15	13	12	14	13	15
7	11	6	7	8	11	8	10	11	9	10	8	19	23	18	19	21	23	21	22	23	19	20	21

#	Normal	6
-0	-1	-0
1	0	0
-0	1	0
-1	0	0
0	0	1
0	0	-1

#	Mesh	0	End


COMPONENTFINISH

COMPONENT 947=IfcColumn
#	Mesh	0	Begin

#	Vertex	8

-8.35279e+006	2.14986e+006	-16040
-8.35279e+006	2.14936e+006	-16040
-8.35159e+006	2.14936e+006	-16040
-8.35159e+006	2.14986e+006	-16040
-8.35279e+006	2.14986e+006	-9620
-8.35279e+006	2.14936e+006	-9620
-8.35159e+006	2.14936e+006	-9620
-8.35159e+006	2.14986e+006	-9620

#	Triangle	6
3	4	7	0	4	3
0	5	4	1	5	0
1	6	5	2	6	1
2	7	6	3	7	2
3	1	0	2	1	3
4	6	7	5	6	4

#	Normal	6
-0	-1	-0
1	0	0
-0	1	0
-1	0	0
-0	0	1
-0	-0	-1

#	Mesh	0	End


COMPONENTFINISH

COMPONENT 9743=IfcWall
#	Mesh	0	Begin

#	Vertex	52

-8.09309e+006	2.14306e+006	-17640
-8.09309e+006	2.15081e+006	-17640
-8.09309e+006	2.15081e+006	-10120
-8.09309e+006	2.14406e+006	-10120
-8.09309e+006	2.14406e+006	-10820
-8.09309e+006	2.14306e+006	-10820
-8.09369e+006	2.14306e+006	-17640
-8.09369e+006	2.15081e+006	-17640
-8.09369e+006	2.14306e+006	-10820
-8.09369e+006	2.15081e+006	-14720
-8.09369e+006	2.15081e+006	-14520
-8.09369e+006	2.15081e+006	-10120
-8.09369e+006	2.14406e+006	-10820
-8.09369e+006	2.14406e+006	-10120
-8.09369e+006	2.16646e+006	-17640
-8.09369e+006	2.15871e+006	-17640
-8.09369e+006	2.15871e+006	-14720
-8.09369e+006	2.15871e+006	-14520
-8.09369e+006	2.15871e+006	-10120
-8.09369e+006	2.16546e+006	-10120
-8.09369e+006	2.16546e+006	-10820
-8.09369e+006	2.16646e+006	-10820
-8.09309e+006	2.16646e+006	-17640
-8.09309e+006	2.16646e+006	-10820
-8.09309e+006	2.15871e+006	-17640
-8.09309e+006	2.15871e+006	-10120
-8.09309e+006	2.16546e+006	-10820
-8.09309e+006	2.16546e+006	-10120
-8.09369e+006	2.15161e+006	-17640
-8.09309e+006	2.15161e+006	-17640
-8.09309e+006	2.15161e+006	-10120
-8.09369e+006	2.15161e+006	-10120
-8.09369e+006	2.15161e+006	-14520
-8.09369e+006	2.15161e+006	-14720
-8.09309e+006	2.15426e+006	-17640
-8.09369e+006	2.15426e+006	-17640
-8.09369e+006	2.15426e+006	-14720
-8.09369e+006	2.15426e+006	-14520
-8.09369e+006	2.15426e+006	-10120
-8.09309e+006	2.15426e+006	-10120
-8.09369e+006	2.15526e+006	-17640
-8.09309e+006	2.15526e+006	-17640
-8.09309e+006	2.15526e+006	-10120
-8.09369e+006	2.15526e+006	-10120
-8.09369e+006	2.15526e+006	-14520
-8.09369e+006	2.15526e+006	-14720
-8.09309e+006	2.15791e+006	-17640
-8.09369e+006	2.15791e+006	-17640
-8.09369e+006	2.15791e+006	-14720
-8.09369e+006	2.15791e+006	-14520
-8.09369e+006	2.15791e+006	-10120
-8.09309e+006	2.15791e+006	-10120

#	Triangle	6
2	0	1	2	4	0	4	5	0	2	3	4	23	24	22	23	26	24	26	25	24	27	25	26	30	34	39	29	34	30	42	46	51	41	46	42
1	6	7	0	6	1	15	22	24	14	22	15	34	28	35	29	28	34	46	40	47	41	40	46
8	0	5	6	0	8	13	4	3	12	4	13	25	15	24	25	16	15	25	17	16	25	18	17	30	28	29	30	33	28	30	32	33	30	31	32	42	40	41	42	45	40	42	44	45	42	43	44
9	1	7	9	2	1	10	2	9	11	2	10	23	14	21	22	14	23	27	20	19	26	20	27	36	34	35	36	39	34	37	39	36	38	39	37	48	46	47	48	51	46	49	51	48	50	51	49
5	12	8	4	12	5	3	11	13	2	11	3	21	26	23	20	26	21	19	25	27	18	25	19	31	39	38	30	39	31	43	51	50	42	51	43
8	7	6	8	9	7	8	10	9	8	12	10	12	11	10	13	11	12	16	14	15	16	21	14	17	21	16	18	20	17	20	21	17	18	19	20	33	35	28	33	36	35	32	36	33	32	37	36	31	37	32	31	38	37	45	47	40	45	48	47	44	48	45	44	49	48	43	49	44	43	50	49

#	Normal	6
-1	0	0
-0	0	1
0	1	0
0	-1	0
0	0	-1
1	0	0

#	Mesh	0	End


COMPONENTFINISH

COMPONENT 9826=IfcWallStandardCase
#	Mesh	0	Begin

#	Vertex	12

-8.10669e+006	2.14446e+006	-17640
-8.10729e+006	2.14446e+006	-17640
-8.10729e+006	2.14406e+006	-10820
-8.10729e+006	2.14306e+006	-10820
-8.10729e+006	2.14306e+006	-17640
-8.10669e+006	2.14306e+006	-10820
-8.10669e+006	2.14306e+006	-17640
-8.10669e+006	2.14406e+006	-10820
-8.10669e+006	2.14406e+006	-10120
-8.10729e+006	2.14406e+006	-10120
-8.10729e+006	2.14446e+006	-10120
-8.10669e+006	2.14446e+006	-10120

#	Triangle	6
0	10	11	1	10	0
3	1	4	3	2	1	2	10	1	9	10	2
3	6	5	4	6	3	7	9	2	8	9	7
11	6	0	11	7	6	7	5	6	11	8	7
0	4	1	6	4	0
8	10	9	11	10	8	5	2	3	7	2	5

#	Normal	6
-0	-1	-0
1	0	0
0	1	0
-1	0	0
-0	0	1
0	0	-1

#	Mesh	0	End


COMPONENTFINISH

COMPONENT 9861=IfcBeam
#	Mesh	0	Begin

#	Vertex	8

-8.24689e+006	2.15426e+006	-16040
-8.24689e+006	2.15426e+006	-18340
-8.24689e+006	2.15526e+006	-18340
-8.24689e+006	2.15526e+006	-16040
-8.23999e+006	2.15426e+006	-16040
-8.23999e+006	2.15426e+006	-18340
-8.23999e+006	2.15526e+006	-18340
-8.23999e+006	2.15526e+006	-16040

#	Triangle	6
3	4	7	0	4	3
0	5	4	1	5	0
1	6	5	2	6	1
2	7	6	3	7	2
3	1	0	2	1	3
4	6	7	5	6	4

#	Normal	6
-0	-0	-1
0	1	0
0	-0	1
0	-1	0
1	-0	0
-1	-0	-0

#	Mesh	0	End


COMPONENTFINISH

COMPONENT 9913=IfcBeam
#	Mesh	0	Begin

#	Vertex	12

-8.23139e+006	2.15426e+006	-14940
-8.23999e+006	2.15426e+006	-14940
-8.23999e+006	2.15526e+006	-14940
-8.23147e+006	2.15526e+006	-14940
-8.23139e+006	2.15459e+006	-14940
-8.23999e+006	2.15526e+006	-17240
-8.23147e+006	2.15526e+006	-17240
-8.23139e+006	2.15459e+006	-17240
-8.23999e+006	2.15426e+006	-17240
-8.23139e+006	2.15426e+006	-17240
-8.23154e+006	2.15426e+006	-17240
-8.23154e+006	2.15426e+006	-14940

#	Triangle	7
3	11	4	2	11	3	2	1	11
3	5	2	6	5	3
10	6	7	10	5	6	8	5	10
10	1	8	11	1	10
2	8	1	5	8	2
6	4	7	3	4	6
7	11	10	4	11	7

#	Normal	7
-0	0	-1
0	-1	0
0	0	1
0	1	0
1	-0	0
-0.992832	-0.119521	0
-0.905896	0.4235	0

#	Mesh	0	End


COMPONENTFINISH

COMPONENT 9948=IfcBeam
#	Mesh	0	Begin

#	Vertex	8

-8.24689e+006	2.15526e+006	-14940
-8.24689e+006	2.15526e+006	-17240
-8.24689e+006	2.15426e+006	-17240
-8.24689e+006	2.15426e+006	-14940
-8.26344e+006	2.15526e+006	-14940
-8.26344e+006	2.15526e+006	-17240
-8.26344e+006	2.15426e+006	-17240
-8.26344e+006	2.15426e+006	-14940

#	Triangle	6
3	4	7	0	4	3
0	5	4	1	5	0
1	6	5	2	6	1
2	7	6	3	7	2
3	1	0	2	1	3
4	6	7	5	6	4

#	Normal	6
0	0	-1
0	-1	0
-0	0	1
0	1	0
-1	-0	-0
1	-0	0

#	Mesh	0	End


COMPONENTFINISH

COMPONENT 9998=IfcBeam
#	Mesh	0	Begin

#	Vertex	16

-8.26344e+006	2.15526e+006	-14940
-8.26344e+006	2.15526e+006	-17240
-8.26344e+006	2.15426e+006	-17240
-8.26344e+006	2.15426e+006	-14940
-8.26344e+006	2.15446e+006	-14940
-8.26344e+006	2.15446e+006	-16040
-8.26344e+006	2.15506e+006	-16040
-8.26344e+006	2.15506e+006	-14940
-8.26494e+006	2.15526e+006	-14940
-8.26494e+006	2.15526e+006	-17240
-8.26494e+006	2.15426e+006	-17240
-8.26494e+006	2.15426e+006	-14940
-8.26494e+006	2.15446e+006	-14940
-8.26494e+006	2.15446e+006	-16040
-8.26494e+006	2.15506e+006	-16040
-8.26494e+006	2.15506e+006	-14940

#	Triangle	6
7	8	15	0	8	7	3	12	11	4	12	3	5	14	13	6	14	5
0	9	8	1	9	0	4	13	12	5	13	4
1	10	9	2	10	1
2	11	10	3	11	2	6	15	14	7	15	6
2	4	3	2	5	4	6	0	7	6	1	0	2	6	5	2	1	6
9	15	8	9	14	15	13	11	12	13	10	11	9	13	14	9	10	13

#	Normal	6
0	0	-1
0	-1	0
-0	0	1
0	1	0
-1	0	0
1	0	0

#	Mesh	0	End


COMPONENTFINISH

