#	Mesh	0	Begin

#	Vertex	28
60168.3	-6185.47	-100
60168.3	-6185.47	5230
61668.3	-6185.47	0
61668.3	-6185.47	2100
60168.3	-6185.47	2100
62168.3	-6185.47	5230
62168.3	-6185.47	-100
62063.3	-6185.47	4550
62063.3	-6185.47	3950
62168.3	-6032.97	5230
62168.3	-6032.97	-100
62063.3	-6032.97	3950
62063.3	-6032.97	-100
62063.3	-6032.97	5230
62063.3	-6032.97	4550
62063.3	-5880.47	5230
62063.3	-5880.47	-100
60168.3	-5880.47	5230
60168.3	-5880.47	-100
61668.3	-5880.47	2100
61668.3	-5880.47	0
60168.3	-5880.47	0
60168.3	-6185.47	0
60168.3	-5880.47	2100
62168.3	-6185.47	3950
62168.3	-6032.97	3950
62168.3	-6032.97	4550
62168.3	-6185.47	4550

#	Triangle	6
24	2	6	2	0	6	2	22	0	24	3	2	24	4	3	24	8	4	8	1	4	7	1	8	5	7	27	5	1	7
24	10	25	6	10	24	26	5	27	9	5	26	12	15	13	16	15	12	8	14	7	11	14	8
25	12	11	10	12	25	14	9	26	13	9	14	21	16	18	21	20	16	20	15	16	19	15	20	17	19	23	17	15	19
21	0	22	18	0	21	4	17	23	1	17	4	19	2	3	20	2	19
16	0	18	16	12	0	12	6	0	10	6	12	7	26	27	14	26	7	23	3	4	19	3	23
5	17	1	5	13	17	13	15	17	5	9	13	11	24	25	8	24	11	20	22	2	21	22	20

#	Normal	6
0	1	-0
-1	-0	-0
0	-1	0
1	-0	0
-0	0	1
0	0	-1

#	Mesh	0	End

