#	Mesh	0	Begin

#	Vertex	272
-87381.7	15764.5	-50
-87381.7	15764.5	5230
-87381.7	12064.5	5230
-87381.7	12064.5	-50
-87381.7	12114.5	-5.00222e-012
-87381.7	12114.5	2300
-87381.7	13914.5	2300
-87381.7	15714.5	2300
-87381.7	15714.5	-5.00222e-012
-87381.7	13914.5	-5.00222e-012
-87381.7	12492.3	3850
-87381.7	12192.3	3850
-87381.7	12192.3	4050
-87381.7	12492.3	4050
-87381.7	12792.3	4050
-87381.7	13092.3	4050
-87381.7	13092.3	3850
-87381.7	12792.3	3850
-87381.7	14413.5	4400
-87381.7	13713.5	4400
-87381.7	13713.5	4600
-87381.7	14413.5	4600
-87381.7	15467.4	3906.49
-87381.7	15455.3	3905.42
-87381.7	15443.1	3906.49
-87381.7	15431.4	3909.64
-87381.7	15420.3	3914.8
-87381.7	15410.3	3921.8
-87381.7	15401.7	3930.43
-87381.7	15394.7	3940.42
-87381.7	15389.5	3951.48
-87381.7	15386.4	3963.27
-87381.7	15385.3	3975.42
-87381.7	15386.4	3987.58
-87381.7	15389.5	3999.36
-87381.7	15394.7	4010.42
-87381.7	15401.7	4020.42
-87381.7	15410.3	4029.04
-87381.7	15420.3	4036.04
-87381.7	15431.4	4041.2
-87381.7	15443.1	4044.36
-87381.7	15455.3	4045.42
-87381.7	15467.4	4044.36
-87381.7	15479.2	4041.2
-87381.7	15490.3	4036.04
-87381.7	15500.3	4029.04
-87381.7	15508.9	4020.42
-87381.7	15515.9	4010.42
-87381.7	15521.1	3999.36
-87381.7	15524.2	3987.58
-87381.7	15525.3	3975.42
-87381.7	15524.2	3963.27
-87381.7	15521.1	3951.48
-87381.7	15515.9	3940.42
-87381.7	15508.9	3930.43
-87381.7	15500.3	3921.8
-87381.7	15490.3	3914.8
-87381.7	15479.2	3909.64
-87381.7	15193.7	3901.5
-87381.7	15181.5	3900.44
-87381.7	15169.4	3901.5
-87381.7	15157.6	3904.66
-87381.7	15146.5	3909.82
-87381.7	15136.5	3916.82
-87381.7	15127.9	3925.45
-87381.7	15120.9	3935.44
-87381.7	15115.7	3946.5
-87381.7	15112.6	3958.28
-87381.7	15111.5	3970.44
-87381.7	15112.6	3982.6
-87381.7	15115.7	3994.38
-87381.7	15120.9	4005.44
-87381.7	15127.9	4015.44
-87381.7	15136.5	4024.06
-87381.7	15146.5	4031.06
-87381.7	15157.6	4036.22
-87381.7	15169.4	4039.38
-87381.7	15181.5	4040.44
-87381.7	15193.7	4039.38
-87381.7	15205.5	4036.22
-87381.7	15216.5	4031.06
-87381.7	15226.5	4024.06
-87381.7	15235.1	4015.44
-87381.7	15242.1	4005.44
-87381.7	15247.3	3994.38
-87381.7	15250.5	3982.6
-87381.7	15251.5	3970.44
-87381.7	15250.5	3958.28
-87381.7	15247.3	3946.5
-87381.7	15242.1	3935.44
-87381.7	15235.1	3925.45
-87381.7	15226.5	3916.82
-87381.7	15216.5	3909.82
-87381.7	15205.5	3904.66
-87381.7	15013.6	3932.41
-87381.7	15007.1	3931.84
-87381.7	15000.6	3932.41
-87381.7	14994.3	3934.1
-87381.7	14988.4	3936.87
-87381.7	14983	3940.61
-87381.7	14978.4	3945.24
-87381.7	14974.7	3950.59
-87381.7	14971.9	3956.52
-87381.7	14970.2	3962.83
-87381.7	14969.6	3969.34
-87381.7	14970.2	3975.85
-87381.7	14971.9	3982.17
-87381.7	14974.7	3988.09
-87381.7	14978.4	3993.45
-87381.7	14983	3998.07
-87381.7	14988.4	4001.82
-87381.7	14994.3	4004.58
-87381.7	15000.6	4006.27
-87381.7	15007.1	4006.84
-87381.7	15013.6	4006.27
-87381.7	15020	4004.58
-87381.7	15025.9	4001.82
-87381.7	15031.2	3998.07
-87381.7	15035.9	3993.45
-87381.7	15039.6	3988.09
-87381.7	15042.4	3982.17
-87381.7	15044.1	3975.85
-87381.7	15044.6	3969.34
-87381.7	15044.1	3962.83
-87381.7	15042.4	3956.52
-87381.7	15039.6	3950.59
-87381.7	15035.9	3945.24
-87381.7	15031.2	3940.61
-87381.7	15025.9	3936.87
-87381.7	15020	3934.1
-87281.7	12064.5	5230
-87281.7	12064.5	-50
-87281.7	12114.5	5230
-87281.7	12114.5	-50
-87281.7	12114.5	-5.03064e-012
-87181.7	12114.5	-5.00222e-012
-87181.7	12114.5	-50
-87181.7	12114.5	5230
-87281.7	12114.5	2300
-87181.7	13914.5	-5.00222e-012
-87181.7	15714.5	-5.00222e-012
-87181.7	15714.5	-50
-87181.7	15714.5	5230
-87181.7	13914.5	2300
-87181.7	12114.5	2300
-87181.7	12192.3	3850
-87181.7	12492.3	3850
-87181.7	12792.3	3850
-87181.7	13092.3	3850
-87181.7	13092.3	4050
-87181.7	12792.3	4050
-87181.7	12492.3	4050
-87181.7	12192.3	4050
-87181.7	13713.5	4400
-87181.7	14413.5	4400
-87181.7	14413.5	4600
-87181.7	13713.5	4600
-87181.7	15455.3	3905.42
-87181.7	15467.4	3906.49
-87181.7	15479.2	3909.64
-87181.7	15490.3	3914.8
-87181.7	15500.3	3921.8
-87181.7	15508.9	3930.43
-87181.7	15515.9	3940.42
-87181.7	15521.1	3951.48
-87181.7	15524.2	3963.27
-87181.7	15525.3	3975.42
-87181.7	15524.2	3987.58
-87181.7	15521.1	3999.36
-87181.7	15515.9	4010.42
-87181.7	15508.9	4020.42
-87181.7	15500.3	4029.04
-87181.7	15490.3	4036.04
-87181.7	15479.2	4041.2
-87181.7	15467.4	4044.36
-87181.7	15455.3	4045.42
-87181.7	15443.1	4044.36
-87181.7	15431.4	4041.2
-87181.7	15420.3	4036.04
-87181.7	15410.3	4029.04
-87181.7	15401.7	4020.42
-87181.7	15394.7	4010.42
-87181.7	15389.5	3999.36
-87181.7	15386.4	3987.58
-87181.7	15385.3	3975.42
-87181.7	15386.4	3963.27
-87181.7	15389.5	3951.48
-87181.7	15394.7	3940.42
-87181.7	15401.7	3930.43
-87181.7	15410.3	3921.8
-87181.7	15420.3	3914.8
-87181.7	15431.4	3909.64
-87181.7	15443.1	3906.49
-87181.7	15181.5	3900.44
-87181.7	15193.7	3901.5
-87181.7	15205.5	3904.66
-87181.7	15216.5	3909.82
-87181.7	15226.5	3916.82
-87181.7	15235.1	3925.45
-87181.7	15242.1	3935.44
-87181.7	15247.3	3946.5
-87181.7	15250.5	3958.28
-87181.7	15251.5	3970.44
-87181.7	15250.5	3982.6
-87181.7	15247.3	3994.38
-87181.7	15242.1	4005.44
-87181.7	15235.1	4015.44
-87181.7	15226.5	4024.06
-87181.7	15216.5	4031.06
-87181.7	15205.5	4036.22
-87181.7	15193.7	4039.38
-87181.7	15181.5	4040.44
-87181.7	15169.4	4039.38
-87181.7	15157.6	4036.22
-87181.7	15146.5	4031.06
-87181.7	15136.5	4024.06
-87181.7	15127.9	4015.44
-87181.7	15120.9	4005.44
-87181.7	15115.7	3994.38
-87181.7	15112.6	3982.6
-87181.7	15111.5	3970.44
-87181.7	15112.6	3958.28
-87181.7	15115.7	3946.5
-87181.7	15120.9	3935.44
-87181.7	15127.9	3925.45
-87181.7	15136.5	3916.82
-87181.7	15146.5	3909.82
-87181.7	15157.6	3904.66
-87181.7	15169.4	3901.5
-87181.7	15007.1	3931.84
-87181.7	15013.6	3932.41
-87181.7	15020	3934.1
-87181.7	15025.9	3936.87
-87181.7	15031.2	3940.61
-87181.7	15035.9	3945.24
-87181.7	15039.6	3950.59
-87181.7	15042.4	3956.52
-87181.7	15044.1	3962.83
-87181.7	15044.6	3969.34
-87181.7	15044.1	3975.85
-87181.7	15042.4	3982.17
-87181.7	15039.6	3988.09
-87181.7	15035.9	3993.45
-87181.7	15031.2	3998.07
-87181.7	15025.9	4001.82
-87181.7	15020	4004.58
-87181.7	15013.6	4006.27
-87181.7	15007.1	4006.84
-87181.7	15000.6	4006.27
-87181.7	14994.3	4004.58
-87181.7	14988.4	4001.82
-87181.7	14983	3998.07
-87181.7	14978.4	3993.45
-87181.7	14974.7	3988.09
-87181.7	14971.9	3982.17
-87181.7	14970.2	3975.85
-87181.7	14969.6	3969.34
-87181.7	14970.2	3962.83
-87181.7	14971.9	3956.52
-87181.7	14974.7	3950.59
-87181.7	14978.4	3945.24
-87181.7	14983	3940.61
-87181.7	14988.4	3936.87
-87181.7	14994.3	3934.1
-87181.7	15000.6	3932.41
-87281.7	15714.5	5230
-87281.7	15714.5	-50
-87281.7	15714.5	-5.03064e-012
-87281.7	15714.5	2300
-87181.7	15714.5	2300
-87281.7	15764.5	5230
-87281.7	15764.5	-50

#	Triangle	85
2	4	3	4	0	3	4	9	0	9	8	0	8	1	0	2	5	4	7	1	8	2	11	5	11	6	5	11	7	6	11	10	7	10	17	7	17	16	7	16	59	7	59	58	7	58	93	7	93	23	7	23	22	7	22	57	7	57	56	7	56	55	7	55	54	7	54	53	7	53	52	7	52	51	7	51	1	7	2	12	11	15	59	16	15	60	59	15	61	60	15	62	61	92	23	93	92	24	23	92	25	24	92	26	25	15	63	62	91	26	92	91	27	26	15	95	63	95	64	63	90	27	91	90	28	27	95	65	64	89	28	90	89	29	28	15	96	95	94	65	95	15	97	96	129	65	94	15	98	97	128	65	129	128	66	65	88	29	89	15	99	98	127	66	128	88	30	29	15	100	99	126	66	127	15	101	100	125	66	126	125	67	66	87	30	88	15	102	101	124	67	125	87	31	30	15	103	102	123	67	124	123	68	67	86	31	87	15	104	103	122	68	123	86	32	31	50	1	51	15	105	104	121	68	122	121	69	68	85	32	86	85	33	32	49	1	50	15	106	105	120	69	121	15	107	106	119	69	120	119	70	69	84	33	85	84	34	33	48	1	49	15	108	107	118	70	119	15	109	108	117	70	118	117	71	70	83	34	84	15	110	109	116	71	117	83	35	34	47	1	48	15	111	110	115	71	116	15	112	111	114	71	115	114	72	71	82	35	83	15	113	112	113	72	114	15	72	113	82	36	35	46	1	47	15	73	72	81	36	82	81	37	36	45	1	46	15	74	73	80	37	81	80	38	37	44	1	45	15	75	74	79	38	80	79	39	38	43	1	44	15	76	75	78	39	79	15	77	76	77	39	78	15	39	77	15	40	39	42	1	43	15	41	40	41	1	42	15	18	41	18	1	41	2	13	12	2	14	13	2	15	14	2	19	15	19	18	15	2	20	19	21	1	18	2	21	20	2	1	21
3	130	2	131	130	3	134	136	135	133	136	134	144	132	138	137	132	144	16	149	15	148	149	16	8	268	7	267	268	8	18	155	21	154	155	18
131	132	130	133	132	131	140	136	141	140	139	136	139	135	136	142	165	269	165	164	269	164	163	269	163	162	269	162	161	269	161	160	269	160	159	269	159	158	269	158	157	269	157	195	269	195	194	269	194	193	269	193	143	269	193	144	143	193	148	144	148	147	144	147	146	144	146	145	144	145	137	144	193	149	148	152	137	145	228	149	193	227	149	228	157	196	195	226	149	227	192	196	157	191	196	192	190	196	191	190	197	196	225	149	226	189	197	190	189	198	197	224	229	225	229	149	225	188	198	189	188	199	198	223	229	224	187	199	188	223	230	229	264	149	229	223	231	230	263	149	264	223	232	231	262	149	263	187	200	199	222	232	223	222	233	232	261	149	262	186	200	187	222	234	233	260	149	261	222	235	234	259	149	260	186	201	200	221	235	222	221	236	235	258	149	259	185	201	186	221	237	236	257	149	258	185	202	201	220	237	221	220	238	237	256	149	257	142	166	165	184	202	185	220	239	238	255	149	256	184	203	202	219	239	220	142	167	166	183	203	184	219	240	239	254	149	255	219	241	240	253	149	254	183	204	203	218	241	219	142	168	167	182	204	183	218	242	241	252	149	253	218	243	242	251	149	252	182	205	204	217	243	218	217	244	243	250	149	251	142	169	168	181	205	182	217	245	244	249	149	250	217	246	245	248	149	249	181	206	205	216	246	217	216	247	246	247	149	248	216	149	247	142	170	169	180	206	181	180	207	206	215	149	216	142	171	170	179	207	180	179	208	207	214	149	215	142	172	171	178	208	179	178	209	208	213	149	214	142	173	172	177	209	178	177	210	209	212	149	213	177	211	210	211	149	212	177	149	211	142	174	173	176	149	177	142	175	174	175	149	176	142	154	175	154	149	175	154	150	149	154	151	150	154	152	151	154	153	152	153	137	152	142	155	154	156	137	153	142	156	155	142	137	156	266	270	265	271	270	266
140	266	267	141	266	140	268	142	269	265	142	268	271	1	270	0	1	271	12	145	11	152	145	12	5	134	4	138	134	5	20	153	19	156	153	20
266	0	271	266	3	0	136	266	141	136	133	266	133	3	266	131	3	133	13	152	12	151	152	13	15	150	14	149	150	15	14	151	13	150	151	14	143	5	6	144	5	143	269	6	7	143	6	269	21	156	20	155	156	21
2	270	1	2	265	270	2	142	265	2	132	142	132	137	142	2	130	132	11	146	10	145	146	11	17	148	16	147	148	17	10	147	17	146	147	10	135	9	4	139	9	135	139	8	9	140	8	139	19	154	18	153	154	19
23	158	22	157	158	23	59	194	58	193	194	59
22	159	57	158	159	22	58	195	93	194	195	58
57	160	56	159	160	57	93	196	92	195	196	93
56	161	55	160	161	56	92	197	91	196	197	92
55	162	54	161	162	55	91	198	90	197	198	91	127	234	126	233	234	127
54	163	53	162	163	54
53	164	52	163	164	53	89	200	88	199	200	89
52	165	51	164	165	52
51	166	50	165	166	51
50	167	49	166	167	50	86	203	85	202	203	86
49	168	48	167	168	49
48	169	47	168	169	48	84	205	83	204	205	84
47	170	46	169	170	47
46	171	45	170	171	46	82	207	81	206	207	82	118	243	117	242	243	118
45	172	44	171	172	45	81	208	80	207	208	81
44	173	43	172	173	44	80	209	79	208	209	80
43	174	42	173	174	43	79	210	78	209	210	79
42	175	41	174	175	42	78	211	77	210	211	78
41	176	40	175	176	41	77	212	76	211	212	77
40	177	39	176	177	40	76	213	75	212	213	76
39	178	38	177	178	39	75	214	74	213	214	75
38	179	37	178	179	38	74	215	73	214	215	74
37	180	36	179	180	37	73	216	72	215	216	73	109	252	108	251	252	109
36	181	35	180	181	36
35	182	34	181	182	35
34	183	33	182	183	34	70	219	69	218	219	70
33	184	32	183	184	33	69	220	68	219	220	69
32	185	31	184	185	32
31	186	30	185	186	31
30	187	29	186	187	30
29	188	28	187	188	29
28	189	27	188	189	28	64	225	63	224	225	64	100	261	99	260	261	100
27	190	26	189	190	27	63	226	62	225	226	63
26	191	25	190	191	26	62	227	61	226	227	62
25	192	24	191	192	25	61	228	60	227	228	61
24	157	23	192	157	24	60	193	59	228	193	60
90	199	89	198	199	90
88	201	87	200	201	88
87	202	86	201	202	87
85	204	84	203	204	85
83	206	82	205	206	83
72	217	71	216	217	72
71	218	70	217	218	71
68	221	67	220	221	68
67	222	66	221	222	67
66	223	65	222	223	66
65	224	64	223	224	65
95	230	94	229	230	95
94	231	129	230	231	94
129	232	128	231	232	129
128	233	127	232	233	128
126	235	125	234	235	126
125	236	124	235	236	125
124	237	123	236	237	124
123	238	122	237	238	123
122	239	121	238	239	122
121	240	120	239	240	121
120	241	119	240	241	120
119	242	118	241	242	119
117	244	116	243	244	117
116	245	115	244	245	116
115	246	114	245	246	115
114	247	113	246	247	114
113	248	112	247	248	113
112	249	111	248	249	112
111	250	110	249	250	111
110	251	109	250	251	110
108	253	107	252	253	108
107	254	106	253	254	107
106	255	105	254	255	106
105	256	104	255	256	105
104	257	103	256	257	104
103	258	102	257	258	103
102	259	101	258	259	102
101	260	100	259	260	101
99	262	98	261	262	99
98	263	97	262	263	98
97	264	96	263	264	97
96	229	95	264	229	96

#	Normal	85
1	0	0
-0	1	0
-1	0	0
0	-1	0
0	0	1
0	0	-1
0	0.087158	-0.996194
0	0.258809	-0.965928
0	0.42262	-0.906307
0	0.573583	-0.819147
0	0.707107	-0.707107
0	0.819138	-0.573597
0	0.906291	-0.422653
0	0.965942	-0.258758
0	0.996195	-0.0871563
-0	0.996194	0.087158
-0	0.965943	0.258753
-0	0.906291	0.422653
-0	0.819138	0.573597
-0	0.707107	0.707107
-0	0.573583	0.819147
-0	0.42262	0.906307
-0	0.258809	0.965928
-0	0.087158	0.996194
0	-0.087158	0.996194
0	-0.258809	0.965928
0	-0.42262	0.906307
0	-0.573583	0.819147
0	-0.707107	0.707107
0	-0.819176	0.573543
0	-0.906291	0.422653
0	-0.965923	0.258828
0	-0.996194	0.087158
0	-0.996195	-0.0871563
0	-0.965922	-0.258833
0	-0.906291	-0.422653
0	-0.819176	-0.573543
0	-0.707107	-0.707107
0	-0.573583	-0.819147
0	-0.42262	-0.906307
0	-0.258809	-0.965928
0	-0.087158	-0.996194
0	0.819176	-0.573543
0	0.965923	-0.258828
0	0.996194	-0.087158
-0	0.965923	0.258828
-0	0.819176	0.573543
0	-0.819138	0.573597
0	-0.906322	0.422588
0	-0.996194	-0.087158
0	-0.965923	-0.258828
0	-0.906322	-0.422588
0	-0.819138	-0.573597
0	0.0871373	-0.996196
0	0.258811	-0.965928
0	0.422634	-0.9063
0	0.573603	-0.819134
0	0.819169	-0.573553
0	0.9063	-0.422636
0	0.965904	-0.258899
0	0.9962	-0.0871002
-0	0.9962	0.0871002
-0	0.965904	0.258899
-0	0.9063	0.422636
-0	0.819169	0.573553
-0	0.573578	0.819151
-0	0.422665	0.906286
-0	0.258776	0.965937
-0	0.0871744	0.996193
0	-0.0871744	0.996193
0	-0.258776	0.965937
0	-0.422665	0.906286
0	-0.573578	0.819151
0	-0.819169	0.573553
0	-0.9063	0.422636
0	-0.965904	0.258899
0	-0.9962	0.0871002
0	-0.9962	-0.0871002
0	-0.965904	-0.258899
0	-0.9063	-0.422636
0	-0.819169	-0.573553
0	-0.573603	-0.819134
0	-0.422634	-0.9063
0	-0.258811	-0.965928
0	-0.0871373	-0.996196

#	Mesh	0	End

