#	Mesh	0	Begin

#	Vertex	20
-72031.7	34914.5	-50
-72031.7	34914.5	5230
-72031.7	34714.5	-5.00222e-012
-72031.7	34714.5	-50
-72031.7	34714.5	5230
-72031.7	34914.5	2300
-70231.7	34714.5	-5.00222e-012
-68431.7	34714.5	-5.00222e-012
-68431.7	34714.5	-50
-68431.7	34714.5	5230
-70231.7	34714.5	2300
-72031.7	34714.5	2300
-68431.7	34914.5	-5.00222e-012
-68431.7	34914.5	-50
-68431.7	34914.5	5230
-68431.7	34714.5	2300
-70231.7	34914.5	-5.00222e-012
-72031.7	34914.5	-5.00222e-012
-70231.7	34914.5	2300
-68431.7	34914.5	2300

#	Triangle	6
17	3	2	0	3	17	11	1	5	4	1	11
7	3	8	7	6	3	6	2	3	9	10	15	9	11	10	9	4	11
7	13	12	8	13	7	19	9	15	14	9	19
17	13	0	17	16	13	16	12	13	1	18	5	1	19	18	1	14	19
0	8	3	13	8	0	15	18	19	10	18	15	10	5	18	11	5	10
4	14	1	9	14	4	6	12	16	7	12	6	2	16	17	6	16	2

#	Normal	6
1	-0	0
0	1	-0
-1	-0	-0
0	-1	0
0	0	1
0	0	-1

#	Mesh	0	End

