#	Mesh	0	Begin

#	Vertex	560
-33781.7	11914.5	-50
-33781.7	11914.5	4750
-33781.7	12114.5	4750
-33781.7	12114.5	-50
-59531.7	12114.5	4750
-59531.7	12114.5	-50
-57731.7	12114.5	2100
-55931.7	12114.5	2100
-55931.7	12114.5	0
-57731.7	12114.5	0
-59531.7	12114.5	0
-36481.7	12114.5	3900
-37381.7	12114.5	3900
-54881.7	12114.5	2100
-53681.7	12114.5	2100
-53681.7	12114.5	200
-54881.7	12114.5	200
-52381.7	12114.5	2100
-51181.7	12114.5	2100
-51181.7	12114.5	200
-52381.7	12114.5	200
-49456.7	12114.5	2100
-48256.7	12114.5	2100
-48256.7	12114.5	200
-49456.7	12114.5	200
-44781.7	12114.5	0
-46581.7	12114.5	0
-46581.7	12114.5	2100
-44781.7	12114.5	2100
-42981.7	12114.5	2100
-41181.7	12114.5	2100
-39381.7	12114.5	2100
-39381.7	12114.5	0
-41181.7	12114.5	0
-42981.7	12114.5	0
-41552.2	12114.5	3412
-40552.2	12114.5	3412
-40552.2	12114.5	2888
-41552.2	12114.5	2888
-58391.7	12114.5	3412
-57391.7	12114.5	3412
-57391.7	12114.5	2888
-58391.7	12114.5	2888
-44594	12114.5	4050
-45944	12114.5	4050
-45944	12114.5	4550
-44594	12114.5	4550
-48512.3	12114.5	4150
-49212.3	12114.5	4150
-49212.3	12114.5	4350
-48512.3	12114.5	4350
-51531.7	12114.5	4150
-52031.7	12114.5	4150
-52031.7	12114.5	4350
-51531.7	12114.5	4350
-53697.8	12114.5	4100
-53997.8	12114.5	4100
-53997.8	12114.5	4300
-53697.8	12114.5	4300
-53397.8	12114.5	3850
-53697.8	12114.5	3850
-53697.8	12114.5	4050
-53397.8	12114.5	4050
-42088.1	12114.5	4568.5
-42093.6	12114.5	4568.98
-42098.9	12114.5	4570.4
-42103.9	12114.5	4572.72
-42108.3	12114.5	4575.87
-42112.2	12114.5	4579.75
-42115.4	12114.5	4584.25
-42117.7	12114.5	4589.23
-42119.1	12114.5	4594.53
-42119.6	12114.5	4600
-42119.1	12114.5	4605.47
-42117.7	12114.5	4610.77
-42115.4	12114.5	4615.75
-42112.2	12114.5	4620.25
-42108.3	12114.5	4624.13
-42103.9	12114.5	4627.28
-42098.9	12114.5	4629.6
-42093.6	12114.5	4631.02
-42088.1	12114.5	4631.5
-42082.6	12114.5	4631.02
-42077.3	12114.5	4629.6
-42072.4	12114.5	4627.28
-42067.9	12114.5	4624.13
-42064	12114.5	4620.25
-42060.8	12114.5	4615.75
-42058.5	12114.5	4610.77
-42057.1	12114.5	4605.47
-42056.6	12114.5	4600
-42057.1	12114.5	4594.53
-42058.5	12114.5	4589.23
-42060.8	12114.5	4584.25
-42064	12114.5	4579.75
-42067.9	12114.5	4575.87
-42072.4	12114.5	4572.72
-42077.3	12114.5	4570.4
-42082.6	12114.5	4568.98
-42271.2	12114.5	4575
-42275.5	12114.5	4575.38
-42279.7	12114.5	4576.51
-42283.7	12114.5	4578.35
-42287.3	12114.5	4580.85
-42290.3	12114.5	4583.93
-42292.8	12114.5	4587.5
-42294.7	12114.5	4591.45
-42295.8	12114.5	4595.66
-42296.2	12114.5	4600
-42295.8	12114.5	4604.34
-42294.7	12114.5	4608.55
-42292.8	12114.5	4612.5
-42290.3	12114.5	4616.07
-42287.3	12114.5	4619.15
-42283.7	12114.5	4621.65
-42279.7	12114.5	4623.49
-42275.5	12114.5	4624.62
-42271.2	12114.5	4625
-42266.8	12114.5	4624.62
-42262.6	12114.5	4623.49
-42258.7	12114.5	4621.65
-42255.1	12114.5	4619.15
-42252	12114.5	4616.07
-42249.5	12114.5	4612.5
-42247.7	12114.5	4608.55
-42246.6	12114.5	4604.34
-42246.2	12114.5	4600
-42246.6	12114.5	4595.66
-42247.7	12114.5	4591.45
-42249.5	12114.5	4587.5
-42252	12114.5	4583.93
-42255.1	12114.5	4580.85
-42258.7	12114.5	4578.35
-42262.6	12114.5	4576.51
-42266.8	12114.5	4575.38
-41919.8	12114.5	4568.5
-41925.2	12114.5	4568.98
-41930.5	12114.5	4570.4
-41935.5	12114.5	4572.72
-41940	12114.5	4575.87
-41943.9	12114.5	4579.75
-41947	12114.5	4584.25
-41949.4	12114.5	4589.23
-41950.8	12114.5	4594.53
-41951.3	12114.5	4600
-41950.8	12114.5	4605.47
-41949.4	12114.5	4610.77
-41947	12114.5	4615.75
-41943.9	12114.5	4620.25
-41940	12114.5	4624.13
-41935.5	12114.5	4627.28
-41930.5	12114.5	4629.6
-41925.2	12114.5	4631.02
-41919.8	12114.5	4631.5
-41914.3	12114.5	4631.02
-41909	12114.5	4629.6
-41904	12114.5	4627.28
-41899.5	12114.5	4624.13
-41895.6	12114.5	4620.25
-41892.5	12114.5	4615.75
-41890.2	12114.5	4610.77
-41888.7	12114.5	4605.47
-41888.3	12114.5	4600
-41888.7	12114.5	4594.53
-41890.2	12114.5	4589.23
-41892.5	12114.5	4584.25
-41895.6	12114.5	4579.75
-41899.5	12114.5	4575.87
-41904	12114.5	4572.72
-41909	12114.5	4570.4
-41914.3	12114.5	4568.98
-58498.7	12114.5	4368.5
-58504.1	12114.5	4368.98
-58509.4	12114.5	4370.4
-58514.4	12114.5	4372.72
-58518.9	12114.5	4375.87
-58522.8	12114.5	4379.75
-58525.9	12114.5	4384.25
-58528.3	12114.5	4389.23
-58529.7	12114.5	4394.53
-58530.2	12114.5	4400
-58529.7	12114.5	4405.47
-58528.3	12114.5	4410.77
-58525.9	12114.5	4415.75
-58522.8	12114.5	4420.25
-58518.9	12114.5	4424.13
-58514.4	12114.5	4427.28
-58509.4	12114.5	4429.6
-58504.1	12114.5	4431.02
-58498.7	12114.5	4431.5
-58493.2	12114.5	4431.02
-58487.9	12114.5	4429.6
-58482.9	12114.5	4427.28
-58478.4	12114.5	4424.13
-58474.5	12114.5	4420.25
-58471.4	12114.5	4415.75
-58469.1	12114.5	4410.77
-58467.6	12114.5	4405.47
-58467.2	12114.5	4400
-58467.6	12114.5	4394.53
-58469.1	12114.5	4389.23
-58471.4	12114.5	4384.25
-58474.5	12114.5	4379.75
-58478.4	12114.5	4375.87
-58482.9	12114.5	4372.72
-58487.9	12114.5	4370.4
-58493.2	12114.5	4368.98
-58681.7	12114.5	4375
-58686.1	12114.5	4375.38
-58690.3	12114.5	4376.51
-58694.2	12114.5	4378.35
-58697.8	12114.5	4380.85
-58700.9	12114.5	4383.93
-58703.4	12114.5	4387.5
-58705.2	12114.5	4391.45
-58706.4	12114.5	4395.66
-58706.7	12114.5	4400
-58706.4	12114.5	4404.34
-58705.2	12114.5	4408.55
-58703.4	12114.5	4412.5
-58700.9	12114.5	4416.07
-58697.8	12114.5	4419.15
-58694.2	12114.5	4421.65
-58690.3	12114.5	4423.49
-58686.1	12114.5	4424.62
-58681.7	12114.5	4425
-58677.4	12114.5	4424.62
-58673.2	12114.5	4423.49
-58669.2	12114.5	4421.65
-58665.7	12114.5	4419.15
-58662.6	12114.5	4416.07
-58660.1	12114.5	4412.5
-58658.2	12114.5	4408.55
-58657.1	12114.5	4404.34
-58656.7	12114.5	4400
-58657.1	12114.5	4395.66
-58658.2	12114.5	4391.45
-58660.1	12114.5	4387.5
-58662.6	12114.5	4383.93
-58665.7	12114.5	4380.85
-58669.2	12114.5	4378.35
-58673.2	12114.5	4376.51
-58677.4	12114.5	4375.38
-58330.3	12114.5	4368.5
-58335.8	12114.5	4368.98
-58341.1	12114.5	4370.4
-58346.1	12114.5	4372.72
-58350.6	12114.5	4375.87
-58354.4	12114.5	4379.75
-58357.6	12114.5	4384.25
-58359.9	12114.5	4389.23
-58361.3	12114.5	4394.53
-58361.8	12114.5	4400
-58361.3	12114.5	4405.47
-58359.9	12114.5	4410.77
-58357.6	12114.5	4415.75
-58354.4	12114.5	4420.25
-58350.6	12114.5	4424.13
-58346.1	12114.5	4427.28
-58341.1	12114.5	4429.6
-58335.8	12114.5	4431.02
-58330.3	12114.5	4431.5
-58324.8	12114.5	4431.02
-58319.5	12114.5	4429.6
-58314.6	12114.5	4427.28
-58310.1	12114.5	4424.13
-58306.2	12114.5	4420.25
-58303	12114.5	4415.75
-58300.7	12114.5	4410.77
-58299.3	12114.5	4405.47
-58298.8	12114.5	4400
-58299.3	12114.5	4394.53
-58300.7	12114.5	4389.23
-58303	12114.5	4384.25
-58306.2	12114.5	4379.75
-58310.1	12114.5	4375.87
-58314.6	12114.5	4372.72
-58319.5	12114.5	4370.4
-58324.8	12114.5	4368.98
-59531.7	11914.5	0
-59531.7	11914.5	-50
-59531.7	11914.5	4750
-59531.7	12114.5	2100
-57731.7	11914.5	0
-55931.7	11914.5	0
-55931.7	11914.5	2100
-57731.7	11914.5	2100
-59531.7	11914.5	2100
-37381.7	11914.5	3900
-36481.7	11914.5	3900
-53681.7	11914.5	2100
-54881.7	11914.5	2100
-54881.7	11914.5	200
-53681.7	11914.5	200
-51181.7	11914.5	2100
-52381.7	11914.5	2100
-52381.7	11914.5	200
-51181.7	11914.5	200
-48256.7	11914.5	2100
-49456.7	11914.5	2100
-49456.7	11914.5	200
-48256.7	11914.5	200
-44781.7	11914.5	2100
-46581.7	11914.5	2100
-46581.7	11914.5	0
-44781.7	11914.5	0
-42981.7	11914.5	0
-41181.7	11914.5	0
-39381.7	11914.5	0
-39381.7	11914.5	2100
-41181.7	11914.5	2100
-42981.7	11914.5	2100
-40552.2	11914.5	3412
-41552.2	11914.5	3412
-41552.2	11914.5	2888
-40552.2	11914.5	2888
-57391.7	11914.5	3412
-58391.7	11914.5	3412
-58391.7	11914.5	2888
-57391.7	11914.5	2888
-45944	11914.5	4050
-44594	11914.5	4050
-44594	11914.5	4550
-45944	11914.5	4550
-49212.3	11914.5	4150
-48512.3	11914.5	4150
-48512.3	11914.5	4350
-49212.3	11914.5	4350
-52031.7	11914.5	4150
-51531.7	11914.5	4150
-51531.7	11914.5	4350
-52031.7	11914.5	4350
-53997.8	11914.5	4100
-53697.8	11914.5	4100
-53697.8	11914.5	4300
-53997.8	11914.5	4300
-53697.8	11914.5	3850
-53397.8	11914.5	3850
-53397.8	11914.5	4050
-53697.8	11914.5	4050
-42093.6	11914.5	4568.98
-42088.1	11914.5	4568.5
-42082.6	11914.5	4568.98
-42077.3	11914.5	4570.4
-42072.4	11914.5	4572.72
-42067.9	11914.5	4575.87
-42064	11914.5	4579.75
-42060.8	11914.5	4584.25
-42058.5	11914.5	4589.23
-42057.1	11914.5	4594.53
-42056.6	11914.5	4600
-42057.1	11914.5	4605.47
-42058.5	11914.5	4610.77
-42060.8	11914.5	4615.75
-42064	11914.5	4620.25
-42067.9	11914.5	4624.13
-42072.4	11914.5	4627.28
-42077.3	11914.5	4629.6
-42082.6	11914.5	4631.02
-42088.1	11914.5	4631.5
-42093.6	11914.5	4631.02
-42098.9	11914.5	4629.6
-42103.9	11914.5	4627.28
-42108.3	11914.5	4624.13
-42112.2	11914.5	4620.25
-42115.4	11914.5	4615.75
-42117.7	11914.5	4610.77
-42119.1	11914.5	4605.47
-42119.6	11914.5	4600
-42119.1	11914.5	4594.53
-42117.7	11914.5	4589.23
-42115.4	11914.5	4584.25
-42112.2	11914.5	4579.75
-42108.3	11914.5	4575.87
-42103.9	11914.5	4572.72
-42098.9	11914.5	4570.4
-42275.5	11914.5	4575.38
-42271.2	11914.5	4575
-42266.8	11914.5	4575.38
-42262.6	11914.5	4576.51
-42258.7	11914.5	4578.35
-42255.1	11914.5	4580.85
-42252	11914.5	4583.93
-42249.5	11914.5	4587.5
-42247.7	11914.5	4591.45
-42246.6	11914.5	4595.66
-42246.2	11914.5	4600
-42246.6	11914.5	4604.34
-42247.7	11914.5	4608.55
-42249.5	11914.5	4612.5
-42252	11914.5	4616.07
-42255.1	11914.5	4619.15
-42258.7	11914.5	4621.65
-42262.6	11914.5	4623.49
-42266.8	11914.5	4624.62
-42271.2	11914.5	4625
-42275.5	11914.5	4624.62
-42279.7	11914.5	4623.49
-42283.7	11914.5	4621.65
-42287.3	11914.5	4619.15
-42290.3	11914.5	4616.07
-42292.8	11914.5	4612.5
-42294.7	11914.5	4608.55
-42295.8	11914.5	4604.34
-42296.2	11914.5	4600
-42295.8	11914.5	4595.66
-42294.7	11914.5	4591.45
-42292.8	11914.5	4587.5
-42290.3	11914.5	4583.93
-42287.3	11914.5	4580.85
-42283.7	11914.5	4578.35
-42279.7	11914.5	4576.51
-41925.2	11914.5	4568.98
-41919.8	11914.5	4568.5
-41914.3	11914.5	4568.98
-41909	11914.5	4570.4
-41904	11914.5	4572.72
-41899.5	11914.5	4575.87
-41895.6	11914.5	4579.75
-41892.5	11914.5	4584.25
-41890.2	11914.5	4589.23
-41888.7	11914.5	4594.53
-41888.3	11914.5	4600
-41888.7	11914.5	4605.47
-41890.2	11914.5	4610.77
-41892.5	11914.5	4615.75
-41895.6	11914.5	4620.25
-41899.5	11914.5	4624.13
-41904	11914.5	4627.28
-41909	11914.5	4629.6
-41914.3	11914.5	4631.02
-41919.8	11914.5	4631.5
-41925.2	11914.5	4631.02
-41930.5	11914.5	4629.6
-41935.5	11914.5	4627.28
-41940	11914.5	4624.13
-41943.9	11914.5	4620.25
-41947	11914.5	4615.75
-41949.4	11914.5	4610.77
-41950.8	11914.5	4605.47
-41951.3	11914.5	4600
-41950.8	11914.5	4594.53
-41949.4	11914.5	4589.23
-41947	11914.5	4584.25
-41943.9	11914.5	4579.75
-41940	11914.5	4575.87
-41935.5	11914.5	4572.72
-41930.5	11914.5	4570.4
-58504.1	11914.5	4368.98
-58498.7	11914.5	4368.5
-58493.2	11914.5	4368.98
-58487.9	11914.5	4370.4
-58482.9	11914.5	4372.72
-58478.4	11914.5	4375.87
-58474.5	11914.5	4379.75
-58471.4	11914.5	4384.25
-58469.1	11914.5	4389.23
-58467.6	11914.5	4394.53
-58467.2	11914.5	4400
-58467.6	11914.5	4405.47
-58469.1	11914.5	4410.77
-58471.4	11914.5	4415.75
-58474.5	11914.5	4420.25
-58478.4	11914.5	4424.13
-58482.9	11914.5	4427.28
-58487.9	11914.5	4429.6
-58493.2	11914.5	4431.02
-58498.7	11914.5	4431.5
-58504.1	11914.5	4431.02
-58509.4	11914.5	4429.6
-58514.4	11914.5	4427.28
-58518.9	11914.5	4424.13
-58522.8	11914.5	4420.25
-58525.9	11914.5	4415.75
-58528.3	11914.5	4410.77
-58529.7	11914.5	4405.47
-58530.2	11914.5	4400
-58529.7	11914.5	4394.53
-58528.3	11914.5	4389.23
-58525.9	11914.5	4384.25
-58522.8	11914.5	4379.75
-58518.9	11914.5	4375.87
-58514.4	11914.5	4372.72
-58509.4	11914.5	4370.4
-58686.1	11914.5	4375.38
-58681.7	11914.5	4375
-58677.4	11914.5	4375.38
-58673.2	11914.5	4376.51
-58669.2	11914.5	4378.35
-58665.7	11914.5	4380.85
-58662.6	11914.5	4383.93
-58660.1	11914.5	4387.5
-58658.2	11914.5	4391.45
-58657.1	11914.5	4395.66
-58656.7	11914.5	4400
-58657.1	11914.5	4404.34
-58658.2	11914.5	4408.55
-58660.1	11914.5	4412.5
-58662.6	11914.5	4416.07
-58665.7	11914.5	4419.15
-58669.2	11914.5	4421.65
-58673.2	11914.5	4423.49
-58677.4	11914.5	4424.62
-58681.7	11914.5	4425
-58686.1	11914.5	4424.62
-58690.3	11914.5	4423.49
-58694.2	11914.5	4421.65
-58697.8	11914.5	4419.15
-58700.9	11914.5	4416.07
-58703.4	11914.5	4412.5
-58705.2	11914.5	4408.55
-58706.4	11914.5	4404.34
-58706.7	11914.5	4400
-58706.4	11914.5	4395.66
-58705.2	11914.5	4391.45
-58703.4	11914.5	4387.5
-58700.9	11914.5	4383.93
-58697.8	11914.5	4380.85
-58694.2	11914.5	4378.35
-58690.3	11914.5	4376.51
-58335.8	11914.5	4368.98
-58330.3	11914.5	4368.5
-58324.8	11914.5	4368.98
-58319.5	11914.5	4370.4
-58314.6	11914.5	4372.72
-58310.1	11914.5	4375.87
-58306.2	11914.5	4379.75
-58303	11914.5	4384.25
-58300.7	11914.5	4389.23
-58299.3	11914.5	4394.53
-58298.8	11914.5	4400
-58299.3	11914.5	4405.47
-58300.7	11914.5	4410.77
-58303	11914.5	4415.75
-58306.2	11914.5	4420.25
-58310.1	11914.5	4424.13
-58314.6	11914.5	4427.28
-58319.5	11914.5	4429.6
-58324.8	11914.5	4431.02
-58330.3	11914.5	4431.5
-58335.8	11914.5	4431.02
-58341.1	11914.5	4429.6
-58346.1	11914.5	4427.28
-58350.6	11914.5	4424.13
-58354.4	11914.5	4420.25
-58357.6	11914.5	4415.75
-58359.9	11914.5	4410.77
-58361.3	11914.5	4405.47
-58361.8	11914.5	4400
-58361.3	11914.5	4394.53
-58359.9	11914.5	4389.23
-58357.6	11914.5	4384.25
-58354.4	11914.5	4379.75
-58350.6	11914.5	4375.87
-58346.1	11914.5	4372.72
-58341.1	11914.5	4370.4
-37381.7	12114.5	4750
-37381.7	11914.5	4750
-36481.7	11914.5	4750
-36481.7	12114.5	4750

#	Triangle	114
0	2	1	3	2	0	303	26	27	304	26	303	314	35	313	38	35	314	318	39	317	42	39	318	16	291	292	13	291	16	20	295	296	17	295	20	24	299	300	21	299	24	288	556	557	12	556	288	320	45	323	44	45	320	324	49	327	48	49	324	328	53	331	52	53	328	332	57	335	56	57	332	336	61	339	60	61	336
10	3	5	10	9	3	9	8	3	8	26	3	26	25	3	25	34	3	34	33	3	33	32	3	32	2	3	7	16	8	16	26	8	16	15	26	15	20	26	20	19	26	19	24	26	24	23	26	23	27	26	31	2	32	7	13	16	14	20	15	14	17	20	18	24	19	18	21	24	22	27	23	4	42	282	42	6	282	42	7	6	42	13	7	42	14	13	42	17	14	42	18	17	42	21	18	42	22	21	42	27	22	42	28	27	42	29	28	42	30	29	42	31	30	42	41	31	41	38	31	38	37	31	37	11	31	11	2	31	4	39	42	40	38	41	40	35	38	36	11	37	4	40	39	4	209	40	209	208	40	208	207	40	207	173	40	173	172	40	172	171	40	171	60	40	60	35	40	60	36	35	60	59	36	59	11	36	171	61	60	62	12	59	12	11	59	62	44	12	44	43	12	43	556	12	559	2	11	171	62	61	171	56	62	56	44	62	56	55	44	55	52	44	52	51	44	51	48	44	48	47	44	47	45	44	46	63	43	63	135	43	135	556	43	171	57	56	58	52	55	58	53	52	54	48	51	54	49	48	50	45	47	171	58	57	171	53	58	171	54	53	171	49	54	171	50	49	171	243	50	243	45	50	206	243	171	206	244	243	278	45	243	205	244	206	205	245	244	277	45	278	207	174	173	204	245	205	204	246	245	276	45	277	207	175	174	203	246	204	203	247	246	275	45	276	242	175	207	241	175	242	241	176	175	202	247	203	202	248	247	274	45	275	4	210	209	240	176	241	4	211	210	239	176	240	239	177	176	201	248	202	201	249	248	273	45	274	4	212	211	238	177	239	4	213	212	237	177	238	237	178	177	200	249	201	200	250	249	272	45	273	4	214	213	236	178	237	236	179	178	199	250	200	199	251	250	271	45	272	4	215	214	235	179	236	235	180	179	198	251	199	198	252	251	270	45	271	4	216	215	234	180	235	4	217	216	233	180	234	233	181	180	197	252	198	197	253	252	269	45	270	4	218	217	232	181	233	232	182	181	196	253	197	196	254	253	268	45	269	4	219	218	231	182	232	231	183	182	195	254	196	195	255	254	267	45	268	4	220	219	230	183	231	230	184	183	194	255	195	194	256	255	266	45	267	4	221	220	229	184	230	4	222	221	228	184	229	228	185	184	193	256	194	193	257	256	265	45	266	4	223	222	227	185	228	4	224	223	226	185	227	226	186	185	192	257	193	192	258	257	264	45	265	4	225	224	225	186	226	4	186	225	4	187	186	191	258	192	191	259	258	263	45	264	4	188	187	190	259	191	190	260	259	262	45	263	4	189	188	189	260	190	189	261	260	261	45	262	4	261	189	4	45	261	4	46	45	4	63	46	4	64	63	98	135	63	98	136	135	170	556	135	4	65	64	97	136	98	97	137	136	169	556	170	4	66	65	96	137	97	96	138	137	168	556	169	4	99	66	99	67	66	95	138	96	95	139	138	167	556	168	4	100	99	134	67	99	4	101	100	133	67	134	133	68	67	94	139	95	94	140	139	166	556	167	4	102	101	132	68	133	4	103	102	131	68	132	131	69	68	93	140	94	93	141	140	165	556	166	4	104	103	130	69	131	4	105	104	129	69	130	129	70	69	92	141	93	92	142	141	164	556	165	4	106	105	128	70	129	128	71	70	91	142	92	91	143	142	163	556	164	4	107	106	127	71	128	127	72	71	90	143	91	90	144	143	162	556	163	4	108	107	126	72	127	4	109	108	125	72	126	125	73	72	89	144	90	89	145	144	161	556	162	4	110	109	124	73	125	124	74	73	88	145	89	88	146	145	160	556	161	4	111	110	123	74	124	123	75	74	87	146	88	87	147	146	159	556	160	4	112	111	122	75	123	122	76	75	86	147	87	86	148	147	158	556	159	4	113	112	121	76	122	4	114	113	120	76	121	120	77	76	85	148	86	85	149	148	157	556	158	4	115	114	119	77	120	4	116	115	118	77	119	118	78	77	84	149	85	84	150	149	156	556	157	4	117	116	117	78	118	4	78	117	4	79	78	83	150	84	83	151	150	155	556	156	4	80	79	82	151	83	82	152	151	154	556	155	4	81	80	81	152	82	81	153	152	153	556	154	4	153	81	4	556	153
10	280	279	5	280	10	287	4	282	281	4	287	308	31	32	309	31	308	284	7	8	285	7	284	312	37	315	36	37	312	316	41	319	40	41	316	14	293	290	15	293	14	18	297	294	19	297	18	22	301	298	23	301	22	11	558	559	289	558	11	322	43	321	46	43	322	326	47	325	50	47	326	330	51	329	54	51	330	334	55	333	58	55	334	338	59	337	62	59	338
1	308	0	308	280	0	308	307	280	307	306	280	306	305	280	305	304	280	304	284	280	284	283	280	283	279	280	1	309	308	303	301	304	301	284	304	301	300	284	300	297	284	297	296	284	296	293	284	293	292	284	292	285	284	303	298	301	299	297	300	299	294	297	295	293	296	295	290	293	291	285	292	1	310	309	1	289	310	289	311	310	289	315	311	315	302	311	315	303	302	315	298	303	315	299	298	315	294	299	315	295	294	315	290	295	315	291	290	315	285	291	315	286	285	315	287	286	315	314	287	314	319	287	319	318	287	318	281	287	289	312	315	313	319	314	313	316	319	317	281	318	289	313	312	289	316	313	289	317	316	289	337	317	337	336	317	336	521	317	521	449	317	449	448	317	448	483	317	483	485	317	485	484	317	484	519	317	519	281	317	289	288	337	288	338	337	339	521	336	1	558	289	557	321	288	321	320	288	320	338	288	557	413	321	413	341	321	341	322	321	323	325	320	325	338	320	325	339	338	325	333	339	333	332	339	332	521	339	325	324	333	324	329	333	329	328	333	328	334	333	335	521	332	323	326	325	327	329	324	327	330	329	331	334	328	331	335	334	331	521	335	323	327	326	323	330	327	323	331	330	323	521	331	323	522	521	520	449	521	520	450	449	323	523	522	555	450	520	555	451	450	323	524	523	554	451	555	554	452	451	482	485	483	323	525	524	553	452	554	553	453	452	481	485	482	481	486	485	481	487	486	323	526	525	552	453	553	552	454	453	480	487	481	480	488	487	518	281	519	480	489	488	517	281	518	323	527	526	551	454	552	551	455	454	479	489	480	479	490	489	516	281	517	479	491	490	515	281	516	323	528	527	550	455	551	550	456	455	478	491	479	478	492	491	514	281	515	323	529	528	549	456	550	549	457	456	477	492	478	477	493	492	513	281	514	323	530	529	548	457	549	548	458	457	476	493	477	476	494	493	512	281	513	476	495	494	511	281	512	323	531	530	547	458	548	547	459	458	475	495	476	475	496	495	510	281	511	323	532	531	546	459	547	546	460	459	474	496	475	474	497	496	509	281	510	323	533	532	545	460	546	545	461	460	473	497	474	473	498	497	508	281	509	323	534	533	544	461	545	544	462	461	472	498	473	472	499	498	507	281	508	472	500	499	506	281	507	323	535	534	543	462	544	543	463	462	471	500	472	471	501	500	505	281	506	471	502	501	504	281	505	323	536	535	542	463	543	542	464	463	470	502	471	470	503	502	503	281	504	470	281	503	323	537	536	541	464	542	541	465	464	469	281	470	323	538	537	540	465	541	540	466	465	468	281	469	323	539	538	539	466	540	539	467	466	467	281	468	323	467	539	323	281	467	341	323	322	341	281	323	413	342	341	340	281	341	557	414	413	412	342	413	412	343	342	375	281	340	557	415	414	447	343	412	447	344	343	374	281	375	557	416	415	446	344	447	446	345	344	373	377	374	377	281	374	557	417	416	445	345	446	373	378	377	376	281	377	373	379	378	411	281	376	445	346	345	372	379	373	557	418	417	444	346	445	372	380	379	410	281	411	372	381	380	409	281	410	444	347	346	371	381	372	557	419	418	443	347	444	371	382	381	408	281	409	371	383	382	407	281	408	443	348	347	370	383	371	557	420	419	442	348	443	370	384	383	406	281	407	442	349	348	369	384	370	557	421	420	441	349	442	369	385	384	405	281	406	441	350	349	368	385	369	557	422	421	440	350	441	368	386	385	404	281	405	440	351	350	367	386	368	367	387	386	403	281	404	557	423	422	439	351	440	367	388	387	402	281	403	439	352	351	366	388	367	557	424	423	438	352	439	366	389	388	401	281	402	438	353	352	365	389	366	557	425	424	437	353	438	365	390	389	400	281	401	437	354	353	364	390	365	557	426	425	436	354	437	364	391	390	399	281	400	364	392	391	398	281	399	436	355	354	363	392	364	557	427	426	435	355	436	363	393	392	397	281	398	363	394	393	396	281	397	435	356	355	362	394	363	557	428	427	434	356	435	362	395	394	395	281	396	362	281	395	434	357	356	361	281	362	557	429	428	433	357	434	433	358	357	360	281	361	557	430	429	432	358	433	432	359	358	359	281	360	557	431	430	431	359	432	431	281	359	557	281	431
0	5	3	280	5	0	302	27	28	303	27	302	311	28	29	302	28	311	310	29	30	311	29	310	309	30	31	310	30	309	286	282	6	287	282	286	285	6	7	286	6	285	313	36	312	35	36	313	317	40	316	39	40	317	13	290	291	14	290	13	17	294	295	18	294	17	21	298	299	22	298	21	323	46	322	45	46	323	327	50	326	49	50	327	331	54	330	53	54	331	335	58	334	57	58	335	339	62	338	61	62	339
556	281	557	4	281	556	558	2	559	1	2	558	304	25	26	305	25	304	305	34	25	306	34	305	306	33	34	307	33	306	307	32	33	308	32	307	279	9	10	283	9	279	283	8	9	284	8	283	315	38	314	37	38	315	319	42	318	41	42	319	15	292	293	16	292	15	19	296	297	20	296	19	23	300	301	24	300	23	289	12	288	11	12	289	321	44	320	43	44	321	325	48	324	47	48	325	329	52	328	51	52	329	333	56	332	55	56	333	337	60	336	59	60	337
341	64	340	63	64	341	413	136	412	135	136	413	521	244	520	243	244	521
340	65	375	64	65	340	448	173	483	172	173	448	520	245	555	244	245	520
375	66	374	65	66	375	555	246	554	245	246	555
374	67	373	66	67	374	446	139	445	138	139	446	554	247	553	246	247	554
373	68	372	67	68	373	445	140	444	139	140	445
372	69	371	68	69	372
371	70	370	69	70	371	479	178	478	177	178	479	551	250	550	249	250	551
370	71	369	70	71	370	442	143	441	142	143	442	478	179	477	178	179	478	550	251	549	250	251	550
369	72	368	71	72	369	477	180	476	179	180	477
368	73	367	72	73	368	476	181	475	180	181	476
367	74	366	73	74	367	439	146	438	145	146	439	475	182	474	181	182	475	547	254	546	253	254	547
366	75	365	74	75	366	438	147	437	146	147	438	474	183	473	182	183	474	546	255	545	254	255	546
365	76	364	75	76	365
364	77	363	76	77	364	472	185	471	184	185	472	544	257	543	256	257	544
363	78	362	77	78	363	435	150	434	149	150	435	543	258	542	257	258	543
362	79	361	78	79	362	434	151	433	150	151	434	542	259	541	258	259	542
361	80	360	79	80	361	433	152	432	151	152	433	469	188	468	187	188	469	541	260	540	259	260	541
360	81	359	80	81	360	432	153	431	152	153	432	540	261	539	260	261	540
359	82	358	81	82	359	467	190	466	189	190	467	539	262	538	261	262	539
358	83	357	82	83	358	466	191	465	190	191	466	538	263	537	262	263	538
357	84	356	83	84	357	429	156	428	155	156	429	465	192	464	191	192	465	537	264	536	263	264	537
356	85	355	84	85	356	464	193	463	192	193	464
355	86	354	85	86	355	463	194	462	193	194	463	535	266	534	265	266	535
354	87	353	86	87	354
353	88	352	87	88	353	425	160	424	159	160	425	461	196	460	195	196	461	533	268	532	267	268	533
352	89	351	88	89	352
351	90	350	89	90	351	459	198	458	197	198	459
350	91	349	90	91	350	458	199	457	198	199	458
349	92	348	91	92	349
348	93	347	92	93	348	456	201	455	200	201	456	528	273	527	272	273	528
347	94	346	93	94	347
346	95	345	94	95	346	418	167	417	166	167	418
345	96	344	95	96	345	453	204	452	203	204	453
344	97	343	96	97	344	452	205	451	204	205	452	524	277	523	276	277	524
343	98	342	97	98	343	451	206	450	205	206	451	523	278	522	277	278	523
342	63	341	98	63	342	450	171	449	206	171	450	522	243	521	278	243	522
377	100	376	99	100	377	485	208	484	207	208	485
376	101	411	100	101	376	412	137	447	136	137	412	484	209	519	208	209	484
411	102	410	101	102	411	519	210	518	209	210	519
410	103	409	102	103	410	518	211	517	210	211	518
409	104	408	103	104	409	517	212	516	211	212	517
408	105	407	104	105	408	516	213	515	212	213	516
407	106	406	105	106	407	515	214	514	213	214	515
406	107	405	106	107	406	514	215	513	214	215	514
405	108	404	107	108	405	513	216	512	215	216	513
404	109	403	108	109	404	512	217	511	216	217	512
403	110	402	109	110	403	511	218	510	217	218	511
402	111	401	110	111	402	510	219	509	218	219	510
401	112	400	111	112	401	509	220	508	219	220	509
400	113	399	112	113	400	508	221	507	220	221	508
399	114	398	113	114	399	507	222	506	221	222	507
398	115	397	114	115	398	506	223	505	222	223	506
397	116	396	115	116	397	505	224	504	223	224	505
396	117	395	116	117	396	504	225	503	224	225	504
395	118	394	117	118	395	503	226	502	225	226	503
394	119	393	118	119	394	502	227	501	226	227	502
393	120	392	119	120	393	501	228	500	227	228	501
392	121	391	120	121	392	500	229	499	228	229	500
391	122	390	121	122	391	499	230	498	229	230	499
390	123	389	122	123	390	498	231	497	230	231	498
389	124	388	123	124	389	497	232	496	231	232	497
388	125	387	124	125	388	496	233	495	232	233	496
387	126	386	125	126	387	495	234	494	233	234	495
386	127	385	126	127	386	494	235	493	234	235	494
385	128	384	127	128	385	493	236	492	235	236	493
384	129	383	128	129	384	492	237	491	236	237	492
383	130	382	129	130	383	491	238	490	237	238	491
382	131	381	130	131	382	490	239	489	238	239	490
381	132	380	131	132	381	489	240	488	239	240	489
380	133	379	132	133	380	488	241	487	240	241	488
379	134	378	133	134	379	487	242	486	241	242	487
378	99	377	134	99	378	486	207	485	242	207	486
447	138	446	137	138	447
444	141	443	140	141	444
443	142	442	141	142	443
441	144	440	143	144	441
440	145	439	144	145	440	548	253	547	252	253	548
437	148	436	147	148	437
436	149	435	148	149	436
431	154	430	153	154	431
430	155	429	154	155	430
428	157	427	156	157	428	536	265	535	264	265	536
427	158	426	157	158	427
426	159	425	158	159	426
424	161	423	160	161	424	460	197	459	196	197	460	532	269	531	268	269	532
423	162	422	161	162	423	531	270	530	269	270	531
422	163	421	162	163	422
421	164	420	163	164	421	457	200	456	199	200	457	529	272	528	271	272	529
420	165	419	164	165	420
419	166	418	165	166	419
417	168	416	167	168	417	525	276	524	275	276	525
416	169	415	168	169	416
415	170	414	169	170	415
414	135	413	170	135	414
449	172	448	171	172	449
483	174	482	173	174	483
482	175	481	174	175	482
481	176	480	175	176	481	553	248	552	247	248	553
480	177	479	176	177	480	552	249	551	248	249	552
473	184	472	183	184	473	545	256	544	255	256	545
471	186	470	185	186	471
470	187	469	186	187	470
468	189	467	188	189	468
462	195	461	194	195	462	534	267	533	266	267	534
455	202	454	201	202	455	527	274	526	273	274	527
454	203	453	202	203	454	526	275	525	274	275	526
549	252	548	251	252	549
530	271	529	270	271	530

#	Normal	114
-1	0	0
0	-1	0
1	-0	0
0	1	-0
0	0	1
0	0	-1
-0.087167	0	-0.996194
-0.258819	0	-0.965926
-0.422574	0	-0.906328
-0.573725	0	-0.819048
-0.707062	0	-0.707151
-0.818914	0	-0.573916
-0.906328	0	-0.422574
-0.965892	0	-0.258946
-0.996226	0	-0.0867985
-0.996226	0	0.0867985
-0.965892	0	0.258946
-0.906328	0	0.422574
-0.818914	0	0.573916
-0.707062	0	0.707151
-0.573725	0	0.819048
-0.422574	0	0.906328
-0.258819	0	0.965926
-0.087167	0	0.996194
0.087167	-0	0.996194
0.258819	-0	0.965926
0.422574	-0	0.906328
0.573725	-0	0.819048
0.707062	-0	0.707151
0.818914	-0	0.573916
0.906328	-0	0.422574
0.966069	-0	0.258283
0.996164	-0	0.0875045
0.996164	0	-0.0875045
0.966069	0	-0.258283
0.906328	0	-0.422574
0.818914	0	-0.573916
0.707062	0	-0.707151
0.573725	0	-0.819048
0.422574	0	-0.906328
0.258819	0	-0.965926
0.087167	0	-0.996194
-0.0872003	0	-0.996191
-0.258736	0	-0.965948
-0.422573	0	-0.906329
-0.573583	0	-0.819148
-0.707443	0	-0.70677
-0.819111	0	-0.573635
-0.906134	0	-0.42299
-0.965862	0	-0.259057
-0.996213	0	-0.0869487
-0.996213	0	0.0869487
-0.965862	0	0.259057
-0.906134	0	0.42299
-0.819111	0	0.573635
-0.707443	0	0.70677
-0.573583	0	0.819148
-0.422573	0	0.906329
-0.258736	0	0.965948
-0.0872003	0	0.996191
0.0871225	-0	0.996198
0.25896	-0	0.965888
0.422573	-0	0.906329
0.573583	-0	0.819148
0.706995	-0	0.707219
0.819111	-0	0.573635
0.906478	-0	0.422253
0.965862	-0	0.259057
0.996213	-0	0.0869487
0.996213	0	-0.0869487
0.965862	0	-0.259057
0.906478	0	-0.422253
0.819111	0	-0.573635
0.706995	0	-0.707219
0.573583	0	-0.819148
0.422573	0	-0.906329
0.25896	0	-0.965888
0.0871225	0	-0.996198
-0.422647	0	-0.906294
-0.819249	0	-0.573438
-0.906313	0	-0.422608
-0.996165	0	-0.0874968
-0.996164	0	0.0875045
-0.819219	0	0.57348
-0.707107	0	0.707107
0.0871052	-0	0.996199
0.258997	-0	0.965878
0.573391	-0	0.819282
0.707107	-0	0.707107
0.819219	-0	0.57348
0.965892	-0	0.258946
0.996226	-0	0.0867985
0.996227	0	-0.0867908
0.965892	0	-0.258946
0.906313	0	-0.422608
0.819249	0	-0.573438
0.573391	0	-0.819282
0.422647	0	-0.906294
0.258914	0	-0.9659
0.0871052	0	-0.996199
-0.0871052	0	-0.996199
-0.422846	0	-0.906201
-0.573391	0	-0.819282
-0.707107	0	-0.707107
-0.819219	0	-0.57348
-0.819249	0	0.573438
-0.573391	0	0.819282
-0.422846	0	0.906201
-0.0871052	0	0.996199
0.819249	-0	0.573438
0.819219	0	-0.57348
0.707107	0	-0.707107
-0.996164	0	-0.0875045
0.996226	0	-0.0867985

#	Mesh	0	End

