#	Mesh	0	Begin

#	Vertex	448
37168.3	17564.5	-50
37168.3	17564.5	5230
36968.3	17564.5	5230
36968.3	17564.5	-50
36968.3	12114.5	5230
36968.3	12114.5	-50
36968.3	13038.1	4150
36968.3	12338.1	4150
36968.3	12338.1	4350
36968.3	13038.1	4350
36968.3	14077.6	4519.44
36968.3	14072.1	4519.92
36968.3	14066.8	4521.34
36968.3	14061.8	4523.66
36968.3	14057.3	4526.81
36968.3	14053.5	4530.7
36968.3	14050.3	4535.19
36968.3	14048	4540.17
36968.3	14046.6	4545.47
36968.3	14046.1	4550.94
36968.3	14046.6	4556.41
36968.3	14048	4561.72
36968.3	14050.3	4566.69
36968.3	14053.5	4571.19
36968.3	14057.3	4575.07
36968.3	14061.8	4578.22
36968.3	14066.8	4580.54
36968.3	14072.1	4581.97
36968.3	14077.6	4582.44
36968.3	14083.1	4581.97
36968.3	14088.4	4580.54
36968.3	14093.3	4578.22
36968.3	14097.8	4575.07
36968.3	14101.7	4571.19
36968.3	14104.9	4566.69
36968.3	14107.2	4561.72
36968.3	14108.6	4556.41
36968.3	14109.1	4550.94
36968.3	14108.6	4545.47
36968.3	14107.2	4540.17
36968.3	14104.9	4535.19
36968.3	14101.7	4530.7
36968.3	14097.8	4526.81
36968.3	14093.3	4523.66
36968.3	14088.4	4521.34
36968.3	14083.1	4519.92
36968.3	13884	4519.91
36968.3	13878.6	4520.39
36968.3	13873.3	4521.81
36968.3	13868.3	4524.13
36968.3	13863.8	4527.28
36968.3	13859.9	4531.16
36968.3	13856.8	4535.66
36968.3	13854.4	4540.64
36968.3	13853	4545.94
36968.3	13852.5	4551.41
36968.3	13853	4556.88
36968.3	13854.4	4562.18
36968.3	13856.8	4567.16
36968.3	13859.9	4571.66
36968.3	13863.8	4575.54
36968.3	13868.3	4578.69
36968.3	13873.3	4581.01
36968.3	13878.6	4582.43
36968.3	13884	4582.91
36968.3	13889.5	4582.43
36968.3	13894.8	4581.01
36968.3	13899.8	4578.69
36968.3	13904.3	4575.54
36968.3	13908.2	4571.66
36968.3	13911.3	4567.16
36968.3	13913.6	4562.18
36968.3	13915.1	4556.88
36968.3	13915.5	4551.41
36968.3	13915.1	4545.94
36968.3	13913.6	4540.64
36968.3	13911.3	4535.66
36968.3	13908.2	4531.16
36968.3	13904.3	4527.28
36968.3	13899.8	4524.13
36968.3	13894.8	4521.81
36968.3	13889.5	4520.39
36968.3	14270.2	4525.51
36968.3	14265.9	4525.89
36968.3	14261.6	4527.02
36968.3	14257.7	4528.86
36968.3	14254.1	4531.36
36968.3	14251	4534.44
36968.3	14248.5	4538.01
36968.3	14246.7	4541.96
36968.3	14245.6	4546.17
36968.3	14245.2	4550.51
36968.3	14245.6	4554.85
36968.3	14246.7	4559.06
36968.3	14248.5	4563.01
36968.3	14251	4566.58
36968.3	14254.1	4569.66
36968.3	14257.7	4572.16
36968.3	14261.6	4574
36968.3	14265.9	4575.13
36968.3	14270.2	4575.51
36968.3	14274.5	4575.13
36968.3	14278.7	4574
36968.3	14282.7	4572.16
36968.3	14286.3	4569.66
36968.3	14289.3	4566.58
36968.3	14291.8	4563.01
36968.3	14293.7	4559.06
36968.3	14294.8	4554.85
36968.3	14295.2	4550.51
36968.3	14294.8	4546.17
36968.3	14293.7	4541.96
36968.3	14291.8	4538.01
36968.3	14289.3	4534.44
36968.3	14286.3	4531.36
36968.3	14282.7	4528.86
36968.3	14278.7	4527.02
36968.3	14274.5	4525.89
36968.3	14950.9	4114.9
36968.3	14943.1	4115.59
36968.3	14935.5	4117.62
36968.3	14928.4	4120.93
36968.3	14922	4125.43
36968.3	14916.4	4130.98
36968.3	14911.9	4137.4
36968.3	14908.6	4144.51
36968.3	14906.6	4152.09
36968.3	14905.9	4159.9
36968.3	14906.6	4167.72
36968.3	14908.6	4175.3
36968.3	14911.9	4182.4
36968.3	14916.4	4188.83
36968.3	14922	4194.38
36968.3	14928.4	4198.88
36968.3	14935.5	4202.19
36968.3	14943.1	4204.22
36968.3	14950.9	4204.9
36968.3	14958.7	4204.22
36968.3	14966.3	4202.19
36968.3	14973.4	4198.88
36968.3	14979.8	4194.38
36968.3	14985.4	4188.83
36968.3	14989.9	4182.4
36968.3	14993.2	4175.3
36968.3	14995.2	4167.72
36968.3	14995.9	4159.9
36968.3	14995.2	4152.09
36968.3	14993.2	4144.51
36968.3	14989.9	4137.4
36968.3	14985.4	4130.98
36968.3	14979.8	4125.43
36968.3	14973.4	4120.93
36968.3	14966.3	4117.62
36968.3	14958.7	4115.59
36968.3	15454.7	4027.29
36968.3	15442.5	4028.35
36968.3	15430.7	4031.51
36968.3	15419.7	4036.67
36968.3	15409.7	4043.67
36968.3	15401	4052.3
36968.3	15394	4062.29
36968.3	15388.9	4073.35
36968.3	15385.7	4085.14
36968.3	15384.7	4097.29
36968.3	15385.7	4109.45
36968.3	15388.9	4121.23
36968.3	15394	4132.29
36968.3	15401	4142.29
36968.3	15409.7	4150.91
36968.3	15419.7	4157.91
36968.3	15430.7	4163.07
36968.3	15442.5	4166.23
36968.3	15454.7	4167.29
36968.3	15466.8	4166.23
36968.3	15478.6	4163.07
36968.3	15489.7	4157.91
36968.3	15499.7	4150.91
36968.3	15508.3	4142.29
36968.3	15515.3	4132.29
36968.3	15520.4	4121.23
36968.3	15523.6	4109.45
36968.3	15524.7	4097.29
36968.3	15523.6	4085.14
36968.3	15520.4	4073.35
36968.3	15515.3	4062.29
36968.3	15508.3	4052.3
36968.3	15499.7	4043.67
36968.3	15489.7	4036.67
36968.3	15478.6	4031.51
36968.3	15466.8	4028.35
36968.3	15193.7	4088.03
36968.3	15181.5	4089.1
36968.3	15169.7	4092.26
36968.3	15158.7	4097.41
36968.3	15148.7	4104.41
36968.3	15140	4113.04
36968.3	15133	4123.03
36968.3	15127.9	4134.09
36968.3	15124.7	4145.88
36968.3	15123.7	4158.03
36968.3	15124.7	4170.19
36968.3	15127.9	4181.98
36968.3	15133	4193.03
36968.3	15140	4203.03
36968.3	15148.7	4211.66
36968.3	15158.7	4218.66
36968.3	15169.7	4223.81
36968.3	15181.5	4226.97
36968.3	15193.7	4228.03
36968.3	15205.8	4226.97
36968.3	15217.6	4223.81
36968.3	15228.7	4218.66
36968.3	15238.7	4211.66
36968.3	15247.3	4203.03
36968.3	15254.3	4193.03
36968.3	15259.4	4181.98
36968.3	15262.6	4170.19
36968.3	15263.7	4158.03
36968.3	15262.6	4145.88
36968.3	15259.4	4134.09
36968.3	15254.3	4123.03
36968.3	15247.3	4113.04
36968.3	15238.7	4104.41
36968.3	15228.7	4097.41
36968.3	15217.6	4092.26
36968.3	15205.8	4089.1
37168.3	12114.5	5230
37168.3	12114.5	-50
37168.3	12338.1	4150
37168.3	13038.1	4150
37168.3	13038.1	4350
37168.3	12338.1	4350
37168.3	14072.1	4519.92
37168.3	14077.6	4519.44
37168.3	14083.1	4519.92
37168.3	14088.4	4521.34
37168.3	14093.3	4523.66
37168.3	14097.8	4526.81
37168.3	14101.7	4530.7
37168.3	14104.9	4535.19
37168.3	14107.2	4540.17
37168.3	14108.6	4545.47
37168.3	14109.1	4550.94
37168.3	14108.6	4556.41
37168.3	14107.2	4561.72
37168.3	14104.9	4566.69
37168.3	14101.7	4571.19
37168.3	14097.8	4575.07
37168.3	14093.3	4578.22
37168.3	14088.4	4580.54
37168.3	14083.1	4581.97
37168.3	14077.6	4582.44
37168.3	14072.1	4581.97
37168.3	14066.8	4580.54
37168.3	14061.8	4578.22
37168.3	14057.3	4575.07
37168.3	14053.5	4571.19
37168.3	14050.3	4566.69
37168.3	14048	4561.72
37168.3	14046.6	4556.41
37168.3	14046.1	4550.94
37168.3	14046.6	4545.47
37168.3	14048	4540.17
37168.3	14050.3	4535.19
37168.3	14053.5	4530.7
37168.3	14057.3	4526.81
37168.3	14061.8	4523.66
37168.3	14066.8	4521.34
37168.3	13878.6	4520.39
37168.3	13884	4519.91
37168.3	13889.5	4520.39
37168.3	13894.8	4521.81
37168.3	13899.8	4524.13
37168.3	13904.3	4527.28
37168.3	13908.2	4531.16
37168.3	13911.3	4535.66
37168.3	13913.6	4540.64
37168.3	13915.1	4545.94
37168.3	13915.5	4551.41
37168.3	13915.1	4556.88
37168.3	13913.6	4562.18
37168.3	13911.3	4567.16
37168.3	13908.2	4571.66
37168.3	13904.3	4575.54
37168.3	13899.8	4578.69
37168.3	13894.8	4581.01
37168.3	13889.5	4582.43
37168.3	13884	4582.91
37168.3	13878.6	4582.43
37168.3	13873.3	4581.01
37168.3	13868.3	4578.69
37168.3	13863.8	4575.54
37168.3	13859.9	4571.66
37168.3	13856.8	4567.16
37168.3	13854.4	4562.18
37168.3	13853	4556.88
37168.3	13852.5	4551.41
37168.3	13853	4545.94
37168.3	13854.4	4540.64
37168.3	13856.8	4535.66
37168.3	13859.9	4531.16
37168.3	13863.8	4527.28
37168.3	13868.3	4524.13
37168.3	13873.3	4521.81
37168.3	14265.9	4525.89
37168.3	14270.2	4525.51
37168.3	14274.5	4525.89
37168.3	14278.7	4527.02
37168.3	14282.7	4528.86
37168.3	14286.3	4531.36
37168.3	14289.3	4534.44
37168.3	14291.8	4538.01
37168.3	14293.7	4541.96
37168.3	14294.8	4546.17
37168.3	14295.2	4550.51
37168.3	14294.8	4554.85
37168.3	14293.7	4559.06
37168.3	14291.8	4563.01
37168.3	14289.3	4566.58
37168.3	14286.3	4569.66
37168.3	14282.7	4572.16
37168.3	14278.7	4574
37168.3	14274.5	4575.13
37168.3	14270.2	4575.51
37168.3	14265.9	4575.13
37168.3	14261.6	4574
37168.3	14257.7	4572.16
37168.3	14254.1	4569.66
37168.3	14251	4566.58
37168.3	14248.5	4563.01
37168.3	14246.7	4559.06
37168.3	14245.6	4554.85
37168.3	14245.2	4550.51
37168.3	14245.6	4546.17
37168.3	14246.7	4541.96
37168.3	14248.5	4538.01
37168.3	14251	4534.44
37168.3	14254.1	4531.36
37168.3	14257.7	4528.86
37168.3	14261.6	4527.02
37168.3	14943.1	4115.59
37168.3	14950.9	4114.9
37168.3	14958.7	4115.59
37168.3	14966.3	4117.62
37168.3	14973.4	4120.93
37168.3	14979.8	4125.43
37168.3	14985.4	4130.98
37168.3	14989.9	4137.4
37168.3	14993.2	4144.51
37168.3	14995.2	4152.09
37168.3	14995.9	4159.9
37168.3	14995.2	4167.72
37168.3	14993.2	4175.3
37168.3	14989.9	4182.4
37168.3	14985.4	4188.83
37168.3	14979.8	4194.38
37168.3	14973.4	4198.88
37168.3	14966.3	4202.19
37168.3	14958.7	4204.22
37168.3	14950.9	4204.9
37168.3	14943.1	4204.22
37168.3	14935.5	4202.19
37168.3	14928.4	4198.88
37168.3	14922	4194.38
37168.3	14916.4	4188.83
37168.3	14911.9	4182.4
37168.3	14908.6	4175.3
37168.3	14906.6	4167.72
37168.3	14905.9	4159.9
37168.3	14906.6	4152.09
37168.3	14908.6	4144.51
37168.3	14911.9	4137.4
37168.3	14916.4	4130.98
37168.3	14922	4125.43
37168.3	14928.4	4120.93
37168.3	14935.5	4117.62
37168.3	15442.5	4028.35
37168.3	15454.7	4027.29
37168.3	15466.8	4028.35
37168.3	15478.6	4031.51
37168.3	15489.7	4036.67
37168.3	15499.7	4043.67
37168.3	15508.3	4052.3
37168.3	15515.3	4062.29
37168.3	15520.4	4073.35
37168.3	15523.6	4085.14
37168.3	15524.7	4097.29
37168.3	15523.6	4109.45
37168.3	15520.4	4121.23
37168.3	15515.3	4132.29
37168.3	15508.3	4142.29
37168.3	15499.7	4150.91
37168.3	15489.7	4157.91
37168.3	15478.6	4163.07
37168.3	15466.8	4166.23
37168.3	15454.7	4167.29
37168.3	15442.5	4166.23
37168.3	15430.7	4163.07
37168.3	15419.7	4157.91
37168.3	15409.7	4150.91
37168.3	15401	4142.29
37168.3	15394	4132.29
37168.3	15388.9	4121.23
37168.3	15385.7	4109.45
37168.3	15384.7	4097.29
37168.3	15385.7	4085.14
37168.3	15388.9	4073.35
37168.3	15394	4062.29
37168.3	15401	4052.3
37168.3	15409.7	4043.67
37168.3	15419.7	4036.67
37168.3	15430.7	4031.51
37168.3	15181.5	4089.1
37168.3	15193.7	4088.03
37168.3	15205.8	4089.1
37168.3	15217.6	4092.26
37168.3	15228.7	4097.41
37168.3	15238.7	4104.41
37168.3	15247.3	4113.04
37168.3	15254.3	4123.03
37168.3	15259.4	4134.09
37168.3	15262.6	4145.88
37168.3	15263.7	4158.03
37168.3	15262.6	4170.19
37168.3	15259.4	4181.98
37168.3	15254.3	4193.03
37168.3	15247.3	4203.03
37168.3	15238.7	4211.66
37168.3	15228.7	4218.66
37168.3	15217.6	4223.81
37168.3	15205.8	4226.97
37168.3	15193.7	4228.03
37168.3	15181.5	4226.97
37168.3	15169.7	4223.81
37168.3	15158.7	4218.66
37168.3	15148.7	4211.66
37168.3	15140	4203.03
37168.3	15133	4193.03
37168.3	15127.9	4181.98
37168.3	15124.7	4170.19
37168.3	15123.7	4158.03
37168.3	15124.7	4145.88
37168.3	15127.9	4134.09
37168.3	15133	4123.03
37168.3	15140	4113.04
37168.3	15148.7	4104.41
37168.3	15158.7	4097.41
37168.3	15169.7	4092.26

#	Triangle	180
0	2	1	3	2	0	228	8	231	7	8	228
4	7	5	7	3	5	7	154	3	154	189	3	189	188	3	188	187	3	187	2	3	7	155	154	7	156	155	7	157	156	7	158	157	186	2	187	7	159	158	185	2	186	7	160	159	184	2	185	7	161	160	183	2	184	7	190	161	190	162	161	182	2	183	190	163	162	181	2	182	7	191	190	225	163	190	7	192	191	224	163	225	7	193	192	223	163	224	223	164	163	180	2	181	7	194	193	222	164	223	7	118	194	118	195	194	221	164	222	221	165	164	179	2	180	118	196	195	220	165	221	7	119	118	153	196	118	7	120	119	152	196	153	7	121	120	151	196	152	7	122	121	150	196	151	220	166	165	178	2	179	150	197	196	219	166	220	7	123	122	149	197	150	7	124	123	148	197	149	219	167	166	177	2	178	148	198	197	218	167	219	7	125	124	147	198	148	218	168	167	176	2	177	7	6	125	6	126	125	146	198	147	146	199	198	217	168	218	4	8	7	9	126	6	217	169	168	175	2	176	9	127	126	145	199	146	217	170	169	174	2	175	145	200	199	216	170	217	9	128	127	144	200	145	216	171	170	173	2	174	216	172	171	172	2	173	216	2	172	9	129	128	143	200	144	143	201	200	215	2	216	9	130	129	142	201	143	142	202	201	214	2	215	9	131	130	141	202	142	9	132	131	140	202	141	140	203	202	213	2	214	9	133	132	139	203	140	9	134	133	138	203	139	9	135	134	137	203	138	137	204	203	212	2	213	9	136	135	136	204	137	9	204	136	9	205	204	211	2	212	9	206	205	210	2	211	9	207	206	209	2	210	9	208	207	208	2	209	9	10	208	10	45	208	45	82	208	82	117	208	117	2	208	4	9	8	4	48	9	48	47	9	47	46	9	46	10	9	46	11	10	81	11	46	81	12	11	44	82	45	80	12	81	80	13	12	43	82	44	4	49	48	79	13	80	79	14	13	42	82	43	4	50	49	78	14	79	42	83	82	42	84	83	116	2	117	78	15	14	41	84	42	41	85	84	115	2	116	4	51	50	77	15	78	41	86	85	114	2	115	77	16	15	40	86	41	4	52	51	76	16	77	40	87	86	113	2	114	40	88	87	112	2	113	76	17	16	39	88	40	4	53	52	75	17	76	39	89	88	111	2	112	75	18	17	38	89	39	4	54	53	74	18	75	38	90	89	110	2	111	74	19	18	37	90	38	4	55	54	73	19	74	37	91	90	109	2	110	37	92	91	108	2	109	73	20	19	36	92	37	4	56	55	72	20	73	36	93	92	107	2	108	72	21	20	35	93	36	4	57	56	71	21	72	35	94	93	106	2	107	71	22	21	34	94	35	4	58	57	70	22	71	34	95	94	105	2	106	34	96	95	104	2	105	70	23	22	33	96	34	4	59	58	69	23	70	33	97	96	103	2	104	69	24	23	32	97	33	4	60	59	68	24	69	32	98	97	102	2	103	32	99	98	101	2	102	68	25	24	31	99	32	31	100	99	100	2	101	31	2	100	4	61	60	67	25	68	67	26	25	30	2	31	4	62	61	66	26	67	66	27	26	29	2	30	4	63	62	65	27	66	65	28	27	28	2	29	4	64	63	64	28	65	64	2	28	4	2	64
5	226	4	227	226	5	230	6	229	9	6	230
1	227	0	1	380	227	380	379	227	379	378	227	378	377	227	377	376	227	376	411	227	411	413	227	413	412	227	412	447	227	447	341	227	341	340	227	340	375	227	375	229	227	229	228	227	228	226	227	410	413	411	1	381	380	409	413	410	1	382	381	408	413	409	1	383	382	407	413	408	1	384	383	406	413	407	1	385	384	405	413	406	1	386	385	404	413	405	404	414	413	404	415	414	404	416	415	446	341	447	1	387	386	403	416	404	403	417	416	445	341	446	403	418	417	444	341	445	1	388	387	402	418	403	402	419	418	443	341	444	443	342	341	443	343	342	443	344	343	374	229	375	443	345	344	373	229	374	1	389	388	401	419	402	401	420	419	442	345	443	442	346	345	372	229	373	442	347	346	371	229	372	1	390	389	400	420	401	400	421	420	441	347	442	441	348	347	370	229	371	1	391	390	399	421	400	441	349	348	369	229	370	399	422	421	440	349	441	369	230	229	231	226	228	1	392	391	398	422	399	440	350	349	368	230	369	1	393	392	397	422	398	397	423	422	439	350	440	439	351	350	367	230	368	1	394	393	396	423	397	1	395	394	395	423	396	1	423	395	439	352	351	366	230	367	1	424	423	438	352	439	438	353	352	365	230	366	1	425	424	437	353	438	437	354	353	364	230	365	437	355	354	363	230	364	1	426	425	436	355	437	436	356	355	362	230	363	436	357	356	361	230	362	436	358	357	360	230	361	1	427	426	435	358	436	435	359	358	359	230	360	435	230	359	1	428	427	434	230	435	1	429	428	433	230	434	1	430	429	432	230	433	1	431	430	431	230	432	1	306	431	306	305	431	305	234	431	234	233	431	233	230	431	233	231	230	233	269	231	269	268	231	268	303	231	303	226	231	232	269	233	232	270	269	305	235	234	267	270	232	267	271	270	305	236	235	266	271	267	266	272	271	302	226	303	305	237	236	265	272	266	265	273	272	301	226	302	304	237	305	1	307	306	339	237	304	339	238	237	264	273	265	1	308	307	338	238	339	264	274	273	300	226	301	1	309	308	337	238	338	337	239	238	263	274	264	263	275	274	299	226	300	1	310	309	336	239	337	1	311	310	335	239	336	335	240	239	262	275	263	262	276	275	298	226	299	1	312	311	334	240	335	334	241	240	261	276	262	261	277	276	297	226	298	1	313	312	333	241	334	333	242	241	260	277	261	260	278	277	296	226	297	1	314	313	332	242	333	1	315	314	331	242	332	331	243	242	259	278	260	259	279	278	295	226	296	1	316	315	330	243	331	330	244	243	258	279	259	258	280	279	294	226	295	1	317	316	329	244	330	329	245	244	257	280	258	257	281	280	293	226	294	1	318	317	328	245	329	1	319	318	327	245	328	327	246	245	256	281	257	256	282	281	292	226	293	1	320	319	326	246	327	326	247	246	255	282	256	255	283	282	291	226	292	1	321	320	325	247	326	1	322	321	324	247	325	324	248	247	254	283	255	1	323	322	323	248	324	1	248	323	254	284	283	290	226	291	1	249	248	253	284	254	253	285	284	289	226	290	1	250	249	252	285	253	252	286	285	288	226	289	1	251	250	251	286	252	251	287	286	287	226	288	1	287	251	1	226	287
0	5	3	227	5	0	231	9	230	8	9	231
2	226	1	4	226	2	229	7	228	6	7	229
233	11	232	10	11	233	269	47	268	46	47	269
232	12	267	11	12	232
267	13	266	12	13	267
266	14	265	13	14	266
265	15	264	14	15	265	301	51	300	50	51	301
264	16	263	15	16	264	300	52	299	51	52	300
263	17	262	16	17	263
262	18	261	17	18	262
261	19	260	18	19	261
260	20	259	19	20	260	296	56	295	55	56	296
259	21	258	20	21	259
258	22	257	21	22	258	294	58	293	57	58	294
257	23	256	22	23	257	293	59	292	58	59	293
256	24	255	23	24	256	292	60	291	59	60	292	400	168	399	167	168	400	436	204	435	203	204	436
255	25	254	24	25	255
254	26	253	25	26	254	290	62	289	61	62	290
253	27	252	26	27	253	289	63	288	62	63	289
252	28	251	27	28	252	288	64	287	63	64	288
251	29	250	28	29	251
250	30	249	29	30	250	286	66	285	65	66	286
249	31	248	30	31	249
248	32	247	31	32	248	284	68	283	67	68	284
247	33	246	32	33	247
246	34	245	33	34	246	282	70	281	69	70	282
245	35	244	34	35	245
244	36	243	35	36	244	280	72	279	71	72	280
243	37	242	36	37	243	279	73	278	72	73	279
242	38	241	37	38	242
241	39	240	38	39	241	277	75	276	74	75	277
240	40	239	39	40	240
239	41	238	40	41	239	275	77	274	76	77	275
238	42	237	41	42	238
237	43	236	42	43	237	273	79	272	78	79	273
236	44	235	43	44	236
235	45	234	44	45	235
234	10	233	45	10	234
268	48	303	47	48	268
303	49	302	48	49	303
302	50	301	49	50	302
299	53	298	52	53	299
298	54	297	53	54	298
297	55	296	54	55	297
295	57	294	56	57	295
291	61	290	60	61	291
287	65	286	64	65	287
285	67	284	66	67	285
283	69	282	68	69	283	391	177	390	176	177	391	427	213	426	212	213	427
281	71	280	70	71	281
278	74	277	73	74	278
276	76	275	75	76	276
274	78	273	77	78	274
272	80	271	79	80	272
271	81	270	80	81	271
270	46	269	81	46	270
305	83	304	82	83	305
304	84	339	83	84	304
339	85	338	84	85	339
338	86	337	85	86	338
337	87	336	86	87	337	409	159	408	158	159	409	445	195	444	194	195	445
336	88	335	87	88	336
335	89	334	88	89	335
334	90	333	89	90	334
333	91	332	90	91	333
332	92	331	91	92	332
331	93	330	92	93	331
330	94	329	93	94	330
329	95	328	94	95	329
328	96	327	95	96	328
327	97	326	96	97	327
326	98	325	97	98	326
325	99	324	98	99	325
324	100	323	99	100	324
323	101	322	100	101	323
322	102	321	101	102	322
321	103	320	102	103	321
320	104	319	103	104	320
319	105	318	104	105	319
318	106	317	105	106	318
317	107	316	106	107	317
316	108	315	107	108	316
315	109	314	108	109	315
314	110	313	109	110	314
313	111	312	110	111	313
312	112	311	111	112	312
311	113	310	112	113	311
310	114	309	113	114	310	382	186	381	185	186	382	418	222	417	221	222	418
309	115	308	114	115	309
308	116	307	115	116	308
307	117	306	116	117	307
306	82	305	117	82	306
341	119	340	118	119	341
340	120	375	119	120	340
375	121	374	120	121	375
374	122	373	121	122	374
373	123	372	122	123	373
372	124	371	123	124	372
371	125	370	124	125	371
370	126	369	125	126	370
369	127	368	126	127	369
368	128	367	127	128	368
367	129	366	128	129	367
366	130	365	129	130	366
365	131	364	130	131	365
364	132	363	131	132	364
363	133	362	132	133	363
362	134	361	133	134	362
361	135	360	134	135	361
360	136	359	135	136	360
359	137	358	136	137	359
358	138	357	137	138	358
357	139	356	138	139	357
356	140	355	139	140	356
355	141	354	140	141	355
354	142	353	141	142	354
353	143	352	142	143	353
352	144	351	143	144	352
351	145	350	144	145	351
350	146	349	145	146	350
349	147	348	146	147	349
348	148	347	147	148	348
347	149	346	148	149	347
346	150	345	149	150	346
345	151	344	150	151	345
344	152	343	151	152	344
343	153	342	152	153	343
342	118	341	153	118	342
377	155	376	154	155	377	413	191	412	190	191	413
376	156	411	155	156	376
411	157	410	156	157	411
410	158	409	157	158	410
408	160	407	159	160	408
407	161	406	160	161	407	443	197	442	196	197	443
406	162	405	161	162	406
405	163	404	162	163	405
404	164	403	163	164	404	440	200	439	199	200	440
403	165	402	164	165	403
402	166	401	165	166	402	438	202	437	201	202	438
401	167	400	166	167	401
399	169	398	168	169	399	435	205	434	204	205	435
398	170	397	169	170	398	434	206	433	205	206	434
397	171	396	170	171	397	433	207	432	206	207	433
396	172	395	171	172	396	432	208	431	207	208	432
395	173	394	172	173	395	431	209	430	208	209	431
394	174	393	173	174	394	430	210	429	209	210	430
393	175	392	174	175	393	429	211	428	210	211	429
392	176	391	175	176	392	428	212	427	211	212	428
390	178	389	177	178	390
389	179	388	178	179	389	425	215	424	214	215	425
388	180	387	179	180	388
387	181	386	180	181	387	423	217	422	216	217	423
386	182	385	181	182	386
385	183	384	182	183	385
384	184	383	183	184	384	420	220	419	219	220	420
383	185	382	184	185	383
381	187	380	186	187	381
380	188	379	187	188	380
379	189	378	188	189	379
378	154	377	189	154	378	414	190	413	225	190	414
412	192	447	191	192	412
447	193	446	192	193	447
446	194	445	193	194	446
444	196	443	195	196	444
442	198	441	197	198	442
441	199	440	198	199	441
439	201	438	200	201	439
437	203	436	202	203	437
426	214	425	213	214	426
424	216	423	215	216	424
422	218	421	217	218	422
421	219	420	218	219	421
419	221	418	220	221	419
417	223	416	222	223	417
416	224	415	223	224	416
415	225	414	224	225	415

#	Normal	180
-0	-1	-0
1	0	0
-0	1	0
-1	0	0
-0	0	1
-0	-0	-1
-0	-0.0871515	-0.996195
-0	-0.258781	-0.965936
-0	-0.422647	-0.906294
-0	-0.573558	-0.819165
-0	-0.707062	-0.707151
-0	-0.819165	-0.573558
-0	-0.906313	-0.422608
-0	-0.965936	-0.258781
-0	-0.996196	-0.0871438
0	-0.996195	0.0871515
0	-0.965936	0.258781
0	-0.906328	0.422574
0	-0.819136	0.5736
0	-0.707107	0.707107
0	-0.573558	0.819165
0	-0.422574	0.906328
0	-0.258864	0.965914
0	-0.0871515	0.996195
0	0.0871515	0.996195
0	0.258864	0.965914
0	0.422574	0.906328
0	0.573558	0.819165
0	0.707196	0.707018
0	0.819136	0.5736
0	0.90626	0.42272
0	0.965936	0.258781
0	0.996195	0.0871515
0	0.996196	-0.0871438
0	0.965936	-0.258781
0	0.906244	-0.422754
0	0.819165	-0.573558
0	0.707151	-0.707062
0	0.573558	-0.819165
0	0.422647	-0.906294
0	0.258781	-0.965936
0	0.0871515	-0.996195
-0	-0.258864	-0.965914
-0	-0.422574	-0.906328
-0	-0.573641	-0.819107
-0	-0.906328	-0.422574
-0	-0.965892	-0.258946
-0	-0.996195	-0.0871515
0	-0.965892	0.258946
0	-0.573641	0.819107
0	0.0871361	0.996196
0	0.422642	0.906297
0	0.707107	0.707107
0	0.906328	0.422574
0	0.996195	-0.0871515
0	0.906328	-0.422574
0	0.707062	-0.707151
0	0.422642	-0.906297
0	0.258864	-0.965914
0	0.0871361	-0.996196
-0	-0.0871809	-0.996193
-0	-0.258848	-0.965918
-0	-0.422579	-0.906326
-0	-0.573613	-0.819127
-0	-0.707107	-0.707107
-0	-0.819111	-0.573635
-0	-0.906306	-0.422622
-0	-0.965918	-0.258848
-0	-0.996193	-0.0871711
0	-0.996193	0.0871711
0	-0.965926	0.25882
0	-0.906286	0.422665
0	-0.819111	0.573635
0	-0.707163	0.707051
0	-0.573613	0.819127
0	-0.422487	0.906369
0	-0.258848	0.965918
0	-0.0871809	0.996193
0	0.0871614	0.996194
0	0.258848	0.965918
0	0.422573	0.906329
0	0.573507	0.8192
0	0.707163	0.707051
0	0.819111	0.573635
0	0.906286	0.422665
0	0.965982	0.258611
0	0.996193	0.0871711
0	0.996193	-0.0871711
0	0.965974	-0.258639
0	0.906306	-0.422622
0	0.819111	-0.573635
0	0.707107	-0.707107
0	0.573507	-0.8192
0	0.422665	-0.906286
0	0.258848	-0.965918
0	0.0871614	-0.996194
-0	-0.0871561	-0.996195
-0	-0.258817	-0.965926
-0	-0.422596	-0.906318
-0	-0.573646	-0.819103
-0	-0.707076	-0.707138
-0	-0.819153	-0.573575
-0	-0.906294	-0.422647
-0	-0.965922	-0.258833
-0	-0.996195	-0.0871507
0	-0.996196	0.0871453
0	-0.965922	0.258833
0	-0.906283	0.422671
0	-0.819173	0.573546
0	-0.707076	0.707138
0	-0.573604	0.819132
0	-0.422596	0.906318
0	-0.258817	0.965926
0	-0.0871561	0.996195
0	0.0871453	0.996196
0	0.258817	0.965926
0	0.422643	0.906296
0	0.573546	0.819173
0	0.707076	0.707138
0	0.819173	0.573546
0	0.906331	0.422568
0	0.965922	0.258833
0	0.996196	0.0871453
0	0.996195	-0.0871507
0	0.965922	-0.258833
0	0.906342	-0.422545
0	0.819153	-0.573575
0	0.707076	-0.707138
0	0.573588	-0.819144
0	0.422643	-0.906296
0	0.258817	-0.965926
0	0.0871453	-0.996196
-0	-0.087158	-0.996194
-0	-0.258828	-0.965923
-0	-0.42262	-0.906307
-0	-0.57357	-0.819157
-0	-0.819176	-0.573543
-0	-0.906291	-0.422653
-0	-0.965923	-0.258828
-0	-0.996195	-0.0871563
0	-0.996194	0.087158
0	-0.965923	0.258828
0	-0.906291	0.422653
0	-0.819176	0.573543
0	-0.57357	0.819157
0	-0.42262	0.906307
0	-0.258828	0.965923
0	-0.087158	0.996194
0	0.087158	0.996194
0	0.258828	0.965923
0	0.42262	0.906307
0	0.57357	0.819157
0	0.819138	0.573597
0	0.906291	0.422653
0	0.965943	0.258753
0	0.996194	0.087158
0	0.996195	-0.0871563
0	0.965943	-0.258753
0	0.906291	-0.422653
0	0.819138	-0.573597
0	0.57357	-0.819157
0	0.42262	-0.906307
0	0.258828	-0.965923
0	0.087158	-0.996194
-0	-0.258809	-0.965928
-0	-0.422604	-0.906314
-0	-0.573597	-0.819138
-0	-0.819138	-0.573597
-0	-0.965943	-0.258753
-0	-0.996194	-0.087158
0	-0.965943	0.258753
0	-0.819138	0.573597
0	0.819176	0.573543
0	0.965923	0.258828
0	0.996194	-0.087158
0	0.965923	-0.258828
0	0.819176	-0.573543
0	0.573597	-0.819138
0	0.422604	-0.906314
0	0.258809	-0.965928

#	Mesh	0	End

