#	Mesh	0	Begin

#	Vertex	168
-55931.7	914.525	-50
-55931.7	914.525	4650
-55931.7	1114.53	4650
-55931.7	1114.53	-50
-59531.7	1114.53	4650
-59531.7	1114.53	-50
-58581.7	1114.53	2100
-56781.7	1114.53	2100
-56781.7	1114.53	0
-58581.7	1114.53	0
-58221.7	1114.53	3412
-57221.7	1114.53	3412
-57221.7	1114.53	2888
-58221.7	1114.53	2888
-57333.3	1114.53	4081.61
-57352.8	1114.53	4083.32
-57371.8	1114.53	4088.39
-57389.6	1114.53	4096.68
-57405.6	1114.53	4107.93
-57419.5	1114.53	4121.79
-57430.7	1114.53	4137.86
-57439	1114.53	4155.63
-57444.1	1114.53	4174.57
-57445.8	1114.53	4194.11
-57444.1	1114.53	4213.64
-57439	1114.53	4232.58
-57430.7	1114.53	4250.36
-57419.5	1114.53	4266.42
-57405.6	1114.53	4280.29
-57389.6	1114.53	4291.53
-57371.8	1114.53	4299.82
-57352.8	1114.53	4304.9
-57333.3	1114.53	4306.61
-57313.8	1114.53	4304.9
-57294.8	1114.53	4299.82
-57277.1	1114.53	4291.53
-57261	1114.53	4280.29
-57247.1	1114.53	4266.42
-57235.9	1114.53	4250.36
-57227.6	1114.53	4232.58
-57222.5	1114.53	4213.64
-57220.8	1114.53	4194.11
-57222.5	1114.53	4174.57
-57227.6	1114.53	4155.63
-57235.9	1114.53	4137.86
-57247.1	1114.53	4121.79
-57261	1114.53	4107.93
-57277.1	1114.53	4096.68
-57294.8	1114.53	4088.39
-57313.8	1114.53	4083.32
-56933.3	1114.53	4082.8
-56952.8	1114.53	4084.51
-56971.8	1114.53	4089.59
-56989.6	1114.53	4097.88
-57005.6	1114.53	4109.12
-57019.5	1114.53	4122.99
-57030.7	1114.53	4139.05
-57039	1114.53	4156.83
-57044.1	1114.53	4175.77
-57045.8	1114.53	4195.3
-57044.1	1114.53	4214.84
-57039	1114.53	4233.78
-57030.7	1114.53	4251.55
-57019.5	1114.53	4267.62
-57005.6	1114.53	4281.48
-56989.6	1114.53	4292.73
-56971.8	1114.53	4301.02
-56952.8	1114.53	4306.09
-56933.3	1114.53	4307.8
-56913.8	1114.53	4306.09
-56894.8	1114.53	4301.02
-56877.1	1114.53	4292.73
-56861	1114.53	4281.48
-56847.1	1114.53	4267.62
-56835.9	1114.53	4251.55
-56827.6	1114.53	4233.78
-56822.5	1114.53	4214.84
-56820.8	1114.53	4195.3
-56822.5	1114.53	4175.77
-56827.6	1114.53	4156.83
-56835.9	1114.53	4139.05
-56847.1	1114.53	4122.99
-56861	1114.53	4109.12
-56877.1	1114.53	4097.88
-56894.8	1114.53	4089.59
-56913.8	1114.53	4084.51
-59531.7	914.525	4650
-59531.7	914.525	-50
-56781.7	914.525	2100
-58581.7	914.525	2100
-58581.7	914.525	0
-56781.7	914.525	0
-57221.7	914.525	3412
-58221.7	914.525	3412
-58221.7	914.525	2888
-57221.7	914.525	2888
-57352.8	914.525	4083.32
-57333.3	914.525	4081.61
-57313.8	914.525	4083.32
-57294.8	914.525	4088.39
-57277.1	914.525	4096.68
-57261	914.525	4107.93
-57247.1	914.525	4121.79
-57235.9	914.525	4137.86
-57227.6	914.525	4155.63
-57222.5	914.525	4174.57
-57220.8	914.525	4194.11
-57222.5	914.525	4213.64
-57227.6	914.525	4232.58
-57235.9	914.525	4250.36
-57247.1	914.525	4266.42
-57261	914.525	4280.29
-57277.1	914.525	4291.53
-57294.8	914.525	4299.82
-57313.8	914.525	4304.9
-57333.3	914.525	4306.61
-57352.8	914.525	4304.9
-57371.8	914.525	4299.82
-57389.6	914.525	4291.53
-57405.6	914.525	4280.29
-57419.5	914.525	4266.42
-57430.7	914.525	4250.36
-57439	914.525	4232.58
-57444.1	914.525	4213.64
-57445.8	914.525	4194.11
-57444.1	914.525	4174.57
-57439	914.525	4155.63
-57430.7	914.525	4137.86
-57419.5	914.525	4121.79
-57405.6	914.525	4107.93
-57389.6	914.525	4096.68
-57371.8	914.525	4088.39
-56952.8	914.525	4084.51
-56933.3	914.525	4082.8
-56913.8	914.525	4084.51
-56894.8	914.525	4089.59
-56877.1	914.525	4097.88
-56861	914.525	4109.12
-56847.1	914.525	4122.99
-56835.9	914.525	4139.05
-56827.6	914.525	4156.83
-56822.5	914.525	4175.77
-56820.8	914.525	4195.3
-56822.5	914.525	4214.84
-56827.6	914.525	4233.78
-56835.9	914.525	4251.55
-56847.1	914.525	4267.62
-56861	914.525	4281.48
-56877.1	914.525	4292.73
-56894.8	914.525	4301.02
-56913.8	914.525	4306.09
-56933.3	914.525	4307.8
-56952.8	914.525	4306.09
-56971.8	914.525	4301.02
-56989.6	914.525	4292.73
-57005.6	914.525	4281.48
-57019.5	914.525	4267.62
-57030.7	914.525	4251.55
-57039	914.525	4233.78
-57044.1	914.525	4214.84
-57045.8	914.525	4195.3
-57044.1	914.525	4175.77
-57039	914.525	4156.83
-57030.7	914.525	4139.05
-57019.5	914.525	4122.99
-57005.6	914.525	4109.12
-56989.6	914.525	4097.88
-56971.8	914.525	4089.59

#	Triangle	64
0	2	1	3	2	0	94	10	93	13	10	94	89	9	6	90	9	89
4	9	5	9	3	5	9	8	3	8	2	3	4	6	9	7	2	8	4	13	6	13	7	6	13	12	7	12	2	7	4	10	13	11	2	12	4	11	10	4	15	11	15	14	11	14	50	11	50	85	11	85	84	11	84	83	11	83	2	11	49	50	14	49	51	50	4	16	15	48	51	49	48	52	51	4	17	16	47	52	48	47	53	52	4	18	17	46	53	47	46	54	53	82	2	83	4	19	18	45	54	46	45	55	54	81	2	82	4	20	19	44	55	45	44	56	55	80	2	81	4	21	20	43	56	44	43	57	56	79	2	80	4	22	21	42	57	43	42	58	57	78	2	79	4	23	22	41	58	42	41	59	58	77	2	78	4	24	23	40	59	41	40	60	59	76	2	77	4	25	24	39	60	40	39	61	60	75	2	76	4	26	25	38	61	39	38	62	61	74	2	75	4	27	26	37	62	38	37	63	62	73	2	74	4	28	27	36	63	37	36	64	63	72	2	73	4	29	28	35	64	36	35	65	64	71	2	72	4	30	29	34	65	35	34	66	65	70	2	71	4	31	30	33	66	34	33	67	66	69	2	70	4	32	31	32	67	33	32	68	67	68	2	69	4	68	32	4	2	68
5	86	4	87	86	5	92	12	95	11	12	92	91	7	8	88	7	91
1	91	0	91	87	0	91	90	87	90	86	87	1	88	91	89	86	90	1	95	88	95	89	88	95	94	89	94	86	89	1	92	95	93	86	94	1	136	92	136	135	92	135	134	92	134	133	92	133	93	92	133	97	93	97	96	93	96	86	93	133	98	97	132	98	133	132	99	98	131	86	96	167	99	132	167	100	99	130	86	131	166	100	167	166	101	100	129	86	130	1	137	136	165	101	166	165	102	101	128	86	129	1	138	137	164	102	165	164	103	102	127	86	128	1	139	138	163	103	164	163	104	103	126	86	127	1	140	139	162	104	163	162	105	104	125	86	126	1	141	140	161	105	162	161	106	105	124	86	125	1	142	141	160	106	161	160	107	106	123	86	124	1	143	142	159	107	160	159	108	107	122	86	123	1	144	143	158	108	159	158	109	108	121	86	122	1	145	144	157	109	158	157	110	109	120	86	121	1	146	145	156	110	157	156	111	110	119	86	120	1	147	146	155	111	156	155	112	111	118	86	119	1	148	147	154	112	155	154	113	112	117	86	118	1	149	148	153	113	154	153	114	113	116	86	117	1	150	149	152	114	153	152	115	114	115	86	116	1	151	150	151	115	152	151	86	115	1	86	151
0	5	3	87	5	0	93	11	92	10	11	93	88	6	7	89	6	88
2	86	1	4	86	2	95	13	94	12	13	95	90	8	9	91	8	90
97	15	96	14	15	97
96	16	131	15	16	96	132	52	167	51	52	132
131	17	130	16	17	131
130	18	129	17	18	130
129	19	128	18	19	129
128	20	127	19	20	128	164	56	163	55	56	164
127	21	126	20	21	127
126	22	125	21	22	126
125	23	124	22	23	125	161	59	160	58	59	161
124	24	123	23	24	124
123	25	122	24	25	123
122	26	121	25	26	122	158	62	157	61	62	158
121	27	120	26	27	121	157	63	156	62	63	157
120	28	119	27	28	120
119	29	118	28	29	119
118	30	117	29	30	118	154	66	153	65	66	154
117	31	116	30	31	117
116	32	115	31	32	116
115	33	114	32	33	115
114	34	113	33	34	114
113	35	112	34	35	113	149	71	148	70	71	149
112	36	111	35	36	112
111	37	110	36	37	111
110	38	109	37	38	110	146	74	145	73	74	146
109	39	108	38	39	109	145	75	144	74	75	145
108	40	107	39	40	108
107	41	106	40	41	107
106	42	105	41	42	106	142	78	141	77	78	142
105	43	104	42	43	105
104	44	103	43	44	104
103	45	102	44	45	103	139	81	138	80	81	139
102	46	101	45	46	102	138	82	137	81	82	138
101	47	100	46	47	101	137	83	136	82	83	137
100	48	99	47	48	100
99	49	98	48	49	99	135	85	134	84	85	135
98	14	97	49	14	98
133	51	132	50	51	133
167	53	166	52	53	167
166	54	165	53	54	166
165	55	164	54	55	165
163	57	162	56	57	163
162	58	161	57	58	162
160	60	159	59	60	160
159	61	158	60	61	159
156	64	155	63	64	156
155	65	154	64	65	155
153	67	152	66	67	153
152	68	151	67	68	152
151	69	150	68	69	151
150	70	149	69	70	150
148	72	147	71	72	148
147	73	146	72	73	147
144	76	143	75	76	144
143	77	142	76	77	143
141	79	140	78	79	141
140	80	139	79	80	140
136	84	135	83	84	136
134	50	133	85	50	134

#	Normal	64
-1	0	0
0	-1	0
1	0	0
0	1	-0
0	0	1
0	0	-1
-0.087162	0	-0.996194
-0.258824	0	-0.965924
-0.422606	0	-0.906313
-0.573593	0	-0.819141
-0.707094	0	-0.707119
-0.819099	0	-0.573653
-0.906357	0	-0.422513
-0.96589	0	-0.258952
-0.996204	0	-0.0870486
-0.996204	0	0.0870486
-0.96589	0	0.258952
-0.906357	0	0.422513
-0.819099	0	0.573653
-0.707094	0	0.707119
-0.573593	0	0.819141
-0.422606	0	0.906313
-0.258836	0	0.965921
-0.0871497	0	0.996195
0.0871497	-0	0.996195
0.258836	-0	0.965921
0.422606	-0	0.906313
0.573593	-0	0.819141
0.707094	-0	0.707119
0.819192	-0	0.573519
0.90628	-0	0.422677
0.96594	-0	0.258766
0.996187	-0	0.0872463
0.996187	0	-0.0872463
0.96594	0	-0.258766
0.90628	0	-0.422677
0.819192	0	-0.573519
0.707094	0	-0.707119
0.573593	0	-0.819141
0.422606	0	-0.906313
0.258824	0	-0.965924
0.087162	0	-0.996194
-0.0871497	0	-0.996195
-0.422616	0	-0.906309
-0.573499	0	-0.819206
-0.707194	0	-0.70702
-0.906352	0	-0.422523
-0.965892	0	-0.258946
-0.996204	0	0.0870508
-0.965892	0	0.258946
-0.707181	0	0.707032
-0.573516	0	0.819194
-0.258812	0	0.965928
-0.0871744	0	0.996193
0.0871744	-0	0.996193
0.258812	-0	0.965928
0.573609	-0	0.819129
0.707082	-0	0.707132
0.965942	-0	0.25876
0.996187	-0	0.0872485
0.965942	0	-0.25876
0.906276	0	-0.422686
0.422616	0	-0.906309
0.0871497	0	-0.996195

#	Mesh	0	End

