#	Mesh	0	Begin

#	Vertex	164
30918.3	8309.53	-100
30918.3	8309.53	5230
31223.3	8309.53	-40
31223.3	8309.53	-100
31223.3	8309.53	5230
30918.3	8309.53	-20
31223.3	9309.53	-40
31223.3	9309.53	-100
31223.3	9309.53	5230
31223.3	8309.53	-20
31223.3	8798.35	3020
31223.3	8812.24	3021.22
31223.3	8825.71	3024.82
31223.3	8838.35	3030.72
31223.3	8849.77	3038.72
31223.3	8859.63	3048.58
31223.3	8867.63	3060
31223.3	8873.53	3072.64
31223.3	8877.13	3086.11
31223.3	8878.35	3100
31223.3	8877.13	3113.89
31223.3	8873.53	3127.36
31223.3	8867.63	3140
31223.3	8859.63	3151.42
31223.3	8849.77	3161.28
31223.3	8838.35	3169.28
31223.3	8825.71	3175.18
31223.3	8812.24	3178.78
31223.3	8798.35	3180
31223.3	8784.46	3178.78
31223.3	8770.99	3175.18
31223.3	8758.35	3169.28
31223.3	8746.93	3161.28
31223.3	8737.07	3151.42
31223.3	8729.07	3140
31223.3	8723.17	3127.36
31223.3	8719.57	3113.89
31223.3	8718.35	3100
31223.3	8719.57	3086.11
31223.3	8723.17	3072.64
31223.3	8729.07	3060
31223.3	8737.07	3048.58
31223.3	8746.93	3038.72
31223.3	8758.35	3030.72
31223.3	8770.99	3024.82
31223.3	8784.46	3021.22
31223.3	8414.53	3020
31223.3	8428.42	3021.22
31223.3	8441.89	3024.82
31223.3	8454.53	3030.72
31223.3	8465.95	3038.72
31223.3	8475.81	3048.58
31223.3	8483.81	3060
31223.3	8489.7	3072.64
31223.3	8493.31	3086.11
31223.3	8494.53	3100
31223.3	8493.31	3113.89
31223.3	8489.7	3127.36
31223.3	8483.81	3140
31223.3	8475.81	3151.42
31223.3	8465.95	3161.28
31223.3	8454.53	3169.28
31223.3	8441.89	3175.18
31223.3	8428.42	3178.78
31223.3	8414.53	3180
31223.3	8400.63	3178.78
31223.3	8387.16	3175.18
31223.3	8374.53	3169.28
31223.3	8363.1	3161.28
31223.3	8353.24	3151.42
31223.3	8345.24	3140
31223.3	8339.35	3127.36
31223.3	8335.74	3113.89
31223.3	8334.53	3100
31223.3	8335.74	3086.11
31223.3	8339.35	3072.64
31223.3	8345.24	3060
31223.3	8353.24	3048.58
31223.3	8363.1	3038.72
31223.3	8374.53	3030.72
31223.3	8387.16	3024.82
31223.3	8400.63	3021.22
31118.3	9309.53	-40
31118.3	9309.53	-20
31223.3	9309.53	-20
30918.3	9309.53	5230
30918.3	9309.53	-100
30918.3	8414.53	-20
30918.3	8414.53	-40
30918.3	8309.53	-40
30918.3	8812.24	3021.22
30918.3	8798.35	3020
30918.3	8784.46	3021.22
30918.3	8770.99	3024.82
30918.3	8758.35	3030.72
30918.3	8746.93	3038.72
30918.3	8737.07	3048.58
30918.3	8729.07	3060
30918.3	8723.17	3072.64
30918.3	8719.57	3086.11
30918.3	8718.35	3100
30918.3	8719.57	3113.89
30918.3	8723.17	3127.36
30918.3	8729.07	3140
30918.3	8737.07	3151.42
30918.3	8746.93	3161.28
30918.3	8758.35	3169.28
30918.3	8770.99	3175.18
30918.3	8784.46	3178.78
30918.3	8798.35	3180
30918.3	8812.24	3178.78
30918.3	8825.71	3175.18
30918.3	8838.35	3169.28
30918.3	8849.77	3161.28
30918.3	8859.63	3151.42
30918.3	8867.63	3140
30918.3	8873.53	3127.36
30918.3	8877.13	3113.89
30918.3	8878.35	3100
30918.3	8877.13	3086.11
30918.3	8873.53	3072.64
30918.3	8867.63	3060
30918.3	8859.63	3048.58
30918.3	8849.77	3038.72
30918.3	8838.35	3030.72
30918.3	8825.71	3024.82
30918.3	8428.42	3021.22
30918.3	8414.53	3020
30918.3	8400.63	3021.22
30918.3	8387.16	3024.82
30918.3	8374.53	3030.72
30918.3	8363.1	3038.72
30918.3	8353.24	3048.58
30918.3	8345.24	3060
30918.3	8339.35	3072.64
30918.3	8335.74	3086.11
30918.3	8334.53	3100
30918.3	8335.74	3113.89
30918.3	8339.35	3127.36
30918.3	8345.24	3140
30918.3	8353.24	3151.42
30918.3	8363.1	3161.28
30918.3	8374.53	3169.28
30918.3	8387.16	3175.18
30918.3	8400.63	3178.78
30918.3	8414.53	3180
30918.3	8428.42	3178.78
30918.3	8441.89	3175.18
30918.3	8454.53	3169.28
30918.3	8465.95	3161.28
30918.3	8475.81	3151.42
30918.3	8483.81	3140
30918.3	8489.7	3127.36
30918.3	8493.31	3113.89
30918.3	8494.53	3100
30918.3	8493.31	3086.11
30918.3	8489.7	3072.64
30918.3	8483.81	3060
30918.3	8475.81	3048.58
30918.3	8465.95	3038.72
30918.3	8454.53	3030.72
30918.3	8441.89	3024.82
31118.3	8414.53	-40
31118.3	8414.53	-20

#	Triangle	50
89	3	2	0	3	89	9	1	5	4	1	9	88	163	87	162	163	88
2	7	6	3	7	2	8	9	84	8	18	9	18	17	9	17	16	9	16	15	9	15	14	9	14	13	9	13	12	9	12	11	9	11	10	9	10	46	9	46	81	9	81	80	9	80	79	9	79	78	9	78	77	9	77	76	9	76	75	9	75	74	9	74	73	9	73	4	9	45	46	10	45	47	46	44	47	45	44	48	47	43	48	44	43	49	48	42	49	43	42	50	49	41	50	42	41	51	50	40	51	41	40	52	51	39	52	40	39	53	52	38	53	39	38	54	53	8	19	18	37	54	38	37	55	54	8	20	19	36	55	37	36	56	55	72	4	73	8	21	20	35	56	36	35	57	56	71	4	72	8	22	21	34	57	35	34	58	57	70	4	71	8	23	22	33	58	34	33	59	58	69	4	70	8	24	23	32	59	33	32	60	59	68	4	69	8	25	24	31	60	32	31	61	60	67	4	68	8	26	25	30	61	31	30	62	61	66	4	67	8	27	26	29	62	30	29	63	62	65	4	66	8	28	27	28	63	29	28	64	63	64	4	65	8	64	28	8	4	64	162	83	163	82	83	162
85	82	86	82	7	86	82	6	7	85	83	82	85	84	83	85	8	84
89	86	0	89	88	86	88	85	86	87	85	88	1	136	5	136	135	5	135	134	5	134	133	5	133	87	5	133	132	87	132	131	87	131	130	87	130	129	87	129	128	87	128	127	87	127	91	87	91	90	87	90	125	87	125	124	87	124	123	87	123	122	87	122	121	87	121	120	87	120	119	87	119	85	87	126	91	127	126	92	91	161	92	126	161	93	92	160	93	161	160	94	93	159	94	160	159	95	94	158	95	159	158	96	95	157	96	158	157	97	96	156	97	157	156	98	97	155	98	156	155	99	98	154	99	155	154	100	99	118	85	119	1	137	136	153	100	154	153	101	100	117	85	118	1	138	137	152	101	153	152	102	101	116	85	117	1	139	138	151	102	152	151	103	102	115	85	116	1	140	139	150	103	151	150	104	103	114	85	115	1	141	140	149	104	150	149	105	104	113	85	114	1	142	141	148	105	149	148	106	105	112	85	113	1	143	142	147	106	148	147	107	106	111	85	112	1	144	143	146	107	147	146	108	107	110	85	111	1	145	144	145	108	146	145	109	108	109	85	110	1	109	145	1	85	109
0	7	3	86	7	0	9	83	84	9	163	83	9	87	163	9	5	87
4	85	1	8	85	4	162	6	82	162	2	6	89	162	88	89	2	162
91	11	90	10	11	91	127	47	126	46	47	127
90	12	125	11	12	90	126	48	161	47	48	126
125	13	124	12	13	125	161	49	160	48	49	161
124	14	123	13	14	124	160	50	159	49	50	160
123	15	122	14	15	123
122	16	121	15	16	122
121	17	120	16	17	121	157	53	156	52	53	157
120	18	119	17	18	120	156	54	155	53	54	156
119	19	118	18	19	119	155	55	154	54	55	155
118	20	117	19	20	118	154	56	153	55	56	154
117	21	116	20	21	117	153	57	152	56	57	153
116	22	115	21	22	116	152	58	151	57	58	152
115	23	114	22	23	115
114	24	113	23	24	114
113	25	112	24	25	113	149	61	148	60	61	149
112	26	111	25	26	112	148	62	147	61	62	148
111	27	110	26	27	111	147	63	146	62	63	147
110	28	109	27	28	110	146	64	145	63	64	146
109	29	108	28	29	109	145	65	144	64	65	145
108	30	107	29	30	108	144	66	143	65	66	144
107	31	106	30	31	107	143	67	142	66	67	143
106	32	105	31	32	106	142	68	141	67	68	142
105	33	104	32	33	105	141	69	140	68	69	141
104	34	103	33	34	104	140	70	139	69	70	140
103	35	102	34	35	103
102	36	101	35	36	102
101	37	100	36	37	101	137	73	136	72	73	137
100	38	99	37	38	100	136	74	135	73	74	136
99	39	98	38	39	99
98	40	97	39	40	98
97	41	96	40	41	97	133	77	132	76	77	133
96	42	95	41	42	96	132	78	131	77	78	132
95	43	94	42	43	95	131	79	130	78	79	131
94	44	93	43	44	94	130	80	129	79	80	130
93	45	92	44	45	93	129	81	128	80	81	129
92	10	91	45	10	92	128	46	127	81	46	128
159	51	158	50	51	159
158	52	157	51	52	158
151	59	150	58	59	151
150	60	149	59	60	150
139	71	138	70	71	139
138	72	137	71	72	138
135	75	134	74	75	135
134	76	133	75	76	134

#	Normal	50
0	1	0
-1	-0	-0
0	-1	0
1	0	0
0	-0	1
0	0	-1
0	0.0871539	-0.996195
0	0.258831	-0.965923
0	0.422607	-0.906313
0	0.573585	-0.819146
0	0.707072	-0.707142
0	0.819169	-0.573553
0	0.906303	-0.422628
0	0.965923	-0.258831
0	0.996198	-0.0871176
-0	0.996198	0.0871176
-0	0.965923	0.258831
-0	0.906303	0.422628
-0	0.819169	0.573553
-0	0.707072	0.707142
-0	0.573585	0.819146
-0	0.422607	0.906313
-0	0.258831	0.965923
-0	0.0871539	0.996195
0	-0.0871539	0.996195
0	-0.258831	0.965923
0	-0.422607	0.906313
0	-0.573585	0.819146
0	-0.707107	0.707107
0	-0.819136	0.5736
0	-0.90633	0.42257
0	-0.965923	0.258831
0	-0.996192	0.0871871
0	-0.996192	-0.0871871
0	-0.965923	-0.258831
0	-0.90633	-0.42257
0	-0.819136	-0.5736
0	-0.707107	-0.707107
0	-0.573585	-0.819146
0	-0.422607	-0.906313
0	-0.258831	-0.965923
0	-0.0871539	-0.996195
0	0.707107	-0.707107
0	0.819136	-0.5736
-0	0.819136	0.5736
-0	0.707107	0.707107
0	-0.906303	0.422628
0	-0.96594	0.258765
0	-0.96594	-0.258765
0	-0.906303	-0.422628

#	Mesh	0	End

