#	Mesh	0	Begin

#	Vertex	260
-107832	9864.53	-50
-107832	9864.53	5230
-107632	9864.53	-5.00222e-012
-107632	9864.53	-50
-107632	9864.53	5230
-107832	9864.53	2300
-107632	11664.5	-5.00222e-012
-107632	13464.5	-5.00222e-012
-107632	13464.5	-50
-107632	13464.5	5230
-107632	11664.5	2300
-107632	9864.53	2300
-107632	12533.1	4150
-107632	12833.1	4150
-107632	13133.1	4150
-107632	13433.1	4150
-107632	13433.1	4350
-107632	13133.1	4350
-107632	12833.1	4350
-107632	12533.1	4350
-107632	10033.4	4450
-107632	10733.4	4450
-107632	10733.4	4650
-107632	10033.4	4650
-107632	9974.53	4215
-107632	9989.29	4216.29
-107632	10003.6	4220.13
-107632	10017	4226.39
-107632	10029.2	4234.89
-107632	10039.6	4245.36
-107632	10048.1	4257.5
-107632	10054.4	4270.93
-107632	10058.2	4285.24
-107632	10059.5	4300
-107632	10058.2	4314.76
-107632	10054.4	4329.07
-107632	10048.1	4342.5
-107632	10039.6	4354.64
-107632	10029.2	4365.11
-107632	10017	4373.61
-107632	10003.6	4379.87
-107632	9989.29	4383.71
-107632	9974.53	4385
-107632	9959.77	4383.71
-107632	9945.45	4379.87
-107632	9932.03	4373.61
-107632	9919.89	4365.11
-107632	9909.41	4354.64
-107632	9900.91	4342.5
-107632	9894.65	4329.07
-107632	9890.82	4314.76
-107632	9889.53	4300
-107632	9890.82	4285.24
-107632	9894.65	4270.93
-107632	9900.91	4257.5
-107632	9909.41	4245.36
-107632	9919.89	4234.89
-107632	9932.03	4226.39
-107632	9945.45	4220.13
-107632	9959.77	4216.29
-107632	10234.5	4215
-107632	10249.3	4216.29
-107632	10263.6	4220.13
-107632	10277	4226.39
-107632	10289.2	4234.89
-107632	10299.6	4245.36
-107632	10308.1	4257.5
-107632	10314.4	4270.93
-107632	10318.2	4285.24
-107632	10319.5	4300
-107632	10318.2	4314.76
-107632	10314.4	4329.07
-107632	10308.1	4342.5
-107632	10299.6	4354.64
-107632	10289.2	4365.11
-107632	10277	4373.61
-107632	10263.6	4379.87
-107632	10249.3	4383.71
-107632	10234.5	4385
-107632	10219.8	4383.71
-107632	10205.5	4379.87
-107632	10192	4373.61
-107632	10179.9	4365.11
-107632	10169.4	4354.64
-107632	10160.9	4342.5
-107632	10154.7	4329.07
-107632	10150.8	4314.76
-107632	10149.5	4300
-107632	10150.8	4285.24
-107632	10154.7	4270.93
-107632	10160.9	4257.5
-107632	10169.4	4245.36
-107632	10179.9	4234.89
-107632	10192	4226.39
-107632	10205.5	4220.13
-107632	10219.8	4216.29
-107632	10474.5	4268.5
-107632	10480	4268.98
-107632	10485.3	4270.4
-107632	10490.3	4272.72
-107632	10494.8	4275.87
-107632	10498.7	4279.75
-107632	10501.8	4284.25
-107632	10504.1	4289.23
-107632	10505.5	4294.53
-107632	10506	4300
-107632	10505.5	4305.47
-107632	10504.1	4310.77
-107632	10501.8	4315.75
-107632	10498.7	4320.25
-107632	10494.8	4324.13
-107632	10490.3	4327.28
-107632	10485.3	4329.6
-107632	10480	4331.02
-107632	10474.5	4331.5
-107632	10469.1	4331.02
-107632	10463.8	4329.6
-107632	10458.8	4327.28
-107632	10454.3	4324.13
-107632	10450.4	4320.25
-107632	10447.2	4315.75
-107632	10444.9	4310.77
-107632	10443.5	4305.47
-107632	10443	4300
-107632	10443.5	4294.53
-107632	10444.9	4289.23
-107632	10447.2	4284.25
-107632	10450.4	4279.75
-107632	10454.3	4275.87
-107632	10458.8	4272.72
-107632	10463.8	4270.4
-107632	10469.1	4268.98
-107832	13464.5	-5.00222e-012
-107832	13464.5	-50
-107832	13464.5	5230
-107632	13464.5	2300
-107832	11664.5	-5.00222e-012
-107832	9864.53	-5.00222e-012
-107832	11664.5	2300
-107832	13464.5	2300
-107832	12833.1	4150
-107832	12533.1	4150
-107832	12533.1	4350
-107832	12833.1	4350
-107832	13133.1	4350
-107832	13433.1	4350
-107832	13433.1	4150
-107832	13133.1	4150
-107832	10733.4	4450
-107832	10033.4	4450
-107832	10033.4	4650
-107832	10733.4	4650
-107832	9989.29	4216.29
-107832	9974.53	4215
-107832	9959.77	4216.29
-107832	9945.45	4220.13
-107832	9932.03	4226.39
-107832	9919.89	4234.89
-107832	9909.41	4245.36
-107832	9900.91	4257.5
-107832	9894.65	4270.93
-107832	9890.82	4285.24
-107832	9889.53	4300
-107832	9890.82	4314.76
-107832	9894.65	4329.07
-107832	9900.91	4342.5
-107832	9909.41	4354.64
-107832	9919.89	4365.11
-107832	9932.03	4373.61
-107832	9945.45	4379.87
-107832	9959.77	4383.71
-107832	9974.53	4385
-107832	9989.29	4383.71
-107832	10003.6	4379.87
-107832	10017	4373.61
-107832	10029.2	4365.11
-107832	10039.6	4354.64
-107832	10048.1	4342.5
-107832	10054.4	4329.07
-107832	10058.2	4314.76
-107832	10059.5	4300
-107832	10058.2	4285.24
-107832	10054.4	4270.93
-107832	10048.1	4257.5
-107832	10039.6	4245.36
-107832	10029.2	4234.89
-107832	10017	4226.39
-107832	10003.6	4220.13
-107832	10249.3	4216.29
-107832	10234.5	4215
-107832	10219.8	4216.29
-107832	10205.5	4220.13
-107832	10192	4226.39
-107832	10179.9	4234.89
-107832	10169.4	4245.36
-107832	10160.9	4257.5
-107832	10154.7	4270.93
-107832	10150.8	4285.24
-107832	10149.5	4300
-107832	10150.8	4314.76
-107832	10154.7	4329.07
-107832	10160.9	4342.5
-107832	10169.4	4354.64
-107832	10179.9	4365.11
-107832	10192	4373.61
-107832	10205.5	4379.87
-107832	10219.8	4383.71
-107832	10234.5	4385
-107832	10249.3	4383.71
-107832	10263.6	4379.87
-107832	10277	4373.61
-107832	10289.2	4365.11
-107832	10299.6	4354.64
-107832	10308.1	4342.5
-107832	10314.4	4329.07
-107832	10318.2	4314.76
-107832	10319.5	4300
-107832	10318.2	4285.24
-107832	10314.4	4270.93
-107832	10308.1	4257.5
-107832	10299.6	4245.36
-107832	10289.2	4234.89
-107832	10277	4226.39
-107832	10263.6	4220.13
-107832	10480	4268.98
-107832	10474.5	4268.5
-107832	10469.1	4268.98
-107832	10463.8	4270.4
-107832	10458.8	4272.72
-107832	10454.3	4275.87
-107832	10450.4	4279.75
-107832	10447.2	4284.25
-107832	10444.9	4289.23
-107832	10443.5	4294.53
-107832	10443	4300
-107832	10443.5	4305.47
-107832	10444.9	4310.77
-107832	10447.2	4315.75
-107832	10450.4	4320.25
-107832	10454.3	4324.13
-107832	10458.8	4327.28
-107832	10463.8	4329.6
-107832	10469.1	4331.02
-107832	10474.5	4331.5
-107832	10480	4331.02
-107832	10485.3	4329.6
-107832	10490.3	4327.28
-107832	10494.8	4324.13
-107832	10498.7	4320.25
-107832	10501.8	4315.75
-107832	10504.1	4310.77
-107832	10505.5	4305.47
-107832	10506	4300
-107832	10505.5	4294.53
-107832	10504.1	4289.23
-107832	10501.8	4284.25
-107832	10498.7	4279.75
-107832	10494.8	4275.87
-107832	10490.3	4272.72
-107832	10485.3	4270.4

#	Triangle	78
137	3	2	0	3	137	11	1	5	4	1	11	146	16	145	15	16	146	148	22	151	21	22	148
7	3	8	7	6	3	6	2	3	9	15	135	15	10	135	15	11	10	15	14	11	14	13	11	13	12	11	12	60	11	60	24	11	24	59	11	59	58	11	58	57	11	57	56	11	56	55	11	55	54	11	54	53	11	53	52	11	52	51	11	51	4	11	9	16	15	19	60	12	19	61	60	95	24	60	95	25	24	19	62	61	94	25	95	94	26	25	19	63	62	93	26	94	93	27	26	19	64	63	92	27	93	92	28	27	19	65	64	91	28	92	91	29	28	19	66	65	90	29	91	90	30	29	19	96	66	96	67	66	89	30	90	89	31	30	19	97	96	131	67	96	19	98	97	130	67	131	19	99	98	129	67	130	129	68	67	88	31	89	88	32	31	19	100	99	128	68	129	19	101	100	127	68	128	19	102	101	126	68	127	19	103	102	125	68	126	125	69	68	87	32	88	87	33	32	19	104	103	124	69	125	19	105	104	123	69	124	19	106	105	122	69	123	122	70	69	86	33	87	86	34	33	50	4	51	19	107	106	121	70	122	19	108	107	120	70	121	120	71	70	85	34	86	85	35	34	49	4	50	19	109	108	119	71	120	19	110	109	118	71	119	19	111	110	117	71	118	19	112	111	116	71	117	116	72	71	84	35	85	84	36	35	48	4	49	19	113	112	115	72	116	19	114	113	114	72	115	19	72	114	19	73	72	83	36	84	83	37	36	47	4	48	9	17	16	9	18	17	9	19	18	9	21	19	21	73	19	21	74	73	82	37	83	82	38	37	46	4	47	21	75	74	81	38	82	81	39	38	45	4	46	21	76	75	80	39	81	80	40	39	44	4	45	21	77	76	79	40	80	79	41	40	43	4	44	21	78	77	78	41	79	78	42	41	42	4	43	21	42	78	21	20	42	20	4	42	9	22	21	23	4	20	9	23	22	9	4	23
7	133	132	8	133	7	139	9	135	134	9	139	142	12	141	19	12	142	150	20	149	23	20	150
137	133	0	137	136	133	136	132	133	1	162	5	162	161	5	161	160	5	160	159	5	159	158	5	158	157	5	157	156	5	156	155	5	155	154	5	154	153	5	153	138	5	153	139	138	153	141	139	141	140	139	140	147	139	147	146	139	146	134	139	153	189	141	189	142	141	145	134	146	152	189	153	152	190	189	188	142	189	187	190	152	187	191	190	223	142	188	186	191	187	186	192	191	222	142	223	185	192	186	185	193	192	221	142	222	184	193	185	184	194	193	220	142	221	183	194	184	183	195	194	219	142	220	182	195	183	182	196	195	218	225	219	225	142	219	218	226	225	224	142	225	218	227	226	259	142	224	218	228	227	258	142	259	181	196	182	181	197	196	217	228	218	217	229	228	257	142	258	217	230	229	256	142	257	217	231	230	255	142	256	217	232	231	254	142	255	180	197	181	180	198	197	216	232	217	216	233	232	253	142	254	216	234	233	252	142	253	1	163	162	179	198	180	179	199	198	215	234	216	215	235	234	251	142	252	215	236	235	250	142	251	215	237	236	249	142	250	1	164	163	178	199	179	178	200	199	214	237	215	214	238	237	248	142	249	214	239	238	247	142	248	214	240	239	246	142	247	214	241	240	245	142	246	1	165	164	177	200	178	177	201	200	213	241	214	213	242	241	244	142	245	213	243	242	243	142	244	213	142	243	1	166	165	176	201	177	176	202	201	212	142	213	212	143	142	212	144	143	212	145	144	212	148	145	148	134	145	1	167	166	175	202	176	175	203	202	211	148	212	1	168	167	174	203	175	174	204	203	210	148	211	1	169	168	173	204	174	173	205	204	209	148	210	1	170	169	172	205	173	172	206	205	208	148	209	1	171	170	171	206	172	171	207	206	207	148	208	1	149	171	149	207	171	149	148	207	1	150	149	151	134	148	1	151	150	1	134	151
0	8	3	133	8	0	143	19	142	18	19	143	145	17	144	16	17	145	144	18	143	17	18	144	10	5	138	11	5	10	135	138	139	10	138	135	151	23	150	22	23	151
4	134	1	9	134	4	141	13	140	12	13	141	147	15	146	14	15	147	140	14	147	13	14	140	2	136	137	6	136	2	6	132	136	7	132	6	149	21	148	20	21	149
153	25	152	24	25	153	189	61	188	60	61	189
152	26	187	25	26	152	188	62	223	61	62	188
187	27	186	26	27	187	223	63	222	62	63	223
186	28	185	27	28	186	222	64	221	63	64	222
185	29	184	28	29	185	221	65	220	64	65	221
184	30	183	29	30	184	220	66	219	65	66	220
183	31	182	30	31	183	219	67	218	66	67	219
182	32	181	31	32	182	218	68	217	67	68	218
181	33	180	32	33	181	217	69	216	68	69	217
180	34	179	33	34	180	216	70	215	69	70	216
179	35	178	34	35	179	215	71	214	70	71	215
178	36	177	35	36	178	214	72	213	71	72	214
177	37	176	36	37	177	213	73	212	72	73	213
176	38	175	37	38	176	212	74	211	73	74	212
175	39	174	38	39	175	211	75	210	74	75	211
174	40	173	39	40	174	210	76	209	75	76	210
173	41	172	40	41	173	209	77	208	76	77	209
172	42	171	41	42	172	208	78	207	77	78	208
171	43	170	42	43	171	207	79	206	78	79	207
170	44	169	43	44	170	206	80	205	79	80	206
169	45	168	44	45	169	205	81	204	80	81	205
168	46	167	45	46	168	204	82	203	81	82	204
167	47	166	46	47	167	203	83	202	82	83	203
166	48	165	47	48	166	202	84	201	83	84	202
165	49	164	48	49	165	201	85	200	84	85	201
164	50	163	49	50	164	200	86	199	85	86	200
163	51	162	50	51	163	199	87	198	86	87	199
162	52	161	51	52	162	198	88	197	87	88	198
161	53	160	52	53	161	197	89	196	88	89	197
160	54	159	53	54	160	196	90	195	89	90	196
159	55	158	54	55	159	195	91	194	90	91	195
158	56	157	55	56	158	194	92	193	91	92	194
157	57	156	56	57	157	193	93	192	92	93	193
156	58	155	57	58	156	192	94	191	93	94	192
155	59	154	58	59	155	191	95	190	94	95	191
154	24	153	59	24	154	190	60	189	95	60	190
225	97	224	96	97	225
224	98	259	97	98	224
259	99	258	98	99	259
258	100	257	99	100	258
257	101	256	100	101	257
256	102	255	101	102	256
255	103	254	102	103	255
254	104	253	103	104	254
253	105	252	104	105	253
252	106	251	105	106	252
251	107	250	106	107	251
250	108	249	107	108	250
249	109	248	108	109	249
248	110	247	109	110	248
247	111	246	110	111	247
246	112	245	111	112	246
245	113	244	112	113	245
244	114	243	113	114	244
243	115	242	114	115	243
242	116	241	115	116	242
241	117	240	116	117	241
240	118	239	117	118	240
239	119	238	118	119	239
238	120	237	119	120	238
237	121	236	120	121	237
236	122	235	121	122	236
235	123	234	122	123	235
234	124	233	123	124	234
233	125	232	124	125	233
232	126	231	125	126	232
231	127	230	126	127	231
230	128	229	127	128	230
229	129	228	128	129	229
228	130	227	129	130	228
227	131	226	130	131	227
226	96	225	131	96	226

#	Normal	78
0	1	0
-1	0	0
0	-1	0
1	0	0
0	-0	1
0	0	-1
0	0.0871686	-0.996194
0	0.258784	-0.965935
0	0.422633	-0.906301
0	0.573591	-0.819142
0	0.70709	-0.707123
0	0.819158	-0.573569
0	0.906307	-0.42262
0	0.965922	-0.258832
0	0.996197	-0.087133
-0	0.996197	0.087133
-0	0.965922	0.258832
-0	0.906307	0.42262
-0	0.819158	0.573569
-0	0.70709	0.707123
-0	0.573591	0.819142
-0	0.422633	0.906301
-0	0.258784	0.965935
-0	0.0871686	0.996194
0	-0.0871686	0.996194
0	-0.258801	0.965931
0	-0.422608	0.906313
0	-0.573591	0.819142
0	-0.707123	0.70709
0	-0.819127	0.573613
0	-0.906307	0.42262
0	-0.965922	0.258832
0	-0.996197	0.087133
0	-0.996197	-0.087133
0	-0.965922	-0.258832
0	-0.906307	-0.42262
0	-0.819127	-0.573613
0	-0.707123	-0.70709
0	-0.573591	-0.819142
0	-0.422608	-0.906313
0	-0.258801	-0.965931
0	-0.0871686	-0.996194
0	0.0871515	-0.996195
0	0.258864	-0.965914
0	0.422574	-0.906328
0	0.573558	-0.819165
0	0.707062	-0.707151
0	0.819165	-0.573558
0	0.906328	-0.422574
0	0.965936	-0.258781
0	0.996195	-0.0871515
-0	0.996195	0.0871515
-0	0.965936	0.258781
-0	0.906328	0.422574
-0	0.819165	0.573558
-0	0.707062	0.707151
-0	0.573558	0.819165
-0	0.422574	0.906328
-0	0.258864	0.965914
-0	0.0871515	0.996195
0	-0.0871515	0.996195
0	-0.258864	0.965914
0	-0.422574	0.906328
0	-0.573558	0.819165
0	-0.707151	0.707062
0	-0.819165	0.573558
0	-0.90626	0.42272
0	-0.965936	0.258781
0	-0.996195	0.0871515
0	-0.996195	-0.0871515
0	-0.965936	-0.258781
0	-0.90626	-0.42272
0	-0.819165	-0.573558
0	-0.707151	-0.707062
0	-0.573558	-0.819165
0	-0.422574	-0.906328
0	-0.258864	-0.965914
0	-0.0871515	-0.996195

#	Mesh	0	End

