#	Mesh	0	Begin

#	Vertex	32
54018.3	-7080.47	-100
54018.3	-7080.47	4650
54018.3	-7385.47	4650
54018.3	-7385.47	-100
60015.8	-7385.47	4650
60015.8	-7385.47	-100
56105.4	-7385.47	3200
58205.4	-7385.47	3200
58205.4	-7385.47	4550
56105.4	-7385.47	4550
56105.4	-7385.47	4075
55890.5	-7385.47	4075
55890.5	-7385.47	3925
56105.4	-7385.47	3925
54057.7	-7385.47	3450
55757.7	-7385.47	3450
55757.7	-7385.47	4550
54057.7	-7385.47	4550
60015.8	-7080.47	4650
60015.8	-7080.47	-100
58205.4	-7080.47	3200
56105.4	-7080.47	3200
56105.4	-7080.47	3925
55890.5	-7080.47	3925
55890.5	-7080.47	4075
56105.4	-7080.47	4075
56105.4	-7080.47	4550
58205.4	-7080.47	4550
55757.7	-7080.47	3450
54057.7	-7080.47	3450
54057.7	-7080.47	4550
55757.7	-7080.47	4550

#	Triangle	6
0	2	1	3	2	0	20	8	27	7	8	20	28	16	31	15	16	28
4	7	5	7	3	5	7	6	3	6	14	3	14	2	3	4	8	7	13	15	6	15	14	6	13	12	15	12	16	15	17	2	14	11	16	12	9	11	10	9	16	11	4	9	8	4	16	9	4	17	16	4	2	17
5	18	4	19	18	5	22	6	21	13	6	22	10	26	9	25	26	10	24	12	23	11	12	24	30	14	29	17	14	30
1	29	0	29	19	0	29	21	19	21	20	19	20	18	19	29	28	21	28	22	21	27	18	20	1	30	29	31	23	28	23	22	28	31	24	23	31	25	24	31	26	25	1	31	30	1	26	31	1	27	26	1	18	27
0	5	3	19	5	0	27	9	26	8	9	27	25	11	24	10	11	25	31	17	30	16	17	31
2	18	1	4	18	2	21	7	20	6	7	21	13	23	12	22	23	13	29	15	28	14	15	29

#	Normal	6
1	0	0
0	1	-0
-1	0	0
0	-1	0
0	0	1
0	0	-1

#	Mesh	0	End

