#	Mesh	0	Begin

#	Vertex	20
11468.3	6284.52	-50
11268.3	6284.52	-50
11268.3	1764.53	2100
11268.3	3889.53	0
11268.3	2089.53	0
11268.3	2089.53	2100
11268.3	1764.53	-50
11268.3	6264.53	1.00044e-011
11268.3	6264.53	2100
11468.3	1764.53	2100
11468.3	1764.53	-50
11468.3	2089.53	0
11468.3	3889.53	0
11468.3	3889.53	2100
11468.3	6264.53	2100
11468.3	6264.53	1.00044e-011
11268.3	3889.53	2100
11468.3	2089.53	2100
11468.3	6284.52	1.00044e-011
11268.3	6284.52	1.0111e-011

#	Triangle	6
18	1	19	0	1	18	15	8	14	7	8	15	17	4	5	11	4	17
2	4	6	4	1	6	4	3	1	3	7	1	7	19	1	2	5	4	16	7	3	16	8	7
6	9	2	10	9	6	12	16	3	13	16	12
18	10	0	18	15	10	15	12	10	12	11	10	11	9	10	14	12	15	14	13	12	17	9	11
0	6	1	10	6	0
8	13	14	16	13	8	5	9	17	2	9	5	7	18	19	15	18	7	11	3	4	12	3	11

#	Normal	6
0	-1	0
1	0	0
-0	1	0
-1	0	0
-0	0	1
-0	-0	-1

#	Mesh	0	End

