#	Mesh	0	Begin

#	Vertex	16
70618.3	-41185.5	4546.03
70618.3	-41185.5	-50
70668.3	-41185.5	-50
70668.3	-41185.5	4546.03
70618.3	-43185.5	4895.7
70618.3	-43185.5	-50
70618.3	-41285.5	1.00044e-011
70618.3	-42085.5	1.00044e-011
70618.3	-42085.5	2100
70618.3	-41285.5	2100
70668.3	-43185.5	4895.7
70668.3	-43185.5	-50
70668.3	-42085.5	1.00044e-011
70668.3	-41285.5	1.00044e-011
70668.3	-41285.5	2100
70668.3	-42085.5	2100

#	Triangle	7
0	2	1	3	2	0	12	8	15	7	8	12
4	7	5	7	1	5	7	6	1	6	0	1	4	8	7	9	0	6	4	9	8	4	0	9
5	10	4	11	10	5	14	6	13	9	6	14
3	13	2	13	11	2	13	12	11	12	10	11	3	14	13	15	10	12	3	15	14	3	10	15
2	5	1	11	5	2	15	9	14	8	9	15
10	0	4	3	0	10
13	7	12	6	7	13

#	Normal	7
0	-1	0
1	0	0
-0	1	0
-1	0	0
-0	0	1
0	-0.172222	-0.985058
0	0	-1

#	Mesh	0	End

