#	Mesh	0	Begin

#	Vertex	16
89718.3	-23985.5	-50
89718.3	-23985.5	3882.44
89918.3	-23985.5	3882.44
89918.3	-23985.5	-50
89918.3	1264.53	3882.44
89918.3	-23960.5	0
89918.3	1239.53	0
89918.3	1239.53	3882.44
89918.3	1264.53	-50
89718.3	1264.53	3882.44
89718.3	1264.53	-50
89718.3	1239.53	0
89718.3	-23960.5	0
89718.3	-23960.5	3882.44
89718.3	1239.53	3882.44
89918.3	-23960.5	3882.44

#	Triangle	6
0	2	1	3	2	0	6	14	11	7	14	6
4	6	8	6	3	8	6	5	3	5	2	3	4	7	6	15	2	5
8	9	4	10	9	8	12	15	5	13	15	12
1	12	0	12	10	0	12	11	10	11	9	10	1	13	12	14	9	11
0	8	3	10	8	0
7	9	14	4	9	7	13	2	15	1	2	13	5	11	12	6	11	5

#	Normal	6
-0	1	0
-1	0	0
-0	-1	-0
1	0	0
0	-0	1
0	0	-1

#	Mesh	0	End

