#	Mesh	0	Begin

#	Vertex	20
120818	9884.53	-50
120818	9884.53	5300
121018	9884.53	5300
121018	9884.53	-50
121018	13464.5	5300
121018	13464.5	-50
121018	11704.5	2700
121018	9904.53	2700
121018	9904.53	0
121018	11704.5	0
121018	13464.5	7.10543e-015
120818	11704.5	0
120818	13464.5	0
120818	13464.5	-50
120818	13464.5	5300
120818	13464.5	2700
121018	13464.5	2700
120818	9904.53	0
120818	9904.53	2700
120818	11704.5	2700

#	Triangle	6
0	2	1	3	2	0
10	3	5	10	9	3	9	8	3	8	2	3	7	2	8	4	6	16	4	7	6	4	2	7
10	13	12	5	13	10	15	4	16	14	4	15	7	17	18	8	17	7
1	17	0	17	13	0	17	11	13	11	12	13	1	18	17	1	19	18	1	15	19	1	14	15
0	5	3	13	5	0	6	18	19	7	18	6	19	16	6	15	16	19
2	14	1	4	14	2	8	11	17	9	11	8	9	12	11	10	12	9

#	Normal	6
-0	1	0
-1	0	0
0	-1	0
1	0	0
0	-0	1
0	0	-1

#	Mesh	0	End

