#	Mesh	0	Begin

#	Vertex	178
32868.3	72664.5	0
32868.3	72664.5	-50
32868.3	48314.5	-50
32868.3	48314.5	0
15177.4	48314.5	-50
15177.4	48314.5	0
15037.3	48318.6	-50
15037.3	48318.6	0
14897.4	48329.1	-50
14897.4	48329.1	0
14758.1	48345.8	-50
14758.1	48345.8	0
14619.8	48368.9	-50
14619.8	48368.9	0
14482.6	48398.2	-50
14482.6	48398.2	0
14346.9	48433.6	-50
14346.9	48433.6	0
14213	48475.2	-50
14213	48475.2	0
14081.1	48522.8	-50
14081.1	48522.8	0
13951.4	48576.3	-50
13951.4	48576.3	0
13824.3	48635.6	-50
13824.3	48635.6	0
13700.1	48700.6	-50
13700.1	48700.6	0
13578.9	48771.2	-50
13578.9	48771.2	0
13461	48847.2	-50
13461	48847.2	0
13346.7	48928.4	-50
13346.7	48928.4	0
13236.1	49014.8	-50
13236.1	49014.8	0
13129.6	49106	-50
13129.6	49106	0
13027.4	49202	-50
13027.4	49202	0
12929.5	49302.5	-50
12929.5	49302.5	0
12699.1	49545.3	-50
12699.1	49545.3	0
12463.8	49783.5	-50
12463.8	49783.5	0
12223.8	50016.8	-50
12223.8	50016.8	0
11979.1	50245.3	-50
11979.1	50245.3	0
11729.9	50468.8	-50
11729.9	50468.8	0
10759.5	51259	-50
10759.5	51259	0
9732.31	51974.1	-50
9732.31	51974.1	0
8654.32	52609.9	-50
8654.32	52609.9	0
7531.59	53162.9	-50
7531.59	53162.9	0
6370.46	53629.9	-50
6370.46	53629.9	0
6138.94	53711.1	-50
6138.94	53711.1	0
5906.24	53788.9	-50
5906.24	53788.9	0
5672.42	53863.3	-50
5672.42	53863.3	0
5437.54	53934.2	-50
5437.54	53934.2	0
5201.63	54001.6	-50
5201.63	54001.6	0
4991.75	54068.2	-50
4991.75	54068.2	0
4787.22	54149.8	-50
4787.22	54149.8	0
4589.1	54245.8	-50
4589.1	54245.8	0
4398.44	54356	-50
4398.44	54356	0
4216.21	54479.6	-50
4216.21	54479.6	0
4043.38	54616	-50
4043.38	54616	0
3880.84	54764.5	-50
3880.84	54764.5	0
3729.44	54924.4	-50
3729.44	54924.4	0
3589.97	55094.8	-50
3589.97	55094.8	0
3463.15	55274.8	-50
3463.15	55274.8	0
3349.65	55463.5	-50
3349.65	55463.5	0
3250.06	55659.8	-50
3250.06	55659.8	0
3164.9	55862.9	-50
3164.9	55862.9	0
3094.61	56071.5	-50
3094.61	56071.5	0
3039.55	56284.7	-50
3039.55	56284.7	0
3000.02	56501.3	-50
3000.02	56501.3	0
2976.21	56720.2	-50
2976.21	56720.2	0
2968.27	56940.3	-50
2968.27	56940.3	0
2968.27	60314.5	-50
2968.27	60314.5	0
3018.27	60314.5	-50
3018.27	60314.5	0
3018.27	67964.5	-50
3018.27	67964.5	0
2868.27	67964.5	-50
2868.27	67964.5	0
2868.27	68664.5	-50
2868.27	68664.5	0
2918.27	68664.5	-50
2918.27	68664.5	0
2918.27	72664.5	-50
2918.27	72664.5	0
3218.27	60064.5	0
5418.27	60064.5	0
5418.27	62864.5	0
3218.27	62864.5	0
3218.27	63064.5	0
5418.27	63064.5	0
5418.27	65614.5	0
3218.27	65614.5	0
3218.27	68664.5	0
11468.3	68664.5	0
11468.3	72364.5	0
3218.27	72364.5	0
3218.27	67314.5	0
5418.27	67314.5	0
5418.27	68464.5	0
3218.27	68464.5	0
19918.3	71264.5	0
19918.3	72464.5	0
16268.3	72464.5	0
16268.3	71264.5	0
20168.3	71864.5	0
21543.3	71864.5	0
21543.3	72364.5	0
20168.3	72364.5	0
31418.3	71864.5	0
32718.4	71864.5	0
32718.4	72364.5	0
31418.3	72364.5	0
5418.27	60064.5	-50
3218.27	60064.5	-50
3218.27	62864.5	-50
5418.27	62864.5	-50
5418.27	63064.5	-50
3218.27	63064.5	-50
3218.27	65614.5	-50
5418.27	65614.5	-50
11468.3	68664.5	-50
3218.27	68664.5	-50
3218.27	72364.5	-50
11468.3	72364.5	-50
5418.27	67314.5	-50
3218.27	67314.5	-50
3218.27	68464.5	-50
5418.27	68464.5	-50
19918.3	72464.5	-50
19918.3	71264.5	-50
16268.3	71264.5	-50
16268.3	72464.5	-50
21543.3	71864.5	-50
20168.3	71864.5	-50
20168.3	72364.5	-50
21543.3	72364.5	-50
32718.4	71864.5	-50
31418.3	71864.5	-50
31418.3	72364.5	-50
32718.4	72364.5	-50

#	Triangle	57
0	2	1	3	2	0	125	151	152	122	151	125	129	155	156	126	155	129	133	159	160	130	159	133	137	163	164	134	163	137	140	168	169	141	168	140	145	171	172	142	171	145	149	175	176	146	175	149
3	4	2	5	4	3	113	114	112	115	114	113	124	152	153	125	152	124	128	156	157	129	156	128	132	160	161	133	160	132	136	164	165	137	164	136	139	169	166	140	169	139	144	172	173	145	172	144	148	176	177	149	176	148
5	6	4	7	6	5
7	8	6	9	8	7
9	10	8	11	10	9
11	12	10	13	12	11
13	14	12	15	14	13
15	16	14	17	16	15
17	18	16	19	18	17
19	20	18	21	20	19
21	22	20	23	22	21
23	24	22	25	24	23
25	26	24	27	26	25
27	28	26	29	28	27
29	30	28	31	30	29
31	32	30	33	32	31
33	34	32	35	34	33
35	36	34	37	36	35
37	38	36	39	38	37
39	40	38	41	40	39
41	42	40	43	42	41
43	44	42	45	44	43
45	46	44	47	46	45
47	48	46	49	48	47
49	50	48	51	50	49
51	52	50	53	52	51
53	54	52	55	54	53
55	56	54	57	56	55
57	58	56	59	58	57
59	60	58	61	60	59
61	62	60	63	62	61
63	64	62	65	64	63
65	66	64	67	66	65
67	68	66	69	68	67
69	70	68	71	70	69
71	72	70	73	72	71
73	74	72	75	74	73
75	76	74	77	76	75
77	78	76	79	78	77
79	80	78	81	80	79
81	82	80	83	82	81
83	84	82	85	84	83
85	86	84	87	86	85
87	88	86	89	88	87
89	90	88	91	90	89
91	92	90	93	92	91
93	94	92	95	94	93
95	96	94	97	96	95
97	98	96	99	98	97
99	100	98	101	100	99
101	102	100	103	102	101
103	104	102	105	104	103
105	106	104	107	106	105
107	108	106	109	108	107	111	112	110	113	112	111	115	116	114	117	116	115	119	120	118	121	120	119	123	153	150	124	153	123	127	157	154	128	157	127	131	161	158	132	161	131	135	165	162	136	165	135	138	166	167	139	166	138	143	173	170	144	173	143	147	177	174	148	177	147
109	110	108	111	110	109	117	118	116	119	118	117	121	1	120	0	1	121	122	150	151	123	150	122	126	154	155	127	154	126	130	158	159	131	158	130	134	162	163	135	162	134	141	167	168	138	167	141	142	170	171	143	170	142	146	174	175	147	174	146
113	117	115	113	119	117	113	121	119	113	137	121	137	130	121	130	133	121	133	0	121	105	109	107	105	111	109	103	111	105	101	111	103	101	113	111	101	137	113	99	137	101	97	137	99	95	122	97	122	125	97	125	126	97	126	129	97	129	134	97	134	137	97	95	123	122	124	126	125	124	127	126	128	134	129	128	135	134	136	130	137	136	131	130	132	140	133	140	0	133	93	123	95	91	123	93	89	123	91	87	123	89	85	123	87	83	123	85	81	123	83	79	123	81	77	123	79	75	123	77	73	123	75	71	123	73	69	123	71	69	124	123	69	127	124	69	128	127	69	135	128	69	136	135	69	131	136	67	131	69	65	131	67	63	131	65	61	131	63	59	131	61	57	131	59	55	131	57	53	131	55	51	131	53	51	132	131	51	140	132	49	140	51	47	140	49	45	140	47	43	140	45	41	140	43	39	140	41	37	140	39	35	140	37	33	140	35	31	140	33	29	140	31	27	140	29	25	140	27	23	140	25	21	140	23	19	140	21	17	140	19	15	140	17	13	140	15	11	140	13	9	140	11	7	140	9	5	140	7	3	141	5	141	140	5	3	138	141	139	0	140	3	142	138	142	139	138	142	145	139	145	0	139	3	143	142	144	0	145	3	144	143	3	146	144	146	149	144	149	0	144	3	147	146	148	0	149	3	148	147	3	0	148
118	114	116	118	112	114	1	160	120	160	118	120	160	112	118	110	106	108	110	104	106	110	102	104	110	100	102	160	110	112	160	100	110	160	98	100	160	96	98	160	159	96	159	164	96	164	163	96	163	156	96	156	155	96	155	152	96	152	151	96	151	94	96	1	169	160	169	161	160	158	164	159	158	165	164	162	156	163	162	157	156	154	152	155	154	153	152	150	94	151	150	92	94	150	90	92	150	88	90	150	86	88	150	84	86	150	82	84	150	80	82	150	78	80	150	76	78	150	74	76	150	72	74	150	70	72	150	68	70	158	162	165	158	157	162	158	154	157	158	153	154	158	150	153	158	68	150	158	66	68	158	64	66	158	62	64	158	60	62	158	58	60	158	56	58	158	54	56	158	52	54	158	50	52	169	158	161	169	50	158	169	48	50	169	46	48	169	44	46	169	42	44	169	40	42	169	38	40	169	36	38	169	34	36	169	32	34	169	30	32	169	28	30	169	26	28	169	24	26	169	22	24	169	20	22	169	18	20	169	16	18	169	14	16	169	12	14	169	10	12	169	8	10	169	6	8	169	4	6	169	168	4	168	2	4	1	166	169	167	2	168	1	172	166	172	167	166	172	171	167	171	2	167	1	173	172	170	2	171	1	170	173	1	176	170	176	175	170	175	2	170	1	177	176	174	2	175	1	174	177	1	2	174

#	Normal	57
-1	0	0
0	1	-0
0.0292165	0.999573	-0
0.0744477	0.997225	-0
0.119512	0.992833	-0
0.164298	0.986411	-0
0.208804	0.977957	-0
0.252865	0.967502	-0
0.296371	0.955073	-0
0.339318	0.940672	-0
0.381541	0.924352	-0
0.422985	0.906137	-0
0.463565	0.886063	-0
0.503198	0.864171	-0
0.541799	0.840508	-0
0.579288	0.815123	-0
0.615601	0.788058	-0
0.65062	0.759403	-0
0.684341	0.729162	-0
0.716633	0.69745	-0
0.72535	0.68838	-0
0.711359	0.702829	-0
0.697074	0.716999	-0
0.682503	0.730883	-0
0.667667	0.74446	-0
0.631419	0.775442	-0
0.571344	0.82071	-0
0.508032	0.861338	-0
0.44185	0.897089	-0
0.373163	0.927766	-0
0.331067	0.943607	-0
0.317106	0.94839	-0
0.30308	0.952965	-0
0.288991	0.957332	-0
0.274852	0.961487	-0
0.302355	0.953195	-0
0.370337	0.928897	-0
0.436386	0.89976	-0
0.500164	0.865931	-0
0.561321	0.827598	-0
0.619575	0.784937	-0
0.67459	0.738193	-0
0.72609	0.6876	-0
0.773801	0.633429	-0
0.817488	0.575946	-0
0.856908	0.51547	-0
0.891862	0.452307	-0
0.922169	0.386787	-0
0.947672	0.319246	-0
0.968234	0.250045	-0
0.98375	0.179542	-0
0.99414	0.108098	-0
0.999348	0.0360962	-0
1	0	0
0	-1	0
0	0	-1
-0	0	1

#	Mesh	0	End

