#	Mesh	0	Begin

#	Vertex	182
-4881.73	72664.5	0
-4881.73	72664.5	-50
-4881.73	60514.5	-50
-4881.73	60514.5	0
-4831.73	60514.5	-50
-4831.73	60514.5	0
-4831.73	56967.7	-50
-4831.73	56967.7	0
-4844.86	56685	-50
-4844.86	56685	0
-4884.13	56404.8	-50
-4884.13	56404.8	0
-4949.19	56129.4	-50
-4949.19	56129.4	0
-5039.5	55861.3	-50
-5039.5	55861.3	0
-5154.27	55602.6	-50
-5154.27	55602.6	0
-5228.12	55481.5	-50
-5228.12	55481.5	0
-5288.16	55362.1	-50
-5288.16	55362.1	0
-5354.19	55245.8	-50
-5354.19	55245.8	0
-5426.03	55133	-50
-5426.03	55133	0
-5503.5	55024	-50
-5503.5	55024	0
-5586.4	54919.1	-50
-5586.4	54919.1	0
-5674.51	54818.5	-50
-5674.51	54818.5	0
-5767.61	54722.5	-50
-5767.61	54722.5	0
-5865.47	54631.4	-50
-5865.47	54631.4	0
-5967.81	54545.3	-50
-5967.81	54545.3	0
-6074.4	54464.6	-50
-6074.4	54464.6	0
-6184.94	54389.3	-50
-6184.94	54389.3	0
-6299.15	54319.8	-50
-6299.15	54319.8	0
-6416.75	54256.1	-50
-6416.75	54256.1	0
-6537.42	54198.5	-50
-6537.42	54198.5	0
-6660.86	54147.1	-50
-6660.86	54147.1	0
-6786.75	54102	-50
-6786.75	54102	0
-6914.76	54063.4	-50
-6914.76	54063.4	0
-7044.57	54031.3	-50
-7044.57	54031.3	0
-7600.91	53871.3	-50
-7600.91	53871.3	0
-8151.32	53691.9	-50
-8151.32	53691.9	0
-8695.15	53493.6	-50
-8695.15	53493.6	0
-9231.72	53276.3	-50
-9231.72	53276.3	0
-9760.4	53040.5	-50
-9760.4	53040.5	0
-10009.9	52922.2	-50
-10009.9	52922.2	0
-11087.8	52345.9	-50
-11087.8	52345.9	0
-12120.5	51692.1	-50
-12120.5	51692.1	0
-13102.4	50964.3	-50
-13102.4	50964.3	0
-14028.2	50166.3	-50
-14028.2	50166.3	0
-14893	49302.5	-50
-14893	49302.5	0
-14990.3	49201.3	-50
-14990.3	49201.3	0
-15092.1	49104.7	-50
-15092.1	49104.7	0
-15198.3	49012.8	-50
-15198.3	49012.8	0
-15308.5	48926	-50
-15308.5	48926	0
-15422.7	48844.3	-50
-15422.7	48844.3	0
-15540.5	48767.9	-50
-15540.5	48767.9	0
-15661.6	48697.1	-50
-15661.6	48697.1	0
-15785.9	48631.8	-50
-15785.9	48631.8	0
-15913.1	48572.4	-50
-15913.1	48572.4	0
-16042.9	48518.9	-50
-16042.9	48518.9	0
-16175	48471.4	-50
-16175	48471.4	0
-16309.1	48430.1	-50
-16309.1	48430.1	0
-16445	48394.9	-50
-16445	48394.9	0
-16582.4	48366.1	-50
-16582.4	48366.1	0
-16720.9	48343.5	-50
-16720.9	48343.5	0
-16860.4	48327.4	-50
-16860.4	48327.4	0
-17000.4	48317.8	-50
-17000.4	48317.8	0
-17140.7	48314.5	-50
-17140.7	48314.5	0
-34831.7	48314.5	-50
-34831.7	48314.5	0
-34831.7	72664.5	-50
-34831.7	72664.5	0
-34681.7	71564.5	0
-30531.7	71564.5	0
-30531.7	72364.5	0
-34681.7	72364.5	0
-17681.7	72364.5	0
-17681.7	68464.5	0
-15906.7	68464.5	0
-15906.7	72364.5	0
-13581.7	68664.5	0
-5331.73	68664.5	0
-5331.73	72364.5	0
-13581.7	72364.5	0
-15656.7	66614.5	0
-15656.7	62389.5	0
-13881.7	62389.5	0
-13881.7	66614.5	0
-15656.7	68164.5	0
-15656.7	67514.5	0
-13881.7	67514.5	0
-13881.7	68164.5	0
-15656.7	67314.5	0
-15656.7	66814.5	0
-13881.7	66814.5	0
-13881.7	67314.5	0
-13581.7	67664.5	0
-12081.7	67664.5	0
-12081.7	68364.5	0
-13581.7	68364.5	0
-11881.7	68364.5	0
-11881.7	67664.5	0
-7881.37	67664.5	0
-7881.37	68364.5	0
-30531.7	71564.5	-50
-34681.7	71564.5	-50
-34681.7	72364.5	-50
-30531.7	72364.5	-50
-17681.7	68464.5	-50
-17681.7	72364.5	-50
-15906.7	72364.5	-50
-15906.7	68464.5	-50
-5331.73	68664.5	-50
-13581.7	68664.5	-50
-13581.7	72364.5	-50
-5331.73	72364.5	-50
-15656.7	62389.5	-50
-15656.7	66614.5	-50
-13881.7	66614.5	-50
-13881.7	62389.5	-50
-15656.7	67514.5	-50
-15656.7	68164.5	-50
-13881.7	68164.5	-50
-13881.7	67514.5	-50
-15656.7	66814.5	-50
-15656.7	67314.5	-50
-13881.7	67314.5	-50
-13881.7	66814.5	-50
-12081.7	67664.5	-50
-13581.7	67664.5	-50
-13581.7	68364.5	-50
-12081.7	68364.5	-50
-11881.7	67664.5	-50
-11881.7	68364.5	-50
-7881.37	68364.5	-50
-7881.37	67664.5	-50

#	Triangle	59
0	2	1	3	2	0	5	6	4	7	6	5	121	151	152	118	151	121	122	154	155	123	154	122	129	159	160	126	159	129	130	162	163	131	162	130	134	166	167	135	166	134	138	170	171	139	170	138	145	175	176	142	175	145	146	178	179	147	178	146
3	4	2	5	4	3	117	1	116	0	1	117	118	150	151	119	150	118	123	157	154	124	157	123	126	158	159	127	158	126	131	165	162	132	165	131	135	169	166	136	169	135	139	173	170	140	173	139	142	174	175	143	174	142	147	181	178	148	181	147
7	8	6	9	8	7
9	10	8	11	10	9
11	12	10	13	12	11
13	14	12	15	14	13
15	16	14	17	16	15
17	18	16	19	18	17
19	20	18	21	20	19
21	22	20	23	22	21
23	24	22	25	24	23
25	26	24	27	26	25
27	28	26	29	28	27
29	30	28	31	30	29
31	32	30	33	32	31
33	34	32	35	34	33
35	36	34	37	36	35
37	38	36	39	38	37
39	40	38	41	40	39
41	42	40	43	42	41
43	44	42	45	44	43
45	46	44	47	46	45
47	48	46	49	48	47
49	50	48	51	50	49
51	52	50	53	52	51
53	54	52	55	54	53
55	56	54	57	56	55
57	58	56	59	58	57
59	60	58	61	60	59
61	62	60	63	62	61
63	64	62	65	64	63
65	66	64	67	66	65
67	68	66	69	68	67
69	70	68	71	70	69
71	72	70	73	72	71
73	74	72	75	74	73
75	76	74	77	76	75
77	78	76	79	78	77
79	80	78	81	80	79
81	82	80	83	82	81
83	84	82	85	84	83
85	86	84	87	86	85
87	88	86	89	88	87
89	90	88	91	90	89
91	92	90	93	92	91
93	94	92	95	94	93
95	96	94	97	96	95
97	98	96	99	98	97
99	100	98	101	100	99
101	102	100	103	102	101
103	104	102	105	104	103
105	106	104	107	106	105
107	108	106	109	108	107
109	110	108	111	110	109
111	112	110	113	112	111
113	114	112	115	114	113	120	152	153	121	152	120	125	155	156	122	155	125	128	160	161	129	160	128	133	163	164	130	163	133	137	167	168	134	167	137	141	171	172	138	171	141	144	176	177	145	176	144	149	179	180	146	179	149
115	116	114	117	116	115	119	153	150	120	153	119	124	156	157	125	156	124	127	161	158	128	161	127	132	164	165	133	164	132	136	168	169	137	168	136	140	172	173	141	172	140	143	177	174	144	177	143	148	180	181	149	180	148
113	118	115	118	117	115	118	121	117	121	0	117	113	119	118	120	0	121	113	120	119	113	123	120	123	122	120	122	0	120	113	124	123	125	0	122	111	124	113	109	124	111	107	124	109	105	124	107	103	124	105	101	124	103	99	124	101	97	124	99	95	124	97	93	124	95	93	125	124	93	131	125	131	130	125	130	139	125	139	138	125	138	135	125	135	134	125	134	129	125	129	0	125	91	131	93	89	131	91	89	132	131	133	139	130	133	140	139	141	135	138	141	136	135	137	129	134	87	132	89	85	132	87	83	132	85	81	132	83	79	132	81	77	132	79	75	132	77	73	132	75	73	133	132	73	140	133	73	141	140	73	136	141	73	137	136	73	142	137	142	145	137	145	126	137	126	129	137	73	143	142	144	126	145	144	127	126	128	0	129	71	143	73	69	143	71	69	144	143	69	147	144	147	146	144	146	127	144	69	148	147	149	127	146	67	148	69	65	148	67	63	148	65	61	148	63	59	148	61	57	148	59	57	149	148	57	127	149	55	127	57	53	127	55	51	127	53	49	127	51	47	127	49	45	127	47	43	127	45	41	127	43	39	127	41	37	127	39	35	127	37	33	127	35	31	127	33	29	127	31	27	127	29	25	127	27	23	127	25	21	127	23	21	128	127	21	0	128	19	0	21	17	0	19	15	0	17	13	0	15	11	0	13	9	3	11	3	0	11	9	5	3	7	5	9
1	152	116	152	114	116	152	151	114	151	112	114	1	153	152	150	112	151	1	155	153	155	150	153	155	154	150	154	112	150	1	156	155	157	112	154	157	110	112	157	108	110	157	106	108	157	104	106	157	102	104	157	100	102	157	98	100	157	96	98	157	94	96	157	92	94	1	160	156	160	157	156	160	167	157	167	92	157	167	90	92	167	166	90	166	171	90	171	170	90	170	163	90	163	162	90	162	88	90	160	168	167	169	171	166	169	172	171	173	163	170	173	164	163	165	88	162	165	86	88	165	84	86	165	82	84	165	80	82	165	78	80	165	76	78	165	74	76	165	72	74	160	169	168	160	172	169	160	173	172	160	164	173	160	165	164	160	159	165	159	176	165	176	175	165	175	72	165	1	161	160	158	176	159	158	177	176	174	72	175	174	70	72	174	68	70	158	179	177	179	174	177	179	178	174	178	68	174	158	180	179	181	68	178	181	66	68	181	64	66	181	62	64	181	60	62	181	58	60	181	56	58	158	181	180	158	56	181	158	54	56	158	52	54	158	50	52	158	48	50	158	46	48	158	44	46	158	42	44	158	40	42	158	38	40	158	36	38	158	34	36	158	32	34	158	30	32	158	28	30	158	26	28	158	24	26	158	22	24	158	20	22	1	158	161	1	20	158	1	18	20	1	16	18	1	14	16	1	12	14	1	10	12	1	2	10	2	8	10	4	8	2	4	6	8

#	Normal	59
-1	0	0
0	-1	0
-0.998924	0.0463873	0
-0.990326	0.138763	0
-0.973203	0.229947	0
-0.947705	0.319147	0
-0.914046	0.40561	0
-0.853732	0.520713	0
-0.893517	0.44903	0
-0.869588	0.493777	0
-0.843423	0.53725	0
-0.815084	0.579343	0
-0.784645	0.619945	0
-0.752202	0.658933	0
-0.717788	0.696262	0
-0.681569	0.731754	0
-0.643553	0.765402	0
-0.603905	0.797056	0
-0.562712	0.826653	0
-0.520038	0.854143	0
-0.476042	0.879422	0
-0.430823	0.902437	0
-0.384493	0.923128	0
-0.337168	0.941445	0
-0.288996	0.95733	0
-0.240038	0.970763	0
-0.276413	0.961039	0
-0.309755	0.950816	0
-0.342725	0.939436	0
-0.37527	0.926915	0
-0.407369	0.913264	0
-0.428583	0.903502	0
-0.471454	0.881891	0
-0.534918	0.844904	0
-0.595491	0.803362	0
-0.652856	0.757482	0
-0.706698	0.707515	0
-0.721	0.692935	0
-0.688373	0.725356	0
-0.654267	0.756264	0
-0.618806	0.785544	0
-0.581996	0.813192	0
-0.543981	0.839097	0
-0.504805	0.863233	0
-0.464585	0.885529	0
-0.423347	0.905968	0
-0.381218	0.924485	0
-0.338302	0.941038	0
-0.294645	0.955607	0
-0.250396	0.968143	0
-0.205566	0.978643	0
-0.160372	0.987057	0
-0.114763	0.993393	0
-0.0689855	0.997618	0
-0.022986	0.999736	0
0	1	-0
1	0	0
0	0	-1
-0	0	1

#	Mesh	0	End

