#	Mesh	0	Begin

#	Vertex	948
87318.3	-32785.5	0
87318.3	-32785.5	-50
87318.3	-34985.5	-50
87318.3	-34985.5	0
72768.3	-34985.5	-50
72768.3	-34985.5	0
72768.3	-43385.5	-50
72768.3	-43385.5	0
19868.3	-43385.5	-50
19868.3	-43385.5	0
19868.3	-41186.4	-50
19868.3	-41186.4	0
11768.3	-41186.4	-50
11768.3	-41186.4	0
11768.3	-43385.5	-50
11768.3	-43385.5	0
-49531.7	-43385.5	-50
-49531.7	-43385.5	0
-49531.7	-34985.5	-50
-49531.7	-34985.5	0
-85681.7	-34985.5	-50
-85681.7	-34985.5	0
-85681.7	-32535.5	-50
-85681.7	-32535.5	0
-64081.7	-32535.5	-50
-64081.7	-32535.5	0
-64081.7	-19985.5	-50
-64081.7	-19985.5	0
-92381.7	-19985.5	-50
-92381.7	-19985.5	0
-92381.7	12064.5	-50
-92381.7	12064.5	0
-87381.7	12064.5	-50
-87381.7	12064.5	0
-87381.7	12114.5	-50
-87381.7	12114.5	0
-22081.7	12114.5	-50
-22081.7	12114.5	0
-22081.7	15714.5	-50
-22081.7	15714.5	0
-39131.7	15714.5	-50
-39131.7	15714.5	0
-39131.7	37914.5	-50
-39131.7	37914.5	0
-17140.3	37914.5	-50
-17140.3	37914.5	0
-16999.9	37911.3	-50
-16999.9	37911.3	0
-16859.9	37901.6	-50
-16859.9	37901.6	0
-16720.5	37885.5	-50
-16720.5	37885.5	0
-16582	37863	-50
-16582	37863	0
-16444.6	37834.1	-50
-16444.6	37834.1	0
-16308.7	37799	-50
-16308.7	37799	0
-16174.6	37757.6	-50
-16174.6	37757.6	0
-16042.5	37710.1	-50
-16042.5	37710.1	0
-15912.8	37656.6	-50
-15912.8	37656.6	0
-15785.6	37597.2	-50
-15785.6	37597.2	0
-15661.4	37531.9	-50
-15661.4	37531.9	0
-15540.2	37461.1	-50
-15540.2	37461.1	0
-15422.5	37384.7	-50
-15422.5	37384.7	0
-15308.3	37303	-50
-15308.3	37303	0
-15198.1	37216.2	-50
-15198.1	37216.2	0
-15092	37124.3	-50
-15092	37124.3	0
-14990.2	37027.7	-50
-14990.2	37027.7	0
-14892.9	36926.5	-50
-14892.9	36926.5	0
-14465.2	36483.4	-50
-14465.2	36483.4	0
-14021.3	36056.4	-50
-14021.3	36056.4	0
-13561.9	35646.1	-50
-13561.9	35646.1	0
-13087.7	35253.1	-50
-13087.7	35253.1	0
-12599.2	34877.9	-50
-12599.2	34877.9	0
-12097.2	34521.1	-50
-12097.2	34521.1	0
-11582.3	34183	-50
-11582.3	34183	0
-11055.3	33864.3	-50
-11055.3	33864.3	0
-10516.8	33565.3	-50
-10516.8	33565.3	0
-9967.66	33286.4	-50
-9967.66	33286.4	0
-9408.56	33028	-50
-9408.56	33028	0
-8840.27	32790.5	-50
-8840.27	32790.5	0
-8263.59	32574.2	-50
-8263.59	32574.2	0
-7679.29	32379.4	-50
-7679.29	32379.4	0
-7088.19	32206.4	-50
-7088.19	32206.4	0
-6491.08	32055.3	-50
-6491.08	32055.3	0
-5888.8	31926.4	-50
-5888.8	31926.4	0
-5282.15	31819.9	-50
-5282.15	31819.9	0
-3609.8	31599.1	-50
-3609.8	31599.1	0
-1926.77	31485.4	-50
-1926.77	31485.4	0
-239.904	31479.3	-50
-239.904	31479.3	0
1443.91	31580.9	-50
1443.91	31580.9	0
3117.8	31789.8	-50
3117.8	31789.8	0
4477.39	32043.6	-50
4477.39	32043.6	0
5811.2	32409.4	-50
5811.2	32409.4	0
7110.02	32884.8	-50
7110.02	32884.8	0
8364.86	33466.5	-50
8364.86	33466.5	0
9567.05	34150.3	-50
9567.05	34150.3	0
10296.1	34633.3	-50
10296.1	34633.3	0
10998.8	35153.8	-50
10998.8	35153.8	0
11673.2	35710.6	-50
11673.2	35710.6	0
12317.3	36302.1	-50
12317.3	36302.1	0
12929.5	36926.5	-50
12929.5	36926.5	0
13026.8	37027.8	-50
13026.8	37027.8	0
13128.6	37124.4	-50
13128.6	37124.4	0
13234.7	37216.2	-50
13234.7	37216.2	0
13345	37303.1	-50
13345	37303.1	0
13459.1	37384.8	-50
13459.1	37384.8	0
13576.8	37461.1	-50
13576.8	37461.1	0
13698	37532	-50
13698	37532	0
13822.3	37597.2	-50
13822.3	37597.2	0
13949.4	37656.6	-50
13949.4	37656.6	0
14079.2	37710.1	-50
14079.2	37710.1	0
14211.2	37757.6	-50
14211.2	37757.6	0
14345.4	37799	-50
14345.4	37799	0
14481.2	37834.1	-50
14481.2	37834.1	0
14618.6	37863	-50
14618.6	37863	0
14757.1	37885.5	-50
14757.1	37885.5	0
14896.6	37901.6	-50
14896.6	37901.6	0
15036.6	37911.3	-50
15036.6	37911.3	0
15176.9	37914.5	-50
15176.9	37914.5	0
20368.3	37914.5	-50
20368.3	37914.5	0
20368.3	15714.5	-50
20368.3	15714.5	0
3318.27	15714.5	-50
3318.27	15714.5	0
3318.27	12114.5	-50
3318.27	12114.5	0
7518.27	12114.5	-50
7518.27	12114.5	0
7518.27	9714.53	-50
7518.27	9714.53	0
15143.2	9714.53	-50
15143.2	9714.53	0
15143.2	12114.5	-50
15143.2	12114.5	0
20393.3	12114.5	-50
20393.3	12114.5	0
20393.3	1114.53	-50
20393.3	1114.53	0
24618.3	1114.53	-50
24618.3	1114.53	0
24618.3	12114.5	-50
24618.3	12114.5	0
28068.3	12114.5	-50
28068.3	12114.5	0
28068.3	37914.5	-50
28068.3	37914.5	0
37168.3	37914.5	-50
37168.3	37914.5	0
37168.3	35064.5	-50
37168.3	35064.5	0
53268.3	35064.5	-50
53268.3	35064.5	0
53268.3	37914.5	-50
53268.3	37914.5	0
84618.1	37914.5	-50
84618.1	37914.5	0
85123.6	37892.5	-50
85123.6	37892.5	0
85625.2	37826.4	-50
85625.2	37826.4	0
86119.2	37716.9	-50
86119.2	37716.9	0
86601.8	37564.7	-50
86601.8	37564.7	0
87069.3	37371.1	-50
87069.3	37371.1	0
87518.1	37137.5	-50
87518.1	37137.5	0
87944.8	36865.6	-50
87944.8	36865.6	0
88346.2	36557.6	-50
88346.2	36557.6	0
88719.3	36215.8	-50
88719.3	36215.8	0
89061.1	35842.7	-50
89061.1	35842.7	0
89369.1	35441.3	-50
89369.1	35441.3	0
89641	35014.6	-50
89641	35014.6	0
89874.6	34565.7	-50
89874.6	34565.7	0
90068.3	34098.3	-50
90068.3	34098.3	0
90220.4	33615.7	-50
90220.4	33615.7	0
90330	33121.7	-50
90330	33121.7	0
90396	32620.1	-50
90396	32620.1	0
90418.1	32114.6	-50
90418.1	32114.6	0
90418.3	9164.53	-50
90418.3	9164.53	0
74318.3	9164.53	-50
74318.3	9164.53	0
74318.3	17814.5	-50
74318.3	17814.5	0
70768.3	17814.5	-50
70768.3	17814.5	0
70768.3	17564.5	-50
70768.3	17564.5	0
70518.3	17564.5	-50
70518.3	17564.5	0
70518.3	15714.5	-50
70518.3	15714.5	0
53468.3	15714.5	-50
53468.3	15714.5	0
53468.3	12114.5	-50
53468.3	12114.5	0
57418.3	12114.5	-50
57418.3	12114.5	0
57418.3	1219.53	-50
57418.3	1219.53	0
61668.3	1219.53	-50
61668.3	1219.53	0
61668.3	12114.5	-50
61668.3	12114.5	0
70718.3	12114.5	-50
70718.3	12114.5	0
70718.3	9864.53	-50
70718.3	9864.53	0
70768.3	9864.53	-50
70768.3	9864.53	0
70768.3	9164.53	-50
70768.3	9164.53	0
70718.3	9164.53	-50
70718.3	9164.53	0
70718.3	1464.53	-50
70718.3	1464.53	0
90418.3	1464.53	-50
90418.3	1464.53	0
90418.3	-24185.5	-50
90418.3	-24185.5	0
87518.3	-24185.5	-50
87518.3	-24185.5	0
87518.3	-24435.5	-50
87518.3	-24435.5	0
86818.3	-24435.5	-50
86818.3	-24435.5	0
86818.3	-24185.5	-50
86818.3	-24185.5	0
79168.3	-24185.5	-50
79168.3	-24185.5	0
79168.3	-24435.5	-50
79168.3	-24435.5	0
78918.3	-24435.5	-50
78918.3	-24435.5	0
78918.3	-29435.5	-50
78918.3	-29435.5	0
87318.3	-29435.5	-50
87318.3	-29435.5	0
87318.3	-32085.5	-50
87318.3	-32085.5	0
87518.3	-32085.5	-50
87518.3	-32085.5	0
87518.3	-32785.5	-50
87518.3	-32785.5	0
77718.3	18064.5	0
78668.3	18064.5	0
78668.3	22014.5	0
77718.3	22014.5	0
70268.3	16714.5	0
66118.3	16714.5	0
66118.3	15914.5	0
70268.3	15914.5	0
70268.3	1114.53	0
70268.3	4864.53	0
62168.3	4864.53	0
62168.3	1114.53	0
62168.3	5764.53	0
70268.3	5764.53	0
70268.3	9514.53	0
62168.3	9514.53	0
53618.3	3714.53	0
53618.3	1264.53	0
53768.3	1264.53	0
53768.3	-7135.48	0
61868.3	-7135.48	0
61868.3	964.525	0
55268.3	964.525	0
55268.3	3714.53	0
36668.3	9314.53	0
28568.3	9314.53	0
28568.3	1114.53	0
36668.3	1114.53	0
11268.3	9514.53	0
11268.3	5764.53	0
20168.3	5764.53	0
20168.3	9514.53	0
11268.3	1114.53	0
20168.3	1114.53	0
20168.3	4864.53	0
11268.3	4864.53	0
-38781.7	9514.53	0
-38781.7	5764.53	0
-30381.7	5764.53	0
-30381.7	9514.53	0
-38781.7	1114.53	0
-30381.7	1114.53	0
-30381.7	4864.53	0
-38781.7	4864.53	0
-63831.7	6914.53	0
-63581.7	6914.53	0
-63581.7	7814.53	0
-63831.7	7814.53	0
-64131.7	9364.52	0
-72231.7	9364.52	0
-72231.7	1264.52	0
-64131.7	1264.52	0
-63831.7	11914.5	0
-63831.7	10414.5	0
-59706.7	10414.5	0
-59706.7	11914.5	0
-47181.7	5764.53	0
-47181.7	9514.53	0
-55581.7	9514.53	0
-55581.7	5764.53	0
-55581.7	4864.53	0
-55581.7	1114.53	0
-47181.7	1114.53	0
-47181.7	4864.53	0
-47131.7	-40785.5	0
-43431.7	-40785.5	0
-43431.7	-32485.5	0
-47131.7	-32485.5	0
-38781.7	-32485.5	0
-42531.7	-32485.5	0
-42531.7	-40785.5	0
-38781.7	-40785.5	0
-38481.7	-36635.5	0
-37581.7	-36635.5	0
-37581.7	-32635.5	0
-38481.7	-32635.5	0
28418.3	-36235.5	0
36818.3	-36235.5	0
36818.3	-32485.5	0
28418.3	-32485.5	0
28418.3	-40885.5	0
36818.3	-40885.5	0
36818.3	-37135.5	0
28418.3	-37135.5	0
41123.3	-32635.5	0
41123.3	-40833	0
45068.3	-40833	0
45068.3	-32635.5	0
66668.3	-32635.5	0
66668.3	-40885.5	0
70418.3	-40885.5	0
70418.3	-32635.5	0
62018.3	-40885.5	0
65768.3	-40885.5	0
65768.3	-32635.5	0
62018.3	-32635.5	0
-63681.7	9964.53	0
-62781.7	9964.53	0
-62781.7	10109.5	0
-63681.7	10109.5	0
-62031.7	3964.53	0
-62031.7	3514.53	0
-61831.7	3514.53	0
-61831.7	3964.53	0
-63631.7	6314.53	0
-63831.7	6314.53	0
-63831.7	5864.53	0
-63631.7	5864.53	0
-63631.7	3964.53	0
-63831.7	3964.53	0
-63831.7	3514.53	0
-63631.7	3514.53	0
77068.3	-31585.5	0
77068.3	-32485.5	0
77318.3	-32485.5	0
77318.3	-31585.5	0
74418.3	-32035.5	0
74418.3	-32485.5	0
74618.3	-32485.5	0
74618.3	-32035.5	0
72768.3	-32035.5	0
72768.3	-32485.5	0
72968.3	-32485.5	0
72968.3	-32035.5	0
65268.7	5564.53	0
65268.7	5064.53	0
66088.7	5064.53	0
66088.7	5564.53	0
66288.7	5564.53	0
66288.7	5064.53	0
67118.3	5064.53	0
67118.3	5564.53	0
53618.3	6614.53	0
53618.3	3914.53	0
57218.3	3914.53	0
57218.3	6614.53	0
53618.3	6814.53	0
57218.3	6814.53	0
57218.3	9514.53	0
53618.3	9514.53	0
24818.3	11914.5	0
24818.3	9814.53	0
25968.3	9814.53	0
25968.3	11914.5	0
28268.3	11914.5	0
26168.3	11914.5	0
26168.3	9839.53	0
28268.3	9839.53	0
24818.3	9514.53	0
24818.3	6814.53	0
28268.3	6814.53	0
28268.3	9514.53	0
24818.3	6614.53	0
24818.3	3914.53	0
28268.3	3914.53	0
28268.3	6614.53	0
25818.3	3714.53	0
25818.3	1114.53	0
28268.3	1114.53	0
28268.3	3714.53	0
19193.2	9814.53	0
20068.3	9814.53	0
20068.3	11914.5	0
19193.2	11914.5	0
17243.2	11914.5	0
17243.2	9814.53	0
18993.2	9814.53	0
18993.2	11914.5	0
15343.2	11914.5	0
15343.2	9814.53	0
17043.2	9814.53	0
17043.2	11914.5	0
14868.3	5564.53	0
14868.3	5064.53	0
16718.3	5064.53	0
16718.3	5564.53	0
16868.3	5564.53	0
16868.3	5064.53	0
17718.3	5064.53	0
17718.3	5564.53	0
18868.3	5564.53	0
18868.3	5064.53	0
20168.3	5064.53	0
20168.3	5564.53	0
-13731.7	1219.53	0
-13731.7	9364.53	0
-25376.7	9364.53	0
-25376.7	1219.53	0
-25376.7	9664.53	0
-22131.7	9664.53	0
-22131.7	11914.5	0
-25376.7	11914.5	0
-21831.7	11014.5	0
-21831.7	9664.53	0
-13781.7	9664.53	0
-13781.7	11014.5	0
-34481.7	10764.5	0
-34481.7	9714.53	0
-33881.7	9714.53	0
-33881.7	10764.5	0
-52311.7	5564.53	0
-52311.7	5064.53	0
-51506.9	5064.53	0
-51506.9	5564.53	0
-51306.9	5564.53	0
-51306.9	5064.53	0
-50502.1	5064.53	0
-50502.1	5564.53	0
-55431.7	214.525	0
-52581.7	214.525	0
-52581.7	814.525	0
-55431.7	814.525	0
78918.3	-29735.5	0
78918.3	-32485.5	0
81543.3	-32485.5	0
81543.3	-29735.5	0
81743.3	-29735.5	0
81743.3	-32485.5	0
84293.3	-32485.5	0
84293.3	-29735.5	0
84493.3	-32485.5	0
87118.3	-32485.5	0
87118.3	-29735.5	0
84493.3	-29735.5	0
65968.3	-35385.5	0
65968.3	-36585.5	0
66468.3	-36585.5	0
66468.3	-35385.5	0
65968.3	-36785.5	0
65968.3	-37985.5	0
66468.3	-37985.5	0
66468.3	-36785.5	0
28568.3	-31285.5	0
28568.3	-32185.5	0
35293.3	-32185.5	0
35293.3	-31285.5	0
35493.3	-32185.5	0
36668.3	-32185.5	0
36668.3	-31285.5	0
35493.3	-31285.5	0
-43231.7	-32485.5	0
-43231.7	-33785.4	0
-42731.7	-33785.4	0
-42731.7	-32485.5	0
-43231.7	-39585.4	0
-43231.7	-40785.5	0
-42731.7	-40785.5	0
-42731.7	-39585.4	0
-38481.7	-36835.5	0
-38481.7	-37635.5	0
-37581.7	-37635.5	0
-37581.7	-36835.5	0
-55431.7	11689.5	0
-54981.7	11689.5	0
-54981.7	11889.5	0
-55431.7	11889.5	0
-54781.7	9814.53	0
-54781.7	10014.5	0
-55231.7	10014.5	0
-55231.7	9814.53	0
-53331.7	9814.53	0
-52881.7	9814.53	0
-52881.7	10014.5	0
-53331.7	10014.5	0
-51431.7	9814.53	0
-51431.7	10014.5	0
-52131.7	10014.5	0
-52131.7	9814.53	0
-50481.7	9814.53	0
-50181.7	9814.53	0
-50181.7	10114.5	0
-50481.7	10114.5	0
-48431.7	9814.53	0
-47531.7	9814.53	0
-47531.7	10064.5	0
-48431.7	10064.5	0
79136.4	-14906.7	0
79122.9	-14910.3	0
79110.3	-14916.2	0
79098.8	-14924.2	0
79089	-14934.1	0
79081	-14945.5	0
79075.1	-14958.1	0
79071.5	-14971.6	0
79070.3	-14985.5	0
79071.5	-14999.4	0
79075.1	-15012.8	0
79081	-15025.5	0
79089	-15036.9	0
79098.8	-15046.8	0
79110.3	-15054.8	0
79122.9	-15060.7	0
79136.4	-15064.3	0
79150.3	-15065.5	0
79164.2	-15064.3	0
79177.6	-15060.7	0
79190.3	-15054.8	0
79201.7	-15046.8	0
79211.5	-15036.9	0
79219.5	-15025.5	0
79225.4	-15012.8	0
79229	-14999.4	0
79230.3	-14985.5	0
79229	-14971.6	0
79225.4	-14958.1	0
79219.5	-14945.5	0
79211.5	-14934.1	0
79201.7	-14924.2	0
79190.3	-14916.2	0
79177.6	-14910.3	0
79164.2	-14906.7	0
79150.3	-14905.5	0
78668.3	18064.5	-50
77718.3	18064.5	-50
77718.3	22014.5	-50
78668.3	22014.5	-50
66118.3	16714.5	-50
70268.3	16714.5	-50
70268.3	15914.5	-50
66118.3	15914.5	-50
70268.3	4864.53	-50
70268.3	1114.53	-50
62168.3	1114.53	-50
62168.3	4864.53	-50
70268.3	5764.53	-50
62168.3	5764.53	-50
62168.3	9514.53	-50
70268.3	9514.53	-50
61868.3	964.525	-50
61868.3	-7135.48	-50
53768.3	-7135.48	-50
53768.3	1264.53	-50
53618.3	1264.53	-50
53618.3	3714.53	-50
55268.3	3714.53	-50
55268.3	964.525	-50
28568.3	9314.53	-50
36668.3	9314.53	-50
36668.3	1114.53	-50
28568.3	1114.53	-50
11268.3	5764.53	-50
11268.3	9514.53	-50
20168.3	9514.53	-50
20168.3	5764.53	-50
20168.3	1114.53	-50
11268.3	1114.53	-50
11268.3	4864.53	-50
20168.3	4864.53	-50
-38781.7	5764.53	-50
-38781.7	9514.53	-50
-30381.7	9514.53	-50
-30381.7	5764.53	-50
-30381.7	1114.53	-50
-38781.7	1114.53	-50
-38781.7	4864.53	-50
-30381.7	4864.53	-50
-63581.7	6914.53	-50
-63831.7	6914.53	-50
-63831.7	7814.53	-50
-63581.7	7814.53	-50
-72231.7	9364.52	-50
-64131.7	9364.52	-50
-64131.7	1264.52	-50
-72231.7	1264.52	-50
-63831.7	10414.5	-50
-63831.7	11914.5	-50
-59706.7	11914.5	-50
-59706.7	10414.5	-50
-47181.7	9514.53	-50
-47181.7	5764.53	-50
-55581.7	5764.53	-50
-55581.7	9514.53	-50
-55581.7	1114.53	-50
-55581.7	4864.53	-50
-47181.7	4864.53	-50
-47181.7	1114.53	-50
-43431.7	-40785.5	-50
-47131.7	-40785.5	-50
-47131.7	-32485.5	-50
-43431.7	-32485.5	-50
-42531.7	-32485.5	-50
-38781.7	-32485.5	-50
-38781.7	-40785.5	-50
-42531.7	-40785.5	-50
-37581.7	-36635.5	-50
-38481.7	-36635.5	-50
-38481.7	-32635.5	-50
-37581.7	-32635.5	-50
36818.3	-36235.5	-50
28418.3	-36235.5	-50
28418.3	-32485.5	-50
36818.3	-32485.5	-50
36818.3	-40885.5	-50
28418.3	-40885.5	-50
28418.3	-37135.5	-50
36818.3	-37135.5	-50
41123.3	-40833	-50
41123.3	-32635.5	-50
45068.3	-32635.5	-50
45068.3	-40833	-50
66668.3	-40885.5	-50
66668.3	-32635.5	-50
70418.3	-32635.5	-50
70418.3	-40885.5	-50
65768.3	-40885.5	-50
62018.3	-40885.5	-50
62018.3	-32635.5	-50
65768.3	-32635.5	-50
-62781.7	9964.53	-50
-63681.7	9964.53	-50
-63681.7	10109.5	-50
-62781.7	10109.5	-50
-62031.7	3514.53	-50
-62031.7	3964.53	-50
-61831.7	3964.53	-50
-61831.7	3514.53	-50
-63831.7	6314.53	-50
-63631.7	6314.53	-50
-63631.7	5864.53	-50
-63831.7	5864.53	-50
-63831.7	3964.53	-50
-63631.7	3964.53	-50
-63631.7	3514.53	-50
-63831.7	3514.53	-50
77068.3	-32485.5	-50
77068.3	-31585.5	-50
77318.3	-31585.5	-50
77318.3	-32485.5	-50
74418.3	-32485.5	-50
74418.3	-32035.5	-50
74618.3	-32035.5	-50
74618.3	-32485.5	-50
72768.3	-32485.5	-50
72768.3	-32035.5	-50
72968.3	-32035.5	-50
72968.3	-32485.5	-50
65268.7	5064.53	-50
65268.7	5564.53	-50
66088.7	5564.53	-50
66088.7	5064.53	-50
66288.7	5064.53	-50
66288.7	5564.53	-50
67118.3	5564.53	-50
67118.3	5064.53	-50
53618.3	3914.53	-50
53618.3	6614.53	-50
57218.3	6614.53	-50
57218.3	3914.53	-50
57218.3	6814.53	-50
53618.3	6814.53	-50
53618.3	9514.53	-50
57218.3	9514.53	-50
24818.3	9814.53	-50
24818.3	11914.5	-50
25968.3	11914.5	-50
25968.3	9814.53	-50
26168.3	11914.5	-50
28268.3	11914.5	-50
28268.3	9839.53	-50
26168.3	9839.53	-50
24818.3	6814.53	-50
24818.3	9514.53	-50
28268.3	9514.53	-50
28268.3	6814.53	-50
24818.3	3914.53	-50
24818.3	6614.53	-50
28268.3	6614.53	-50
28268.3	3914.53	-50
25818.3	1114.53	-50
25818.3	3714.53	-50
28268.3	3714.53	-50
28268.3	1114.53	-50
20068.3	9814.53	-50
19193.2	9814.53	-50
19193.2	11914.5	-50
20068.3	11914.5	-50
17243.2	9814.53	-50
17243.2	11914.5	-50
18993.2	11914.5	-50
18993.2	9814.53	-50
15343.2	9814.53	-50
15343.2	11914.5	-50
17043.2	11914.5	-50
17043.2	9814.53	-50
14868.3	5064.53	-50
14868.3	5564.53	-50
16718.3	5564.53	-50
16718.3	5064.53	-50
16868.3	5064.53	-50
16868.3	5564.53	-50
17718.3	5564.53	-50
17718.3	5064.53	-50
18868.3	5064.53	-50
18868.3	5564.53	-50
20168.3	5564.53	-50
20168.3	5064.53	-50
-13731.7	9364.53	-50
-13731.7	1219.53	-50
-25376.7	1219.53	-50
-25376.7	9364.53	-50
-22131.7	9664.53	-50
-25376.7	9664.53	-50
-25376.7	11914.5	-50
-22131.7	11914.5	-50
-21831.7	9664.53	-50
-21831.7	11014.5	-50
-13781.7	11014.5	-50
-13781.7	9664.53	-50
-34481.7	9714.53	-50
-34481.7	10764.5	-50
-33881.7	10764.5	-50
-33881.7	9714.53	-50
-52311.7	5064.53	-50
-52311.7	5564.53	-50
-51506.9	5564.53	-50
-51506.9	5064.53	-50
-51306.9	5064.53	-50
-51306.9	5564.53	-50
-50502.1	5564.53	-50
-50502.1	5064.53	-50
-52581.7	214.525	-50
-55431.7	214.525	-50
-55431.7	814.525	-50
-52581.7	814.525	-50
78918.3	-32485.5	-50
78918.3	-29735.5	-50
81543.3	-29735.5	-50
81543.3	-32485.5	-50
81743.3	-32485.5	-50
81743.3	-29735.5	-50
84293.3	-29735.5	-50
84293.3	-32485.5	-50
87118.3	-32485.5	-50
84493.3	-32485.5	-50
84493.3	-29735.5	-50
87118.3	-29735.5	-50
65968.3	-36585.5	-50
65968.3	-35385.5	-50
66468.3	-35385.5	-50
66468.3	-36585.5	-50
65968.3	-37985.5	-50
65968.3	-36785.5	-50
66468.3	-36785.5	-50
66468.3	-37985.5	-50
28568.3	-32185.5	-50
28568.3	-31285.5	-50
35293.3	-31285.5	-50
35293.3	-32185.5	-50
36668.3	-32185.5	-50
35493.3	-32185.5	-50
35493.3	-31285.5	-50
36668.3	-31285.5	-50
-43231.7	-33785.4	-50
-43231.7	-32485.5	-50
-42731.7	-32485.5	-50
-42731.7	-33785.4	-50
-43231.7	-40785.5	-50
-43231.7	-39585.4	-50
-42731.7	-39585.4	-50
-42731.7	-40785.5	-50
-38481.7	-37635.5	-50
-38481.7	-36835.5	-50
-37581.7	-36835.5	-50
-37581.7	-37635.5	-50
-54981.7	11689.5	-50
-55431.7	11689.5	-50
-55431.7	11889.5	-50
-54981.7	11889.5	-50
-54781.7	10014.5	-50
-54781.7	9814.53	-50
-55231.7	9814.53	-50
-55231.7	10014.5	-50
-52881.7	9814.53	-50
-53331.7	9814.53	-50
-53331.7	10014.5	-50
-52881.7	10014.5	-50
-51431.7	10014.5	-50
-51431.7	9814.53	-50
-52131.7	9814.53	-50
-52131.7	10014.5	-50
-50181.7	9814.53	-50
-50481.7	9814.53	-50
-50481.7	10114.5	-50
-50181.7	10114.5	-50
-47531.7	9814.53	-50
-48431.7	9814.53	-50
-48431.7	10064.5	-50
-47531.7	10064.5	-50
79177.6	-14910.3	-50
79190.3	-14916.2	-50
79201.7	-14924.2	-50
79211.5	-14934.1	-50
79219.5	-14945.5	-50
79225.4	-14958.1	-50
79229	-14971.6	-50
79230.3	-14985.5	-50
79229	-14999.4	-50
79225.4	-15012.8	-50
79219.5	-15025.5	-50
79211.5	-15036.9	-50
79201.7	-15046.8	-50
79190.3	-15054.8	-50
79177.6	-15060.7	-50
79164.2	-15064.3	-50
79150.3	-15065.5	-50
79136.4	-15064.3	-50
79122.9	-15060.7	-50
79110.3	-15054.8	-50
79098.8	-15046.8	-50
79089	-15036.9	-50
79081	-15025.5	-50
79075.1	-15012.8	-50
79071.5	-14999.4	-50
79070.3	-14985.5	-50
79071.5	-14971.6	-50
79075.1	-14958.1	-50
79081	-14945.5	-50
79089	-14934.1	-50
79098.8	-14924.2	-50
79110.3	-14916.2	-50
79122.9	-14910.3	-50
79136.4	-14906.7	-50
79150.3	-14905.5	-50
79164.2	-14906.7	-50

#	Triangle	130
0	2	1	3	2	0	5	6	4	7	6	5	13	14	12	15	14	13	185	186	184	187	186	185	189	190	188	191	190	189	193	194	192	195	194	193	201	202	200	203	202	201	213	214	212	215	214	213	265	266	264	267	266	265	269	270	268	271	270	269	273	274	272	275	274	273	277	278	276	279	278	277	285	286	284	287	286	285	289	290	288	291	290	289	293	294	292	295	294	293	297	298	296	299	298	297	301	302	300	303	302	301	309	310	308	311	310	309	313	314	312	315	314	313	317	318	316	319	318	317	321	322	320	323	322	321	327	637	638	324	637	327	329	643	640	330	643	329	334	646	647	335	646	334	339	649	650	336	649	339	342	654	655	343	654	342	340	656	657	341	656	340	349	663	660	350	663	349	352	664	665	353	664	352	359	669	670	356	669	359	360	672	673	361	672	360	367	677	678	364	677	367	371	681	682	368	681	371	373	687	684	374	687	373	376	688	689	377	688	376	382	694	695	383	694	382	384	696	697	385	696	384	391	701	702	388	701	391	393	707	704	394	707	393	399	709	710	396	709	399	403	713	714	400	713	403	407	717	718	404	717	407	408	720	721	409	720	408	412	724	725	413	724	412	419	729	730	416	729	419	423	733	734	420	733	423	424	736	737	425	736	424	429	743	740	430	743	429	433	747	744	434	747	433	436	748	749	437	748	436	440	752	753	441	752	440	444	756	757	445	756	444	448	760	761	449	760	448	452	764	765	453	764	452	456	768	769	457	768	456	463	773	774	460	773	463	464	776	777	465	776	464	469	783	780	470	783	469	472	784	785	473	784	472	476	788	789	477	788	476	480	792	793	481	792	480	487	797	798	484	797	487	488	800	801	489	800	488	492	804	805	493	804	492	496	808	809	497	808	496	500	812	813	501	812	500	504	816	817	505	816	504	510	822	823	511	822	510	515	825	826	512	825	515	516	828	829	517	828	516	520	832	833	521	832	520	524	836	837	525	836	524	528	840	841	529	840	528	535	845	846	532	845	535	536	848	849	537	848	536	540	852	853	541	852	540	547	857	858	544	857	547	548	860	861	549	860	548	552	864	865	553	864	552	556	868	869	557	868	556	563	873	874	560	873	563	564	876	877	565	876	564	568	880	881	569	880	568	572	884	885	573	884	572	579	889	890	576	889	579	582	894	895	583	894	582	587	897	898	584	897	587	590	902	903	591	902	590	595	905	906	592	905	595	599	909	910	596	909	599
3	4	2	5	4	3	7	8	6	9	8	7	11	12	10	13	12	11	15	16	14	17	16	15	19	20	18	21	20	19	27	28	26	29	28	27	39	40	38	41	40	39	187	188	186	189	188	187	259	260	258	261	260	259	263	264	262	265	264	263	267	268	266	269	268	267	271	272	270	273	272	271	291	292	290	293	292	291	299	300	298	301	300	299	303	304	302	305	304	303	307	308	306	309	308	307	311	312	310	313	312	311	323	1	322	0	1	323	326	638	639	327	638	326	328	640	641	329	640	328	333	647	644	334	647	333	338	650	651	339	650	338	345	659	652	346	659	345	347	657	658	340	657	347	348	660	661	349	660	348	355	665	666	352	665	355	358	670	671	359	670	358	363	673	674	360	673	363	366	678	679	367	678	366	370	682	683	371	682	370	372	684	685	373	684	372	379	689	690	376	689	379	381	695	692	382	695	381	387	697	698	384	697	387	390	702	703	391	702	390	392	704	705	393	704	392	398	710	711	399	710	398	402	714	715	403	714	402	406	718	719	407	718	406	411	721	722	408	721	411	415	725	726	412	725	415	418	730	731	419	730	418	422	734	735	423	734	422	427	737	738	424	737	427	428	740	741	429	740	428	432	744	745	433	744	432	439	749	750	436	749	439	443	753	754	440	753	443	447	757	758	444	757	447	451	761	762	448	761	451	455	765	766	452	765	455	459	769	770	456	769	459	462	774	775	463	774	462	467	777	778	464	777	467	468	780	781	469	780	468	475	785	786	472	785	475	479	789	790	476	789	479	483	793	794	480	793	483	486	798	799	487	798	486	491	801	802	488	801	491	495	805	806	492	805	495	499	809	810	496	809	499	503	813	814	500	813	503	507	817	818	504	817	507	509	823	820	510	823	509	514	826	827	515	826	514	519	829	830	516	829	519	523	833	834	520	833	523	527	837	838	524	837	527	531	841	842	528	841	531	534	846	847	535	846	534	539	849	850	536	849	539	543	853	854	540	853	543	546	858	859	547	858	546	551	861	862	548	861	551	555	865	866	552	865	555	559	869	870	556	869	559	562	874	875	563	874	562	567	877	878	564	877	567	571	881	882	568	881	571	575	885	886	572	885	575	578	890	891	579	890	578	581	895	892	582	895	581	586	898	899	587	898	586	589	903	900	590	903	589	594	906	907	595	906	594	598	910	911	599	910	598
9	10	8	11	10	9	17	18	16	19	18	17	21	22	20	23	22	21	25	26	24	27	26	25	29	30	28	31	30	29	33	34	32	35	34	33	37	38	36	39	38	37	41	42	40	43	42	41	197	198	196	199	198	197	205	206	204	207	206	205	209	210	208	211	210	209	217	218	216	219	218	217	261	262	260	263	262	261	281	282	280	283	282	281	305	306	304	307	306	305	325	639	636	326	639	325	331	641	642	328	641	331	332	644	645	333	644	332	337	651	648	338	651	337	346	658	659	347	658	346	344	652	653	345	652	344	351	661	662	348	661	351	354	666	667	355	666	354	357	671	668	358	671	357	362	674	675	363	674	362	365	679	676	366	679	365	369	683	680	370	683	369	375	685	686	372	685	375	378	690	691	379	690	378	380	692	693	381	692	380	386	698	699	387	698	386	389	703	700	390	703	389	395	705	706	392	705	395	397	711	708	398	711	397	401	715	712	402	715	401	405	719	716	406	719	405	410	722	723	411	722	410	414	726	727	415	726	414	417	731	728	418	731	417	421	735	732	422	735	421	426	738	739	427	738	426	431	741	742	428	741	431	435	745	746	432	745	435	438	750	751	439	750	438	442	754	755	443	754	442	446	758	759	447	758	446	450	762	763	451	762	450	454	766	767	455	766	454	458	770	771	459	770	458	461	775	772	462	775	461	466	778	779	467	778	466	471	781	782	468	781	471	474	786	787	475	786	474	478	790	791	479	790	478	482	794	795	483	794	482	485	799	796	486	799	485	490	802	803	491	802	490	494	806	807	495	806	494	498	810	811	499	810	498	502	814	815	503	814	502	506	818	819	507	818	506	508	820	821	509	820	508	513	827	824	514	827	513	518	830	831	519	830	518	522	834	835	523	834	522	526	838	839	527	838	526	530	842	843	531	842	530	533	847	844	534	847	533	538	850	851	539	850	538	542	854	855	543	854	542	545	859	856	546	859	545	550	862	863	551	862	550	554	866	867	555	866	554	558	870	871	559	870	558	561	875	872	562	875	561	566	878	879	567	878	566	570	882	883	571	882	570	574	886	887	575	886	574	577	891	888	578	891	577	580	892	893	581	892	580	585	899	896	586	899	585	588	900	901	589	900	588	593	907	904	594	907	593	597	911	908	598	911	597
23	24	22	25	24	23	31	32	30	33	32	31	35	36	34	37	36	35	43	44	42	45	44	43	183	184	182	185	184	183	191	192	190	193	192	191	195	196	194	197	196	195	199	200	198	201	200	199	203	204	202	205	204	203	207	208	206	209	208	207	211	212	210	213	212	211	215	216	214	217	216	215	219	220	218	221	220	219	275	276	274	277	276	275	279	280	278	281	280	279	283	284	282	285	284	283	287	288	286	289	288	287	295	296	294	297	296	295	315	316	314	317	316	315	319	320	318	321	320	319	324	636	637	325	636	324	330	642	643	331	642	330	335	645	646	332	645	335	336	648	649	337	648	336	343	653	654	344	653	343	341	655	656	342	655	341	350	662	663	351	662	350	353	667	664	354	667	353	356	668	669	357	668	356	361	675	672	362	675	361	364	676	677	365	676	364	368	680	681	369	680	368	374	686	687	375	686	374	377	691	688	378	691	377	383	693	694	380	693	383	385	699	696	386	699	385	388	700	701	389	700	388	394	706	707	395	706	394	396	708	709	397	708	396	400	712	713	401	712	400	404	716	717	405	716	404	409	723	720	410	723	409	413	727	724	414	727	413	416	728	729	417	728	416	420	732	733	421	732	420	425	739	736	426	739	425	430	742	743	431	742	430	434	746	747	435	746	434	437	751	748	438	751	437	441	755	752	442	755	441	445	759	756	446	759	445	449	763	760	450	763	449	453	767	764	454	767	453	457	771	768	458	771	457	460	772	773	461	772	460	465	779	776	466	779	465	470	782	783	471	782	470	473	787	784	474	787	473	477	791	788	478	791	477	481	795	792	482	795	481	484	796	797	485	796	484	489	803	800	490	803	489	493	807	804	494	807	493	497	811	808	498	811	497	501	815	812	502	815	501	505	819	816	506	819	505	511	821	822	508	821	511	512	824	825	513	824	512	517	831	828	518	831	517	521	835	832	522	835	521	525	839	836	526	839	525	529	843	840	530	843	529	532	844	845	533	844	532	537	851	848	538	851	537	541	855	852	542	855	541	544	856	857	545	856	544	549	863	860	550	863	549	553	867	864	554	867	553	557	871	868	558	871	557	560	872	873	561	872	560	565	879	876	566	879	565	569	883	880	570	883	569	573	887	884	574	887	573	576	888	889	577	888	576	583	893	894	580	893	583	584	896	897	585	896	584	591	901	902	588	901	591	592	904	905	593	904	592	596	908	909	597	908	596
45	46	44	47	46	45
47	48	46	49	48	47
49	50	48	51	50	49
51	52	50	53	52	51
53	54	52	55	54	53
55	56	54	57	56	55
57	58	56	59	58	57
59	60	58	61	60	59
61	62	60	63	62	61
63	64	62	65	64	63
65	66	64	67	66	65
67	68	66	69	68	67
69	70	68	71	70	69
71	72	70	73	72	71
73	74	72	75	74	73
75	76	74	77	76	75
77	78	76	79	78	77
79	80	78	81	80	79
81	82	80	83	82	81
83	84	82	85	84	83
85	86	84	87	86	85
87	88	86	89	88	87
89	90	88	91	90	89
91	92	90	93	92	91
93	94	92	95	94	93
95	96	94	97	96	95
97	98	96	99	98	97
99	100	98	101	100	99
101	102	100	103	102	101
103	104	102	105	104	103
105	106	104	107	106	105
107	108	106	109	108	107
109	110	108	111	110	109
111	112	110	113	112	111
113	114	112	115	114	113
115	116	114	117	116	115
117	118	116	119	118	117
119	120	118	121	120	119
121	122	120	123	122	121
123	124	122	125	124	123
125	126	124	127	126	125
127	128	126	129	128	127
129	130	128	131	130	129
131	132	130	133	132	131
133	134	132	135	134	133
135	136	134	137	136	135
137	138	136	139	138	137
139	140	138	141	140	139
141	142	140	143	142	141
143	144	142	145	144	143
145	146	144	147	146	145
147	148	146	149	148	147
149	150	148	151	150	149
151	152	150	153	152	151
153	154	152	155	154	153
155	156	154	157	156	155
157	158	156	159	158	157
159	160	158	161	160	159
161	162	160	163	162	161
163	164	162	165	164	163
165	166	164	167	166	165
167	168	166	169	168	167
169	170	168	171	170	169
171	172	170	173	172	171
173	174	172	175	174	173
175	176	174	177	176	175
177	178	176	179	178	177
179	180	178	181	180	179
181	182	180	183	182	181
221	222	220	223	222	221
223	224	222	225	224	223
225	226	224	227	226	225
227	228	226	229	228	227
229	230	228	231	230	229
231	232	230	233	232	231
233	234	232	235	234	233
235	236	234	237	236	235
237	238	236	239	238	237
239	240	238	241	240	239
241	242	240	243	242	241
243	244	242	245	244	243
245	246	244	247	246	245
247	248	246	249	248	247
249	250	248	251	250	249
251	252	250	253	252	251
253	254	252	255	254	253
255	256	254	257	256	255
257	258	256	259	258	257
27	31	29	27	33	31	27	35	33	27	374	35	374	373	35	373	377	35	377	376	35	376	37	35	19	23	21	19	25	23	27	375	374	372	377	373	27	372	375	27	377	372	19	27	25	19	434	27	434	433	27	433	430	27	430	429	27	429	368	27	368	371	27	371	377	27	19	435	434	432	430	433	432	431	430	428	368	429	428	369	368	370	377	371	370	420	377	420	423	377	423	378	377	379	37	376	370	421	420	422	378	423	19	432	435	19	431	432	19	428	431	19	369	428	19	370	369	19	425	370	425	421	370	425	422	421	425	424	422	424	378	422	19	426	425	427	378	424	19	427	426	19	378	427	19	379	378	19	532	379	532	385	379	385	384	379	384	383	379	383	382	379	382	576	379	576	579	379	579	37	379	532	535	385	535	386	385	387	525	384	525	383	384	525	524	383	524	380	383	381	583	382	583	576	382	19	533	532	534	386	535	583	582	576	582	577	576	578	37	579	381	580	583	581	577	582	581	578	577	581	515	578	515	37	578	381	584	580	584	581	580	584	587	581	587	515	581	381	585	584	586	515	587	381	591	585	591	586	585	591	590	586	590	515	586	19	534	533	19	386	534	387	526	525	527	380	524	381	588	591	589	595	590	595	515	590	387	529	526	529	527	526	529	528	527	528	380	527	381	592	588	592	589	588	592	595	589	387	530	529	531	380	528	387	531	530	387	380	531	381	593	592	594	515	595	381	594	593	381	596	594	596	599	594	599	515	594	15	388	17	388	19	17	388	386	19	381	597	596	598	515	599	381	598	597	381	515	598	388	387	386	388	380	387	388	381	380	388	391	381	391	364	381	364	367	381	367	361	381	361	360	381	360	520	381	520	515	381	15	389	388	390	364	391	15	569	389	569	390	389	569	568	390	568	565	390	565	564	390	564	364	390	15	570	569	571	565	568	571	566	565	567	364	564	15	394	570	394	571	570	394	566	571	394	567	566	394	393	567	393	364	567	15	395	394	392	364	393	39	43	41	39	45	43	15	573	395	573	392	395	573	364	392	573	572	364	572	396	364	396	399	364	399	365	364	366	361	367	366	362	361	363	521	360	521	520	360	15	574	573	575	396	572	575	397	396	398	365	399	15	575	574	15	397	575	15	398	397	15	365	398	363	522	521	523	515	520	363	523	522	363	515	523	15	366	365	15	362	366	15	511	362	511	363	362	511	510	363	510	512	363	512	515	363	15	508	511	509	512	510	509	513	512	514	37	515	509	517	513	517	514	513	517	37	514	517	39	37	517	516	39	516	45	39	509	518	517	519	45	516	519	47	45	519	49	47	519	51	49	519	53	51	519	55	53	519	57	55	519	59	57	519	61	59	519	63	61	519	65	63	519	67	65	519	69	67	519	71	69	519	73	71	519	75	73	519	77	75	519	79	77	519	81	79	519	83	81	519	85	83	519	87	85	509	519	518	509	87	519	15	509	508	15	87	509	15	89	87	15	91	89	15	93	91	15	95	93	15	97	95	15	99	97	15	101	99	15	103	101	15	105	103	15	107	105	15	109	107	15	111	109	15	113	111	15	115	113	15	117	115	15	119	117	15	121	119	15	123	121	15	191	123	191	125	123	191	127	125	191	189	127	189	129	127	15	195	191	195	193	191	187	129	189	187	131	129	187	133	131	187	135	133	15	356	195	356	359	195	359	353	195	353	352	195	352	197	195	187	137	135	187	139	137	187	141	139	187	143	141	15	13	356	13	357	356	358	497	359	497	353	359	497	496	353	496	354	353	355	197	352	187	145	143	11	357	13	187	147	145	187	149	147	187	151	149	187	153	151	187	155	153	187	157	155	187	159	157	187	161	159	187	163	161	187	165	163	187	167	165	187	169	167	187	171	169	187	173	171	187	175	173	187	177	175	187	179	177	358	498	497	499	354	496	187	181	179	187	183	181	355	493	197	493	199	197	493	492	199	492	201	199	187	185	183	355	494	493	495	201	492	358	501	498	501	499	498	501	500	499	500	354	499	358	502	501	503	354	500	355	489	494	489	495	494	489	488	495	488	201	495	355	490	489	491	201	488	358	505	502	505	503	502	505	504	503	504	354	503	358	506	505	507	354	504	355	484	490	484	491	490	484	487	491	487	201	491	355	485	484	486	201	487	7	11	9	7	404	11	404	357	11	355	486	485	355	201	486	404	203	357	203	358	357	203	506	358	203	507	506	203	354	507	203	355	354	203	201	355	404	205	203	404	477	205	477	207	205	477	476	207	476	473	207	473	472	207	472	465	207	465	464	207	464	209	207	404	481	477	481	480	477	480	478	477	479	473	476	479	474	473	475	465	472	475	466	465	467	209	464	404	482	481	483	478	480	475	470	466	470	467	466	470	469	467	469	209	467	475	471	470	468	209	469	468	211	209	468	213	211	404	483	482	404	478	483	404	479	478	404	474	479	404	475	474	404	471	475	404	468	471	404	407	468	407	400	468	400	403	468	403	350	468	350	349	468	349	213	468	7	405	404	406	400	407	406	401	400	402	557	403	557	556	403	556	350	403	402	558	557	559	350	556	559	351	350	348	213	349	402	560	558	560	559	558	560	563	559	563	351	559	402	561	560	562	351	563	402	562	561	402	351	562	402	348	351	402	213	348	7	409	405	409	406	405	409	401	406	409	402	401	409	215	402	215	213	402	409	408	215	408	217	215	7	410	409	411	217	408	7	416	410	416	411	410	416	343	411	343	341	411	341	275	411	275	217	411	275	219	217	275	273	219	273	221	219	341	340	275	340	457	275	457	456	275	456	460	275	460	463	275	463	277	275	271	330	273	330	329	273	329	221	273	343	342	341	347	457	340	347	458	457	459	460	456	459	461	460	462	277	463	416	344	343	345	279	346	279	347	346	279	458	347	279	459	458	279	461	459	279	462	461	279	277	462	345	281	279	345	283	281	345	334	283	334	336	283	336	339	283	339	285	283	416	345	344	416	419	345	419	334	345	7	417	416	418	335	419	335	334	419	418	332	335	333	449	334	449	336	334	449	448	336	448	337	336	338	285	339	333	450	449	451	337	448	7	413	417	413	553	417	553	418	417	553	552	418	552	549	418	549	548	418	548	332	418	413	554	553	555	549	552	555	550	549	551	412	548	412	332	548	333	453	450	453	451	450	453	452	451	452	337	451	271	331	330	328	269	329	269	221	329	333	454	453	455	337	452	413	555	554	413	550	555	413	551	550	413	412	551	7	414	413	415	332	412	333	455	454	333	337	455	415	333	332	415	337	333	415	338	337	415	285	338	271	328	331	271	269	328	7	415	414	7	295	415	295	293	415	293	285	415	267	265	269	265	221	269	7	5	295	5	445	295	445	444	295	444	608	295	608	607	295	607	606	295	606	605	295	605	297	295	291	287	293	287	285	293	291	289	287	263	221	265	3	445	5	3	446	445	447	608	444	3	441	446	441	447	446	441	440	447	440	608	447	259	263	261	259	324	263	324	327	263	327	221	263	3	442	441	443	608	440	3	443	442	3	437	443	437	436	443	436	608	443	3	438	437	439	608	436	3	537	438	537	439	438	537	315	439	315	313	439	313	608	439	259	325	324	326	221	327	259	326	325	259	221	326	537	536	315	536	317	315	311	608	313	3	538	537	539	317	536	311	609	608	311	610	609	311	611	610	311	612	611	604	297	605	311	613	612	603	297	604	311	614	613	602	297	603	311	615	614	601	297	602	311	616	615	600	297	601	311	617	616	635	297	600	311	618	617	634	297	635	311	309	618	309	619	618	633	297	634	307	619	309	307	620	619	632	297	633	307	621	620	631	297	632	307	622	621	630	297	631	307	623	622	629	297	630	307	624	623	628	297	629	307	625	624	627	297	628	307	626	625	626	297	627	307	297	626	3	541	538	541	539	538	541	540	539	540	317	539	3	542	541	543	317	540	3	544	542	544	543	542	544	547	543	547	317	543	3	545	544	546	317	547	259	223	221	259	225	223	259	227	225	259	229	227	259	231	229	303	307	305	303	301	307	301	297	307	259	233	231	3	546	545	3	0	546	0	319	546	319	317	546	323	319	0	323	321	319	259	235	233	299	297	301	259	237	235	259	239	237	259	241	239	259	243	241	259	245	243	259	247	245	259	249	247	259	251	249	259	253	251	259	255	253	259	257	255
32	28	30	32	26	28	36	32	34	36	689	32	689	684	32	684	687	32	687	26	32	24	20	22	24	18	20	689	685	684	686	26	687	689	686	685	689	26	686	689	24	26	689	688	24	688	682	24	682	681	24	681	740	24	740	743	24	743	744	24	744	747	24	747	18	24	36	690	689	691	734	688	734	682	688	734	733	682	733	683	682	680	740	681	680	741	740	742	744	743	742	745	744	746	18	747	691	735	734	732	683	733	680	742	741	680	745	742	680	746	745	680	18	746	732	680	683	732	737	680	737	736	680	736	18	680	691	732	735	691	737	732	691	738	737	739	18	736	691	739	738	691	18	739	36	890	690	890	691	690	890	695	691	695	694	691	694	697	691	697	696	691	696	845	691	845	18	691	890	889	695	889	895	695	895	894	695	894	692	695	693	837	694	837	697	694	837	836	697	836	698	697	699	846	696	846	845	696	36	891	890	888	895	889	699	847	846	844	18	845	888	892	895	893	692	894	36	888	891	36	826	888	826	892	888	826	898	892	898	893	892	898	897	893	897	692	893	826	899	898	896	692	897	826	903	899	903	896	899	903	902	896	902	692	896	699	844	847	699	18	844	693	838	837	839	698	836	826	906	903	906	900	903	901	692	902	693	841	838	841	839	838	841	840	839	840	698	839	906	901	900	906	905	901	905	692	901	693	842	841	843	698	840	693	843	842	693	698	843	826	907	906	904	692	905	826	910	907	910	904	907	910	909	904	909	692	904	699	16	18	699	702	16	702	701	16	701	14	16	826	911	910	908	692	909	826	908	911	826	692	908	826	833	692	833	673	692	673	693	692	673	698	693	673	699	698	673	702	699	673	703	702	700	14	701	673	877	703	877	700	703	877	876	700	876	881	700	881	880	700	880	14	700	673	878	877	879	881	876	879	882	881	883	14	880	673	879	878	673	704	879	704	882	879	704	883	882	704	707	883	707	14	883	673	672	704	672	678	704	678	677	704	677	705	704	706	14	707	44	40	42	44	38	40	833	832	673	832	674	673	675	678	672	675	679	678	676	705	677	676	710	705	710	706	705	710	709	706	709	885	706	885	884	706	884	14	706	676	711	710	708	885	709	708	886	885	887	14	884	676	708	711	676	886	708	676	887	886	676	14	887	826	834	833	835	674	832	826	835	834	826	674	835	826	675	674	826	679	675	826	676	679	826	825	676	825	823	676	823	822	676	822	14	676	36	827	826	824	823	825	824	820	823	821	14	822	36	824	827	36	829	824	829	828	824	828	820	824	44	36	38	44	829	36	44	830	829	831	820	828	46	830	44	48	830	46	50	830	48	52	830	50	54	830	52	56	830	54	58	830	56	60	830	58	62	830	60	64	830	62	66	830	64	68	830	66	70	830	68	72	830	70	74	830	72	76	830	74	78	830	76	80	830	78	82	830	80	84	830	82	86	830	84	86	831	830	86	820	831	86	821	820	86	14	821	88	14	86	90	14	88	92	14	90	94	14	92	96	14	94	98	14	96	100	14	98	102	14	100	104	14	102	106	14	104	108	14	106	110	14	108	112	14	110	114	14	112	116	14	114	118	14	116	120	14	118	122	14	120	124	188	122	188	190	122	190	14	122	126	188	124	128	188	126	128	186	188	192	194	190	194	14	190	130	186	128	132	186	130	134	186	132	196	665	194	665	664	194	664	670	194	670	669	194	669	14	194	136	186	134	138	186	136	140	186	138	142	186	140	196	666	665	667	809	664	809	670	664	809	808	670	808	671	670	668	12	669	12	14	669	144	186	142	668	10	12	146	186	144	148	186	146	150	186	148	152	186	150	154	186	152	156	186	154	158	186	156	160	186	158	162	186	160	164	186	162	166	186	164	168	186	166	170	186	168	172	186	170	174	186	172	176	186	174	178	186	176	667	810	809	811	671	808	180	186	178	182	186	180	200	805	198	805	196	198	805	804	196	804	666	196	184	186	182	200	806	805	807	666	804	667	813	810	813	811	810	813	812	811	812	671	811	667	814	813	815	671	812	200	801	806	801	807	806	801	800	807	800	666	807	200	802	801	803	666	800	667	817	814	817	815	814	817	816	815	816	671	815	667	818	817	819	671	816	200	798	802	798	803	802	798	797	803	797	666	803	200	799	798	796	666	797	668	8	10	668	714	8	714	713	8	713	718	8	718	717	8	717	6	8	200	796	799	200	666	796	200	667	666	200	818	667	200	819	818	200	671	819	200	668	671	200	202	668	202	714	668	204	714	202	208	777	206	777	204	206	777	776	204	776	785	204	785	784	204	784	789	204	789	788	204	788	714	204	208	778	777	779	785	776	779	786	785	787	789	784	787	790	789	791	793	788	793	792	788	792	714	788	791	794	793	795	714	792	208	780	778	780	779	778	780	783	779	783	786	779	208	781	780	782	786	783	212	208	210	212	781	208	212	782	781	212	786	782	212	660	786	660	787	786	660	790	787	660	791	790	660	794	791	660	795	794	660	714	795	660	663	714	663	869	714	869	868	714	868	715	714	712	718	713	712	719	718	716	6	717	212	661	660	662	869	663	662	870	869	871	715	868	662	871	870	662	874	871	874	873	871	873	715	871	662	875	874	872	715	873	212	662	661	212	875	662	212	872	875	212	715	872	212	712	715	212	719	712	212	716	719	212	214	716	214	721	716	721	720	716	720	6	716	216	721	214	216	722	721	723	6	720	216	723	722	216	272	723	272	274	723	274	774	723	774	773	723	773	769	723	769	768	723	768	657	723	657	656	723	656	654	723	654	730	723	730	729	723	729	6	723	220	216	218	220	272	216	220	640	272	640	643	272	643	270	272	276	774	274	276	775	774	772	769	773	772	770	769	771	657	768	771	658	657	655	654	656	653	730	654	771	659	658	771	278	659	278	652	659	276	772	775	276	770	772	276	771	770	276	278	771	280	652	278	284	650	282	650	280	282	650	652	280	650	653	652	650	730	653	650	649	730	649	647	730	647	646	730	646	731	730	728	6	729	284	651	650	648	761	649	761	647	649	761	760	647	760	644	647	645	731	646	648	762	761	763	644	760	645	861	731	861	728	731	861	860	728	860	865	728	865	864	728	864	724	728	724	6	728	645	725	861	725	862	861	863	865	860	863	866	865	867	724	864	648	765	762	765	763	762	765	764	763	764	644	763	220	268	640	268	641	640	642	270	643	648	766	765	767	644	764	725	863	862	725	866	863	725	867	866	725	724	867	645	726	725	727	6	724	648	767	766	648	644	767	268	642	641	268	270	642	284	648	651	284	644	648	284	645	644	284	726	645	284	727	726	284	292	727	292	294	727	294	6	727	220	264	268	264	266	268	284	286	292	286	290	292	296	940	294	940	939	294	939	938	294	938	937	294	937	757	294	757	756	294	756	4	294	4	6	294	288	290	286	220	262	264	937	758	757	759	4	756	759	2	4	937	759	758	937	753	759	753	752	759	752	2	759	220	638	262	638	260	262	638	637	260	637	258	260	937	754	753	755	2	752	937	755	754	937	749	755	749	748	755	748	2	755	937	750	749	751	2	748	937	751	750	937	312	751	312	314	751	314	849	751	849	848	751	848	2	751	220	639	638	636	258	637	220	636	639	220	258	636	937	310	312	316	849	314	316	850	849	851	2	848	936	310	937	935	310	936	934	310	935	296	941	940	933	310	934	296	942	941	932	310	933	296	943	942	931	310	932	296	944	943	930	310	931	296	945	944	929	310	930	296	946	945	928	310	929	296	947	946	927	310	928	296	912	947	926	308	927	308	310	927	926	306	308	296	913	912	925	306	926	296	914	913	924	306	925	296	915	914	923	306	924	296	916	915	922	306	923	296	917	916	921	306	922	296	918	917	920	306	921	296	919	918	919	306	920	296	306	919	316	853	850	853	851	850	853	852	851	852	2	851	316	854	853	855	2	852	316	858	854	858	855	854	858	857	855	857	2	855	316	859	858	856	2	857	222	258	220	224	258	222	226	258	224	228	258	226	230	258	228	296	304	306	296	300	304	300	302	304	232	258	230	316	856	859	316	318	856	318	1	856	1	2	856	320	1	318	320	322	1	234	258	232	296	298	300	236	258	234	238	258	236	240	258	238	242	258	240	244	258	242	246	258	244	248	258	246	250	258	248	252	258	250	254	258	252	256	258	254
634	946	947	635	946	634
633	947	912	634	947	633
632	912	913	633	912	632
631	913	914	632	913	631
630	914	915	631	914	630
629	915	916	630	915	629
628	916	917	629	916	628
627	917	918	628	917	627
626	918	919	627	918	626
625	919	920	626	919	625
624	920	921	625	920	624
623	921	922	624	921	623
622	922	923	623	922	622
621	923	924	622	923	621
620	924	925	621	924	620
619	925	926	620	925	619
618	926	927	619	926	618
617	927	928	618	927	617
616	928	929	617	928	616
615	929	930	616	929	615
614	930	931	615	930	614
613	931	932	614	931	613
612	932	933	613	932	612
611	933	934	612	933	611
610	934	935	611	934	610
609	935	936	610	935	609
608	936	937	609	936	608
607	937	938	608	937	607
606	938	939	607	938	606
605	939	940	606	939	605
604	940	941	605	940	604
603	941	942	604	941	603
602	942	943	603	942	602
601	943	944	602	943	601
600	944	945	601	944	600
635	945	946	600	945	635

#	Normal	130
-1	0	0
0	1	-0
1	0	0
0	-1	0
-0.023017	-0.999735	0
-0.0689683	-0.997619	0
-0.114806	-0.993388	0
-0.160394	-0.987053	0
-0.205623	-0.978631	0
-0.250432	-0.968134	0
-0.294714	-0.955586	0
-0.338353	-0.941019	0
-0.381295	-0.924453	0
-0.423408	-0.905939	0
-0.464653	-0.885493	0
-0.504875	-0.863193	0
-0.544061	-0.839046	0
-0.5821	-0.813117	0
-0.618877	-0.785488	0
-0.654356	-0.756186	0
-0.688456	-0.725278	0
-0.721094	-0.692838	0
-0.719474	-0.694519	0
-0.693276	-0.720672	0
-0.66613	-0.745835	0
-0.638073	-0.769976	0
-0.60914	-0.793063	0
-0.579375	-0.815061	0
-0.548813	-0.835945	0
-0.517501	-0.855683	0
-0.485475	-0.874251	0
-0.452792	-0.891616	0
-0.419484	-0.907763	0
-0.385604	-0.922665	0
-0.351191	-0.936304	0
-0.3163	-0.948659	0
-0.280977	-0.959715	0
-0.245264	-0.969456	0
-0.209222	-0.977868	0
-0.172887	-0.984942	0
-0.130936	-0.991391	0
-0.0674024	-0.997726	0
-0.00359393	-0.999994	0
0.0602284	-0.998185	0
0.123806	-0.992306	0
0.183519	-0.983016	0
0.264533	-0.964377	0
0.343721	-0.939072	0
0.420531	-0.907278	0
0.494435	-0.869215	0
0.552239	-0.833686	0
0.595283	-0.803516	0
0.636679	-0.771129	0
0.67632	-0.736608	0
0.714091	-0.700053	0
0.72109	-0.692841	0
0.688446	-0.725288	0
0.654353	-0.756189	0
0.618867	-0.785496	0
0.582075	-0.813135	0
0.544055	-0.83905	0
0.504893	-0.863182	0
0.464623	-0.885509	0
0.423406	-0.90594	0
0.38129	-0.924455	0
0.338351	-0.94102	0
0.294682	-0.955595	0
0.25043	-0.968135	0
0.205619	-0.978632	0
0.160367	-0.987057	0
0.114806	-0.993388	0
0.0689669	-0.997619	0
0.0230168	-0.999735	0
-0.0436265	-0.999048	0
-0.130524	-0.991445	0
-0.216436	-0.976297	0
-0.300703	-0.953718	0
-0.382684	-0.923879	0
-0.461748	-0.887011	0
-0.537298	-0.843393	0
-0.608751	-0.793361	0
-0.675592	-0.737276	0
-0.737276	-0.675592	0
-0.793344	-0.608773	0
-0.843394	-0.537296	0
-0.887008	-0.461754	0
-0.923878	-0.382688	0
-0.953714	-0.300715	0
-0.976292	-0.216456	0
-0.991444	-0.130532	0
-0.999048	-0.0436186	0
-1	-8.16992e-006	0
0	0	-1
-0	0	1
0.0870766	0.996202	-0
0.258848	0.965918	-0
0.422782	0.906231	-0
0.573378	0.819291	-0
0.707142	0.707072	-0
0.819097	0.573655	-0
0.906387	0.422448	-0
0.965923	0.258831	-0
0.996222	0.0868412	-0
0.996222	-0.0868412	0
0.965923	-0.258831	0
0.906387	-0.422448	0
0.819097	-0.573655	0
0.707142	-0.707072	0
0.573378	-0.819291	0
0.422782	-0.906231	0
0.258783	-0.965936	0
0.0871461	-0.996196	0
-0.0871948	-0.996191	0
-0.258783	-0.965936	0
-0.422567	-0.906332	0
-0.573641	-0.819107	0
-0.707142	-0.707072	0
-0.819097	-0.573655	0
-0.906387	-0.422448	0
-0.965923	-0.258831	0
-0.996174	-0.0873972	0
-0.996174	0.0873972	0
-0.965923	0.258831	0
-0.906387	0.422448	0
-0.819097	0.573655	0
-0.707142	0.707072	0
-0.573641	0.819107	0
-0.422567	0.906332	0
-0.258848	0.965918	0
-0.0871252	0.996197	0

#	Mesh	0	End

