#	Mesh	0	Begin

#	Vertex	232
-80881.7	18264.5	-50
-80881.7	18264.5	4650
-80681.7	18264.5	4650
-80681.7	18264.5	-50
-80681.7	25964.5	4650
-80681.7	25964.5	-50
-80681.7	18664.5	4130
-80681.7	19764.5	4130
-80681.7	19764.5	4550
-80681.7	18664.5	4550
-80681.7	25867	4168.43
-80681.7	25881.8	4169.72
-80681.7	25896.1	4173.56
-80681.7	25909.5	4179.82
-80681.7	25921.7	4188.32
-80681.7	25932.2	4198.8
-80681.7	25940.7	4210.93
-80681.7	25946.9	4224.36
-80681.7	25950.8	4238.67
-80681.7	25952	4253.43
-80681.7	25950.8	4268.19
-80681.7	25946.9	4282.5
-80681.7	25940.7	4295.93
-80681.7	25932.2	4308.07
-80681.7	25921.7	4318.55
-80681.7	25909.5	4327.05
-80681.7	25896.1	4333.31
-80681.7	25881.8	4337.14
-80681.7	25867	4338.43
-80681.7	25852.3	4337.14
-80681.7	25838	4333.31
-80681.7	25824.5	4327.05
-80681.7	25812.4	4318.55
-80681.7	25801.9	4308.07
-80681.7	25793.4	4295.93
-80681.7	25787.2	4282.5
-80681.7	25783.3	4268.19
-80681.7	25782	4253.43
-80681.7	25783.3	4238.67
-80681.7	25787.2	4224.36
-80681.7	25793.4	4210.93
-80681.7	25801.9	4198.8
-80681.7	25812.4	4188.32
-80681.7	25824.5	4179.82
-80681.7	25838	4173.56
-80681.7	25852.3	4169.72
-80681.7	25494.6	4222.61
-80681.7	25500.1	4223.09
-80681.7	25505.4	4224.51
-80681.7	25510.3	4226.83
-80681.7	25514.8	4229.98
-80681.7	25518.7	4233.86
-80681.7	25521.9	4238.36
-80681.7	25524.2	4243.34
-80681.7	25525.6	4248.64
-80681.7	25526.1	4254.11
-80681.7	25525.6	4259.58
-80681.7	25524.2	4264.88
-80681.7	25521.9	4269.86
-80681.7	25518.7	4274.36
-80681.7	25514.8	4278.24
-80681.7	25510.3	4281.39
-80681.7	25505.4	4283.71
-80681.7	25500.1	4285.13
-80681.7	25494.6	4285.61
-80681.7	25489.1	4285.13
-80681.7	25483.8	4283.71
-80681.7	25478.8	4281.39
-80681.7	25474.3	4278.24
-80681.7	25470.5	4274.36
-80681.7	25467.3	4269.86
-80681.7	25465	4264.88
-80681.7	25463.6	4259.58
-80681.7	25463.1	4254.11
-80681.7	25463.6	4248.64
-80681.7	25465	4243.34
-80681.7	25467.3	4238.36
-80681.7	25470.5	4233.86
-80681.7	25474.3	4229.98
-80681.7	25478.8	4226.83
-80681.7	25483.8	4224.51
-80681.7	25489.1	4223.09
-80681.7	25654.6	4167.49
-80681.7	25669.3	4168.78
-80681.7	25683.7	4172.61
-80681.7	25697.1	4178.87
-80681.7	25709.2	4187.37
-80681.7	25719.7	4197.85
-80681.7	25728.2	4209.99
-80681.7	25734.5	4223.41
-80681.7	25738.3	4237.73
-80681.7	25739.6	4252.49
-80681.7	25738.3	4267.25
-80681.7	25734.5	4281.56
-80681.7	25728.2	4294.99
-80681.7	25719.7	4307.12
-80681.7	25709.2	4317.6
-80681.7	25697.1	4326.1
-80681.7	25683.7	4332.36
-80681.7	25669.3	4336.19
-80681.7	25654.6	4337.49
-80681.7	25639.8	4336.19
-80681.7	25625.5	4332.36
-80681.7	25612.1	4326.1
-80681.7	25599.9	4317.6
-80681.7	25589.5	4307.12
-80681.7	25581	4294.99
-80681.7	25574.7	4281.56
-80681.7	25570.9	4267.25
-80681.7	25569.6	4252.49
-80681.7	25570.9	4237.73
-80681.7	25574.7	4223.41
-80681.7	25581	4209.99
-80681.7	25589.5	4197.85
-80681.7	25599.9	4187.37
-80681.7	25612.1	4178.87
-80681.7	25625.5	4172.61
-80681.7	25639.8	4168.78
-80881.7	25964.5	4650
-80881.7	25964.5	-50
-80881.7	19764.5	4130
-80881.7	18664.5	4130
-80881.7	18664.5	4550
-80881.7	19764.5	4550
-80881.7	25881.8	4169.72
-80881.7	25867	4168.43
-80881.7	25852.3	4169.72
-80881.7	25838	4173.56
-80881.7	25824.5	4179.82
-80881.7	25812.4	4188.32
-80881.7	25801.9	4198.8
-80881.7	25793.4	4210.93
-80881.7	25787.2	4224.36
-80881.7	25783.3	4238.67
-80881.7	25782	4253.43
-80881.7	25783.3	4268.19
-80881.7	25787.2	4282.5
-80881.7	25793.4	4295.93
-80881.7	25801.9	4308.07
-80881.7	25812.4	4318.55
-80881.7	25824.5	4327.05
-80881.7	25838	4333.31
-80881.7	25852.3	4337.14
-80881.7	25867	4338.43
-80881.7	25881.8	4337.14
-80881.7	25896.1	4333.31
-80881.7	25909.5	4327.05
-80881.7	25921.7	4318.55
-80881.7	25932.2	4308.07
-80881.7	25940.7	4295.93
-80881.7	25946.9	4282.5
-80881.7	25950.8	4268.19
-80881.7	25952	4253.43
-80881.7	25950.8	4238.67
-80881.7	25946.9	4224.36
-80881.7	25940.7	4210.93
-80881.7	25932.2	4198.8
-80881.7	25921.7	4188.32
-80881.7	25909.5	4179.82
-80881.7	25896.1	4173.56
-80881.7	25500.1	4223.09
-80881.7	25494.6	4222.61
-80881.7	25489.1	4223.09
-80881.7	25483.8	4224.51
-80881.7	25478.8	4226.83
-80881.7	25474.3	4229.98
-80881.7	25470.5	4233.86
-80881.7	25467.3	4238.36
-80881.7	25465	4243.34
-80881.7	25463.6	4248.64
-80881.7	25463.1	4254.11
-80881.7	25463.6	4259.58
-80881.7	25465	4264.88
-80881.7	25467.3	4269.86
-80881.7	25470.5	4274.36
-80881.7	25474.3	4278.24
-80881.7	25478.8	4281.39
-80881.7	25483.8	4283.71
-80881.7	25489.1	4285.13
-80881.7	25494.6	4285.61
-80881.7	25500.1	4285.13
-80881.7	25505.4	4283.71
-80881.7	25510.3	4281.39
-80881.7	25514.8	4278.24
-80881.7	25518.7	4274.36
-80881.7	25521.9	4269.86
-80881.7	25524.2	4264.88
-80881.7	25525.6	4259.58
-80881.7	25526.1	4254.11
-80881.7	25525.6	4248.64
-80881.7	25524.2	4243.34
-80881.7	25521.9	4238.36
-80881.7	25518.7	4233.86
-80881.7	25514.8	4229.98
-80881.7	25510.3	4226.83
-80881.7	25505.4	4224.51
-80881.7	25669.3	4168.78
-80881.7	25654.6	4167.49
-80881.7	25639.8	4168.78
-80881.7	25625.5	4172.61
-80881.7	25612.1	4178.87
-80881.7	25599.9	4187.37
-80881.7	25589.5	4197.85
-80881.7	25581	4209.99
-80881.7	25574.7	4223.41
-80881.7	25570.9	4237.73
-80881.7	25569.6	4252.49
-80881.7	25570.9	4267.25
-80881.7	25574.7	4281.56
-80881.7	25581	4294.99
-80881.7	25589.5	4307.12
-80881.7	25599.9	4317.6
-80881.7	25612.1	4326.1
-80881.7	25625.5	4332.36
-80881.7	25639.8	4336.19
-80881.7	25654.6	4337.49
-80881.7	25669.3	4336.19
-80881.7	25683.7	4332.36
-80881.7	25697.1	4326.1
-80881.7	25709.2	4317.6
-80881.7	25719.7	4307.12
-80881.7	25728.2	4294.99
-80881.7	25734.5	4281.56
-80881.7	25738.3	4267.25
-80881.7	25739.6	4252.49
-80881.7	25738.3	4237.73
-80881.7	25734.5	4223.41
-80881.7	25728.2	4209.99
-80881.7	25719.7	4197.85
-80881.7	25709.2	4187.37
-80881.7	25697.1	4178.87
-80881.7	25683.7	4172.61

#	Triangle	82
0	2	1	3	2	0	120	8	123	7	8	120
4	19	5	19	18	5	18	17	5	17	16	5	16	15	5	15	14	5	14	13	5	13	12	5	12	11	5	11	10	5	10	82	5	82	3	5	82	7	3	7	6	3	6	2	3	82	8	7	9	2	6	10	83	82	117	8	82	45	83	10	45	84	83	116	8	117	44	84	45	44	85	84	115	8	116	43	85	44	43	86	85	114	8	115	42	86	43	42	87	86	113	8	114	41	87	42	41	88	87	112	8	113	40	88	41	40	89	88	111	46	112	46	8	112	39	89	40	111	47	46	81	8	46	111	48	47	80	8	81	39	90	89	110	48	111	38	90	39	110	49	48	79	8	80	110	50	49	78	8	79	110	51	50	77	8	78	110	52	51	76	8	77	38	91	90	109	52	110	109	53	52	75	8	76	37	91	38	109	54	53	74	8	75	109	55	54	73	8	74	37	92	91	108	55	109	4	20	19	36	92	37	108	56	55	72	8	73	108	57	56	71	8	72	108	58	57	70	8	71	36	93	92	107	58	108	4	21	20	35	93	36	107	59	58	69	8	70	107	60	59	68	8	69	107	61	60	67	8	68	107	62	61	66	8	67	35	94	93	106	62	107	4	22	21	34	94	35	106	63	62	65	8	66	106	64	63	64	8	65	106	8	64	34	95	94	105	8	106	4	23	22	33	95	34	33	96	95	104	8	105	4	24	23	32	96	33	32	97	96	103	8	104	4	25	24	31	97	32	31	98	97	102	8	103	4	26	25	30	98	31	30	99	98	101	8	102	4	27	26	29	99	30	29	100	99	100	8	101	4	28	27	28	100	29	28	8	100	4	8	28	4	9	8	4	2	9
5	118	4	119	118	5	122	6	121	9	6	122
1	121	0	121	119	0	121	120	119	120	197	119	197	125	119	125	124	119	124	159	119	159	158	119	158	157	119	157	156	119	156	155	119	155	154	119	154	153	119	153	152	119	152	118	119	1	122	121	123	197	120	123	198	197	196	125	197	196	126	125	123	199	198	231	126	196	231	127	126	123	200	199	230	127	231	230	128	127	123	201	200	229	128	230	229	129	128	123	202	201	228	129	229	228	130	129	123	203	202	227	130	228	227	131	130	123	161	203	161	204	203	226	131	227	226	132	131	123	162	161	160	204	161	123	163	162	195	204	160	195	205	204	225	132	226	225	133	132	123	164	163	194	205	195	123	165	164	193	205	194	123	166	165	192	205	193	123	167	166	191	205	192	191	206	205	224	133	225	123	168	167	190	206	191	224	134	133	123	169	168	189	206	190	123	170	169	188	206	189	188	207	206	223	134	224	223	135	134	151	118	152	123	171	170	187	207	188	123	172	171	186	207	187	123	173	172	185	207	186	185	208	207	222	135	223	222	136	135	150	118	151	123	174	173	184	208	185	123	175	174	183	208	184	123	176	175	182	208	183	123	177	176	181	208	182	181	209	208	221	136	222	221	137	136	149	118	150	123	178	177	180	209	181	123	179	178	179	209	180	123	209	179	123	210	209	220	137	221	220	138	137	148	118	149	123	211	210	219	138	220	219	139	138	147	118	148	123	212	211	218	139	219	218	140	139	146	118	147	123	213	212	217	140	218	217	141	140	145	118	146	123	214	213	216	141	217	216	142	141	144	118	145	123	215	214	215	142	216	215	143	142	143	118	144	123	143	215	123	118	143	1	123	122	1	118	123
0	5	3	119	5	0	123	9	122	8	9	123
2	118	1	4	118	2	121	7	120	6	7	121
125	11	124	10	11	125	197	83	196	82	83	197
124	12	159	11	12	124	196	84	231	83	84	196
159	13	158	12	13	159	231	85	230	84	85	231
158	14	157	13	14	158	230	86	229	85	86	230
157	15	156	14	15	157
156	16	155	15	16	156
155	17	154	16	17	155	227	89	226	88	89	227
154	18	153	17	18	154	226	90	225	89	90	226
153	19	152	18	19	153	225	91	224	90	91	225
152	20	151	19	20	152	224	92	223	91	92	224
151	21	150	20	21	151	223	93	222	92	93	223
150	22	149	21	22	150	222	94	221	93	94	222
149	23	148	22	23	149
148	24	147	23	24	148	184	60	183	59	60	184
147	25	146	24	25	147	219	97	218	96	97	219
146	26	145	25	26	146	218	98	217	97	98	218
145	27	144	26	27	145	217	99	216	98	99	217
144	28	143	27	28	144	180	64	179	63	64	180	216	100	215	99	100	216
143	29	142	28	29	143	179	65	178	64	65	179	215	101	214	100	101	215
142	30	141	29	30	142
141	31	140	30	31	141
140	32	139	31	32	140	212	104	211	103	104	212
139	33	138	32	33	139	175	69	174	68	69	175	211	105	210	104	105	211
138	34	137	33	34	138	210	106	209	105	106	210
137	35	136	34	35	137	209	107	208	106	107	209
136	36	135	35	36	136	208	108	207	107	108	208
135	37	134	36	37	135	207	109	206	108	109	207
134	38	133	37	38	134	206	110	205	109	110	206
133	39	132	38	39	133	205	111	204	110	111	205
132	40	131	39	40	132	204	112	203	111	112	204
131	41	130	40	41	131	203	113	202	112	113	203
130	42	129	41	42	130	202	114	201	113	114	202
129	43	128	42	43	129	201	115	200	114	115	201
128	44	127	43	44	128
127	45	126	44	45	127
126	10	125	45	10	126	198	82	197	117	82	198
161	47	160	46	47	161
160	48	195	47	48	160
195	49	194	48	49	195
194	50	193	49	50	194
193	51	192	50	51	193
192	52	191	51	52	192
191	53	190	52	53	191
190	54	189	53	54	190
189	55	188	54	55	189
188	56	187	55	56	188
187	57	186	56	57	187
186	58	185	57	58	186
185	59	184	58	59	185
183	61	182	60	61	183
182	62	181	61	62	182
181	63	180	62	63	181
178	66	177	65	66	178
177	67	176	66	67	177
176	68	175	67	68	176
174	70	173	69	70	174
173	71	172	70	71	173
172	72	171	71	72	172
171	73	170	72	73	171
170	74	169	73	74	170
169	75	168	74	75	169
168	76	167	75	76	168
167	77	166	76	77	167
166	78	165	77	78	166
165	79	164	78	79	165
164	80	163	79	80	164
163	81	162	80	81	163
162	46	161	81	46	162
229	87	228	86	87	229
228	88	227	87	88	228
221	95	220	94	95	221
220	96	219	95	96	220
214	102	213	101	102	214
213	103	212	102	103	213
200	116	199	115	116	200
199	117	198	116	117	199

#	Normal	82
-0	1	0
-1	0	0
-0	-1	-0
1	0	0
0	-0	1
0	0	-1
0	0.0871686	-0.996194
0	0.258815	-0.965927
0	0.422633	-0.906301
0	0.573569	-0.819158
0	0.707123	-0.70709
0	0.819096	-0.573657
0	0.906307	-0.42262
0	0.965941	-0.258762
0	0.996196	-0.0871359
-0	0.996197	0.087133
-0	0.965939	0.25877
-0	0.906307	0.42262
-0	0.819107	0.573641
-0	0.707107	0.707107
-0	0.573591	0.819142
-0	0.422633	0.906301
-0	0.258815	0.965927
-0	0.0871359	0.996196
0	-0.0871359	0.996196
0	-0.258815	0.965927
0	-0.422633	0.906301
0	-0.573591	0.819142
0	-0.707107	0.707107
0	-0.819168	0.573553
0	-0.906307	0.42262
0	-0.965906	0.258893
0	-0.996197	0.087133
0	-0.996196	-0.0871359
0	-0.965908	-0.258885
0	-0.906307	-0.42262
0	-0.819158	-0.573569
0	-0.707123	-0.70709
0	-0.573569	-0.819158
0	-0.422633	-0.906301
0	-0.258815	-0.965927
0	-0.0871686	-0.996194
0	0.0871361	-0.996196
0	0.258825	-0.965924
0	0.422647	-0.906294
0	0.573558	-0.819165
0	0.707062	-0.707151
0	0.819249	-0.573438
0	0.906313	-0.422608
0	0.965892	-0.258946
0	0.996196	-0.0871438
-0	0.996195	0.0871515
-0	0.965892	0.258946
-0	0.906328	0.422574
-0	0.819219	0.57348
-0	0.573558	0.819165
-0	0.422574	0.906328
-0	0.258908	0.965902
0	-0.258908	0.965902
0	-0.422574	0.906328
0	-0.573558	0.819165
0	-0.819219	0.57348
0	-0.906328	0.422574
0	-0.965892	0.258946
0	-0.996195	0.0871515
0	-0.996196	-0.0871438
0	-0.965892	-0.258946
0	-0.906313	-0.422608
0	-0.819249	-0.573438
0	-0.707062	-0.707151
0	-0.573558	-0.819165
0	-0.422647	-0.906294
0	-0.258825	-0.965924
0	-0.0871361	-0.996196
0	0.707057	-0.707156
0	0.819158	-0.573569
-0	0.819168	0.573553
-0	0.707041	0.707173
0	-0.258848	0.965918
0	-0.422582	0.906325
0	-0.422582	-0.906325
0	-0.258848	-0.965918

#	Mesh	0	End

