#	Mesh	0	Begin

#	Vertex	20
-106332	72464.5	-50
-106332	72464.5	4650
-106332	72664.5	4650
-106332	72664.5	-50
-114032	72664.5	4650
-114032	72664.5	-50
-113682	72664.5	-5.00222e-012
-113682	72664.5	3600
-111882	72664.5	3600
-110082	72664.5	3600
-110082	72664.5	-5.00222e-012
-111882	72664.5	-5.00222e-012
-114032	72464.5	4650
-114032	72464.5	-50
-113682	72464.5	3600
-113682	72464.5	-5.00222e-012
-111882	72464.5	-5.00222e-012
-110082	72464.5	-5.00222e-012
-110082	72464.5	3600
-111882	72464.5	3600

#	Triangle	6
0	2	1	3	2	0	14	6	7	15	6	14
4	6	5	6	3	5	6	11	3	11	10	3	10	2	3	4	7	6	9	2	10	4	8	7	4	9	8	4	2	9
5	12	4	13	12	5	17	9	10	18	9	17
1	17	0	17	13	0	17	16	13	16	15	13	15	12	13	1	18	17	14	12	15	1	19	18	1	14	19	1	12	14
0	5	3	13	5	0	19	7	8	14	7	19	18	8	9	19	8	18
2	12	1	4	12	2	15	11	6	16	11	15	16	10	11	17	10	16

#	Normal	6
-1	0	0
0	-1	0
1	0	0
0	1	-0
0	0	1
0	0	-1

#	Mesh	0	End

