#	Mesh	0	Begin

#	Vertex	32
-64331.7	72464.5	-50
-64331.7	72464.5	4650
-64331.7	72664.5	-5.00222e-012
-64331.7	72664.5	-50
-64331.7	72664.5	4650
-64331.7	72464.5	3600
-66131.7	72664.5	-5.00222e-012
-66131.7	72664.5	3600
-64331.7	72664.5	3600
-72031.7	72664.5	4650
-72031.7	72664.5	-50
-72006.7	72664.5	3600
-71006.7	72664.5	3600
-71006.7	72664.5	2000
-72006.7	72664.5	2000
-68931.7	72664.5	3600
-67131.7	72664.5	3600
-67131.7	72664.5	-5.00222e-012
-68931.7	72664.5	-5.00222e-012
-72031.7	72464.5	4650
-72031.7	72464.5	-50
-66131.7	72464.5	3600
-66131.7	72464.5	-5.00222e-012
-64331.7	72464.5	-5.00222e-012
-71006.7	72464.5	3600
-72006.7	72464.5	3600
-72006.7	72464.5	2000
-71006.7	72464.5	2000
-67131.7	72464.5	3600
-68931.7	72464.5	3600
-68931.7	72464.5	-5.00222e-012
-67131.7	72464.5	-5.00222e-012

#	Triangle	6
23	3	2	0	3	23	8	1	5	4	1	8	21	6	7	22	6	21	25	14	11	26	14	25	29	18	15	30	18	29
9	14	10	14	18	10	18	3	10	18	17	3	17	6	3	6	2	3	14	13	18	13	15	18	16	6	17	16	7	6	9	11	14	12	15	13	9	12	11	9	15	12	9	16	15	9	7	16	9	8	7	9	4	8
10	19	9	20	19	10	27	12	13	24	12	27	31	16	17	28	16	31
23	20	0	23	22	20	22	31	20	31	30	20	30	27	20	27	26	20	26	19	20	21	31	22	21	28	31	29	27	30	29	24	27	25	19	26	1	21	5	1	28	21	1	29	28	1	24	29	1	25	24	1	19	25
0	10	3	20	10	0	5	7	8	21	7	5	24	11	12	25	11	24	28	15	16	29	15	28
4	19	1	9	19	4	22	2	6	23	2	22	26	13	14	27	13	26	30	17	18	31	17	30

#	Normal	6
-1	-0	-0
0	-1	0
1	0	0
0	1	-0
0	0	1
0	0	-1

#	Mesh	0	End

