#	Mesh	0	Begin

#	Vertex	36
-47531.7	72464.5	-50
-47531.7	72464.5	4650
-47531.7	72664.5	-5.00222e-012
-47531.7	72664.5	-50
-47531.7	72664.5	4650
-47531.7	72464.5	3600
-55231.7	72664.5	4650
-55231.7	72664.5	-50
-53431.7	72664.5	3600
-53431.7	72664.5	-5.00222e-012
-55231.7	72664.5	-5.00222e-012
-49331.7	72664.5	-5.00222e-012
-49331.7	72664.5	3600
-47531.7	72664.5	3600
-49581.7	72664.5	3600
-49581.7	72664.5	-5.00222e-012
-51381.7	72664.5	-5.00222e-012
-53181.7	72664.5	-5.00222e-012
-53181.7	72664.5	3600
-51381.7	72664.5	3600
-55231.7	72464.5	-5.00222e-012
-55231.7	72464.5	-50
-55231.7	72464.5	4650
-55231.7	72664.5	3600
-53431.7	72464.5	-5.00222e-012
-53431.7	72464.5	3600
-55231.7	72464.5	3600
-49331.7	72464.5	3600
-49331.7	72464.5	-5.00222e-012
-47531.7	72464.5	-5.00222e-012
-49581.7	72464.5	-5.00222e-012
-49581.7	72464.5	3600
-51381.7	72464.5	3600
-53181.7	72464.5	3600
-53181.7	72464.5	-5.00222e-012
-51381.7	72464.5	-5.00222e-012

#	Triangle	6
29	3	2	0	3	29	13	1	5	4	1	13	33	17	18	34	17	33	27	11	12	28	11	27
10	3	7	10	9	3	9	17	3	17	16	3	16	15	3	15	11	3	11	2	3	8	17	9	8	18	17	14	11	15	14	12	11	6	8	23	6	18	8	6	19	18	6	14	19	6	12	14	6	13	12	6	4	13
10	21	20	7	21	10	26	6	23	22	6	26	30	14	15	31	14	30	24	8	9	25	8	24
29	21	0	29	28	21	28	30	21	30	35	21	35	34	21	34	24	21	24	20	21	27	30	28	27	31	30	33	24	34	33	25	24	1	27	5	1	31	27	1	32	31	1	33	32	1	25	33	1	26	25	1	22	26
0	7	3	21	7	0	31	19	14	32	19	31	32	18	19	33	18	32	25	23	8	26	23	25	5	12	13	27	12	5
4	22	1	6	22	4	35	15	16	30	15	35	34	16	17	35	16	34	20	9	10	24	9	20	28	2	11	29	2	28

#	Normal	6
-1	-0	-0
0	-1	0
1	-0	0
0	1	-0
0	0	1
0	0	-1

#	Mesh	0	End

