#	Mesh	0	Begin

#	Vertex	32
86818.3	72464.5	-50
86818.3	72464.5	4650
86818.3	72464.5	2000
84543.3	72664.5	2000
86818.3	72664.5	2000
86818.3	72664.5	-50
86818.3	72664.5	4650
86818.3	72664.5	3600
84543.3	72464.5	3600
86818.3	72464.5	3600
84543.3	72664.5	3600
79168.3	72664.5	4650
79168.3	72664.5	-50
80318.3	72664.5	3600
82118.3	72664.5	3600
82118.3	72664.5	-5.00222e-012
80318.3	72664.5	-5.00222e-012
83268.3	72664.5	3600
84268.3	72664.5	3600
84268.3	72664.5	2000
83268.3	72664.5	2000
79168.3	72464.5	4650
79168.3	72464.5	-50
84543.3	72464.5	2000
82118.3	72464.5	3600
80318.3	72464.5	3600
80318.3	72464.5	-5.00222e-012
82118.3	72464.5	-5.00222e-012
84268.3	72464.5	3600
83268.3	72464.5	3600
83268.3	72464.5	2000
84268.3	72464.5	2000

#	Triangle	6
2	5	4	0	5	2	7	1	9	6	1	7	8	3	10	23	3	8	25	16	13	26	16	25	29	20	17	30	20	29
11	16	12	16	5	12	16	15	5	15	4	5	11	13	16	14	20	15	20	19	15	19	3	15	3	4	15	14	17	20	18	3	19	18	10	3	11	14	13	11	17	14	11	18	17	11	10	18	11	7	10	11	6	7
12	21	11	22	21	12	27	14	15	24	14	27	31	18	19	28	18	31
2	27	0	27	22	0	27	26	22	26	21	22	2	23	27	23	31	27	31	30	27	30	24	27	25	21	26	8	31	23	8	28	31	29	24	30	1	8	9	1	28	8	1	29	28	1	24	29	1	25	24	1	21	25
0	12	5	22	12	0	10	9	8	7	9	10	24	13	14	25	13	24	28	17	18	29	17	28
6	21	1	11	21	6	23	4	3	2	4	23	26	15	16	27	15	26	30	19	20	31	19	30

#	Normal	6
-1	-0	-0
0	-1	0
1	0	0
0	1	-0
0	0	1
0	0	-1

#	Mesh	0	End

