#	Mesh	0	Begin

#	Vertex	20
112068	72464.5	-50
112068	72464.5	4650
112068	72664.5	4650
112068	72664.5	-50
104368	72664.5	4650
104368	72664.5	-50
111718	72664.5	3600
111718	72664.5	-5.00222e-012
109918	72664.5	-5.00222e-012
108118	72664.5	-5.00222e-012
108118	72664.5	3600
109918	72664.5	3600
104368	72464.5	4650
104368	72464.5	-50
111718	72464.5	-5.00222e-012
111718	72464.5	3600
109918	72464.5	3600
108118	72464.5	3600
108118	72464.5	-5.00222e-012
109918	72464.5	-5.00222e-012

#	Triangle	6
0	2	1	3	2	0	17	9	10	18	9	17
4	9	5	9	3	5	9	8	3	8	7	3	7	2	3	4	10	9	6	2	7	4	11	10	4	6	11	4	2	6
5	12	4	13	12	5	14	6	7	15	6	14
1	14	0	14	13	0	14	19	13	19	18	13	18	12	13	1	15	14	17	12	18	1	16	15	1	17	16	1	12	17
0	5	3	13	5	0	15	11	6	16	11	15	16	10	11	17	10	16
2	12	1	4	12	2	19	7	8	14	7	19	18	8	9	19	8	18

#	Normal	6
-1	0	0
0	-1	0
1	0	0
0	1	-0
0	0	1
0	0	-1

#	Mesh	0	End

