#	Mesh	0	Begin

#	Vertex	44
28068.3	32714.5	-50
28068.3	32714.5	5230
28068.3	32914.5	5230
28068.3	32914.5	-50
20368.3	32914.5	5230
20368.3	32914.5	-50
22418.3	32914.5	-5.00222e-012
20618.3	32914.5	-5.00222e-012
20618.3	32914.5	2300
22418.3	32914.5	2300
24218.3	32914.5	2300
26018.3	32914.5	2300
27818.3	32914.5	2300
27818.3	32914.5	-5.00222e-012
26018.3	32914.5	-5.00222e-012
24218.3	32914.5	-5.00222e-012
27395.9	32914.5	3750
27095.9	32914.5	3750
27095.9	32914.5	3950
27395.9	32914.5	3950
27695.9	32914.5	3950
27995.9	32914.5	3950
27995.9	32914.5	3750
27695.9	32914.5	3750
20368.3	32714.5	5230
20368.3	32714.5	-50
22418.3	32714.5	2300
20618.3	32714.5	2300
20618.3	32714.5	-5.00222e-012
22418.3	32714.5	-5.00222e-012
24218.3	32714.5	-5.00222e-012
26018.3	32714.5	-5.00222e-012
27818.3	32714.5	-5.00222e-012
27818.3	32714.5	2300
26018.3	32714.5	2300
24218.3	32714.5	2300
27095.9	32714.5	3750
27395.9	32714.5	3750
27695.9	32714.5	3750
27995.9	32714.5	3750
27995.9	32714.5	3950
27695.9	32714.5	3950
27395.9	32714.5	3950
27095.9	32714.5	3950

#	Triangle	6
0	2	1	3	2	0	27	7	8	28	7	27	36	18	43	17	18	36
4	7	5	7	3	5	7	6	3	6	15	3	15	14	3	14	13	3	13	2	3	4	8	7	12	22	13	22	2	13	4	9	8	4	10	9	4	11	10	4	12	11	4	17	12	17	16	12	16	23	12	23	22	12	4	18	17	21	2	22	4	19	18	4	20	19	4	21	20	4	2	21
5	24	4	25	24	5	32	12	13	33	12	32	40	22	39	21	22	40
1	32	0	32	25	0	32	31	25	31	30	25	30	29	25	29	28	25	28	24	25	1	39	32	39	33	32	27	24	28	39	34	33	39	35	34	39	26	35	39	27	26	39	38	27	38	37	27	37	36	27	36	24	27	1	40	39	43	24	36	1	41	40	1	42	41	1	43	42	1	24	43
0	5	3	25	5	0	26	8	9	27	8	26	33	11	12	34	11	33	43	19	42	18	19	43	42	20	41	19	20	42	41	21	40	20	21	41	34	10	11	35	10	34	35	9	10	26	9	35
2	24	1	4	24	2	28	6	7	29	6	28	31	13	14	32	13	31	37	17	36	16	17	37	38	16	37	23	16	38	39	23	38	22	23	39	30	14	15	31	14	30	29	15	6	30	15	29

#	Normal	6
-1	0	0
0	-1	0
1	0	0
0	1	-0
0	0	1
0	0	-1

#	Mesh	0	End

