#	Mesh	0	Begin

#	Vertex	68
-127132	9864.53	-50
-127132	9864.53	4850
-126932	9864.53	-5.00222e-012
-126932	9864.53	-50
-126932	9864.53	4850
-127132	9864.53	3600
-126932	11664.5	-5.00222e-012
-126932	13464.5	-5.00222e-012
-126932	13464.5	3600
-126932	11664.5	3600
-126932	9864.53	3600
-126932	72464.5	4850
-126932	72464.5	-50
-126932	66964.5	3600
-126932	65164.5	3600
-126932	65164.5	-5.00222e-012
-126932	66964.5	-5.00222e-012
-126932	62664.5	3600
-126932	60864.5	3600
-126932	60864.5	-5.00222e-012
-126932	62664.5	-5.00222e-012
-126932	50014.4	3600
-126932	48214.4	3600
-126932	48214.4	-5.00222e-012
-126932	50014.4	-5.00222e-012
-126932	28714.1	3600
-126932	26914.1	3600
-126932	26914.1	-5.00222e-012
-126932	28714.1	-5.00222e-012
-126932	15964.5	3600
-126932	14164.5	3600
-126932	14164.5	-5.00222e-012
-126932	15964.5	-5.00222e-012
-126932	34614.5	3600
-126932	31014.5	3600
-126932	31014.5	2000
-126932	34614.5	2000
-127132	72464.5	4850
-127132	72464.5	-50
-127132	11664.5	3600
-127132	13464.5	3600
-127132	13464.5	-5.00222e-012
-127132	11664.5	-5.00222e-012
-127132	9864.53	-5.00222e-012
-127132	65164.5	3600
-127132	66964.5	3600
-127132	66964.5	-5.00222e-012
-127132	65164.5	-5.00222e-012
-127132	60864.5	3600
-127132	62664.5	3600
-127132	62664.5	-5.00222e-012
-127132	60864.5	-5.00222e-012
-127132	48214.4	3600
-127132	50014.4	3600
-127132	50014.4	-5.00222e-012
-127132	48214.4	-5.00222e-012
-127132	26914.1	3600
-127132	28714.1	3600
-127132	28714.1	-5.00222e-012
-127132	26914.1	-5.00222e-012
-127132	14164.5	3600
-127132	15964.5	3600
-127132	15964.5	-5.00222e-012
-127132	14164.5	-5.00222e-012
-127132	31014.5	3600
-127132	34614.5	3600
-127132	34614.5	2000
-127132	31014.5	2000

#	Triangle	6
43	3	2	0	3	43	10	1	5	4	1	10	7	40	41	8	40	7	16	45	46	13	45	16	20	49	50	17	49	20	24	53	54	21	53	24	28	57	58	25	57	28	32	61	62	29	61	32	36	65	66	33	65	36
11	16	12	16	3	12	16	15	3	15	20	3	20	19	3	19	24	3	24	23	3	23	28	3	28	27	3	27	32	3	32	31	3	31	7	3	7	6	3	6	2	3	11	13	16	14	20	15	14	17	20	18	24	19	18	21	24	22	28	23	22	36	28	36	35	28	35	25	28	26	32	27	26	29	32	30	7	31	30	8	7	22	33	36	34	25	35	11	14	13	11	17	14	11	18	17	11	21	18	11	22	21	11	33	22	11	34	33	11	25	34	11	26	25	11	29	26	11	30	29	11	8	30	11	9	8	11	10	9	11	4	10
12	37	11	38	37	12	14	47	44	15	47	14	18	51	48	19	51	18	22	55	52	23	55	22	26	59	56	27	59	26	30	63	60	31	63	30	34	67	64	35	67	34
43	38	0	43	42	38	42	41	38	41	63	38	63	62	38	62	59	38	59	58	38	58	55	38	55	54	38	54	51	38	51	50	38	50	47	38	47	46	38	46	37	38	40	63	41	40	60	63	61	59	62	61	56	59	57	67	58	67	55	58	67	66	55	66	52	55	53	51	54	53	48	51	49	47	50	49	44	47	45	37	46	57	64	67	65	52	66	1	39	5	1	40	39	1	60	40	1	61	60	1	56	61	1	57	56	1	64	57	1	65	64	1	52	65	1	53	52	1	48	53	1	49	48	1	44	49	1	45	44	1	37	45
0	12	3	38	12	0	9	5	39	10	5	9	8	39	40	9	39	8	13	44	45	14	44	13	17	48	49	18	48	17	21	52	53	22	52	21	25	56	57	26	56	25	29	60	61	30	60	29	33	64	65	34	64	33
4	37	1	11	37	4	2	42	43	6	42	2	6	41	42	7	41	6	15	46	47	16	46	15	19	50	51	20	50	19	23	54	55	24	54	23	27	58	59	28	58	27	31	62	63	32	62	31	35	66	67	36	66	35

#	Normal	6
0	1	0
-1	0	0
-0	-1	-0
1	0	0
0	-0	1
0	0	-1

#	Mesh	0	End

