#	Mesh	0	Begin

#	Vertex	232
-114232	68664.5	-50
-114232	68664.5	5230
-114032	68664.5	5230
-114032	68664.5	-50
-114032	71964.5	5230
-114032	71964.5	-50
-114032	71464.5	2100
-114032	69664.5	2100
-114032	69664.5	0
-114032	71464.5	0
-114032	69394.9	4318.5
-114032	69400.4	4318.98
-114032	69405.7	4320.4
-114032	69410.6	4322.72
-114032	69415.1	4325.87
-114032	69419	4329.75
-114032	69422.2	4334.25
-114032	69424.5	4339.23
-114032	69425.9	4344.53
-114032	69426.4	4350
-114032	69425.9	4355.47
-114032	69424.5	4360.77
-114032	69422.2	4365.75
-114032	69419	4370.25
-114032	69415.1	4374.13
-114032	69410.6	4377.28
-114032	69405.7	4379.6
-114032	69400.4	4381.02
-114032	69394.9	4381.5
-114032	69389.4	4381.02
-114032	69384.1	4379.6
-114032	69379.1	4377.28
-114032	69374.6	4374.13
-114032	69370.8	4370.25
-114032	69367.6	4365.75
-114032	69365.3	4360.77
-114032	69363.9	4355.47
-114032	69363.4	4350
-114032	69363.9	4344.53
-114032	69365.3	4339.23
-114032	69367.6	4334.25
-114032	69370.8	4329.75
-114032	69374.6	4325.87
-114032	69379.1	4322.72
-114032	69384.1	4320.4
-114032	69389.4	4318.98
-114032	69554.9	4318.5
-114032	69560.4	4318.98
-114032	69565.7	4320.4
-114032	69570.6	4322.72
-114032	69575.1	4325.87
-114032	69579	4329.75
-114032	69582.2	4334.25
-114032	69584.5	4339.23
-114032	69585.9	4344.53
-114032	69586.4	4350
-114032	69585.9	4355.47
-114032	69584.5	4360.77
-114032	69582.2	4365.75
-114032	69579	4370.25
-114032	69575.1	4374.13
-114032	69570.6	4377.28
-114032	69565.7	4379.6
-114032	69560.4	4381.02
-114032	69554.9	4381.5
-114032	69549.4	4381.02
-114032	69544.1	4379.6
-114032	69539.1	4377.28
-114032	69534.6	4374.13
-114032	69530.8	4370.25
-114032	69527.6	4365.75
-114032	69525.3	4360.77
-114032	69523.9	4355.47
-114032	69523.4	4350
-114032	69523.9	4344.53
-114032	69525.3	4339.23
-114032	69527.6	4334.25
-114032	69530.8	4329.75
-114032	69534.6	4325.87
-114032	69539.1	4322.72
-114032	69544.1	4320.4
-114032	69549.4	4318.98
-114032	69714.9	4325
-114032	69719.2	4325.38
-114032	69723.5	4326.51
-114032	69727.4	4328.35
-114032	69731	4330.85
-114032	69734	4333.93
-114032	69736.5	4337.5
-114032	69738.4	4341.45
-114032	69739.5	4345.66
-114032	69739.9	4350
-114032	69739.5	4354.34
-114032	69738.4	4358.55
-114032	69736.5	4362.5
-114032	69734	4366.07
-114032	69731	4369.15
-114032	69727.4	4371.65
-114032	69723.5	4373.49
-114032	69719.2	4374.62
-114032	69714.9	4375
-114032	69710.6	4374.62
-114032	69706.4	4373.49
-114032	69702.4	4371.65
-114032	69698.8	4369.15
-114032	69695.8	4366.07
-114032	69693.3	4362.5
-114032	69691.4	4358.55
-114032	69690.3	4354.34
-114032	69689.9	4350
-114032	69690.3	4345.66
-114032	69691.4	4341.45
-114032	69693.3	4337.5
-114032	69695.8	4333.93
-114032	69698.8	4330.85
-114032	69702.4	4328.35
-114032	69706.4	4326.51
-114032	69710.6	4325.38
-114232	71964.5	5230
-114232	71964.5	-50
-114232	69664.5	2100
-114232	71464.5	2100
-114232	71464.5	0
-114232	69664.5	0
-114232	69400.4	4318.98
-114232	69394.9	4318.5
-114232	69389.4	4318.98
-114232	69384.1	4320.4
-114232	69379.1	4322.72
-114232	69374.6	4325.87
-114232	69370.8	4329.75
-114232	69367.6	4334.25
-114232	69365.3	4339.23
-114232	69363.9	4344.53
-114232	69363.4	4350
-114232	69363.9	4355.47
-114232	69365.3	4360.77
-114232	69367.6	4365.75
-114232	69370.8	4370.25
-114232	69374.6	4374.13
-114232	69379.1	4377.28
-114232	69384.1	4379.6
-114232	69389.4	4381.02
-114232	69394.9	4381.5
-114232	69400.4	4381.02
-114232	69405.7	4379.6
-114232	69410.6	4377.28
-114232	69415.1	4374.13
-114232	69419	4370.25
-114232	69422.2	4365.75
-114232	69424.5	4360.77
-114232	69425.9	4355.47
-114232	69426.4	4350
-114232	69425.9	4344.53
-114232	69424.5	4339.23
-114232	69422.2	4334.25
-114232	69419	4329.75
-114232	69415.1	4325.87
-114232	69410.6	4322.72
-114232	69405.7	4320.4
-114232	69560.4	4318.98
-114232	69554.9	4318.5
-114232	69549.4	4318.98
-114232	69544.1	4320.4
-114232	69539.1	4322.72
-114232	69534.6	4325.87
-114232	69530.8	4329.75
-114232	69527.6	4334.25
-114232	69525.3	4339.23
-114232	69523.9	4344.53
-114232	69523.4	4350
-114232	69523.9	4355.47
-114232	69525.3	4360.77
-114232	69527.6	4365.75
-114232	69530.8	4370.25
-114232	69534.6	4374.13
-114232	69539.1	4377.28
-114232	69544.1	4379.6
-114232	69549.4	4381.02
-114232	69554.9	4381.5
-114232	69560.4	4381.02
-114232	69565.7	4379.6
-114232	69570.6	4377.28
-114232	69575.1	4374.13
-114232	69579	4370.25
-114232	69582.2	4365.75
-114232	69584.5	4360.77
-114232	69585.9	4355.47
-114232	69586.4	4350
-114232	69585.9	4344.53
-114232	69584.5	4339.23
-114232	69582.2	4334.25
-114232	69579	4329.75
-114232	69575.1	4325.87
-114232	69570.6	4322.72
-114232	69565.7	4320.4
-114232	69719.2	4325.38
-114232	69714.9	4325
-114232	69710.6	4325.38
-114232	69706.4	4326.51
-114232	69702.4	4328.35
-114232	69698.8	4330.85
-114232	69695.8	4333.93
-114232	69693.3	4337.5
-114232	69691.4	4341.45
-114232	69690.3	4345.66
-114232	69689.9	4350
-114232	69690.3	4354.34
-114232	69691.4	4358.55
-114232	69693.3	4362.5
-114232	69695.8	4366.07
-114232	69698.8	4369.15
-114232	69702.4	4371.65
-114232	69706.4	4373.49
-114232	69710.6	4374.62
-114232	69714.9	4375
-114232	69719.2	4374.62
-114232	69723.5	4373.49
-114232	69727.4	4371.65
-114232	69731	4369.15
-114232	69734	4366.07
-114232	69736.5	4362.5
-114232	69738.4	4358.55
-114232	69739.5	4354.34
-114232	69739.9	4350
-114232	69739.5	4345.66
-114232	69738.4	4341.45
-114232	69736.5	4337.5
-114232	69734	4333.93
-114232	69731	4330.85
-114232	69727.4	4328.35
-114232	69723.5	4326.51

#	Triangle	78
0	2	1	3	2	0	121	9	6	122	9	121
4	9	5	9	3	5	9	8	3	8	2	3	4	6	9	7	2	8	4	7	6	4	84	7	84	83	7	83	82	7	82	48	7	48	47	7	47	46	7	46	10	7	10	45	7	45	44	7	44	43	7	43	42	7	42	41	7	41	2	7	81	10	46	81	11	10	80	11	81	80	12	11	82	49	48	79	12	80	79	13	12	82	50	49	78	13	79	78	14	13	117	50	82	116	50	117	116	51	50	77	14	78	77	15	14	4	85	84	115	51	116	4	86	85	114	51	115	114	52	51	76	15	77	76	16	15	40	2	41	4	87	86	113	52	114	4	88	87	112	52	113	112	53	52	75	16	76	75	17	16	39	2	40	4	89	88	111	53	112	111	54	53	74	17	75	74	18	17	38	2	39	4	90	89	110	54	111	110	55	54	73	18	74	73	19	18	37	2	38	4	91	90	109	55	110	4	92	91	108	55	109	108	56	55	72	19	73	72	20	19	36	2	37	4	93	92	107	56	108	107	57	56	71	20	72	71	21	20	35	2	36	4	94	93	106	57	107	106	58	57	70	21	71	70	22	21	34	2	35	4	95	94	105	58	106	105	59	58	69	22	70	69	23	22	33	2	34	4	96	95	104	59	105	4	97	96	103	59	104	103	60	59	68	23	69	68	24	23	32	2	33	4	98	97	102	60	103	4	99	98	101	60	102	101	61	60	67	24	68	67	25	24	31	2	32	4	100	99	100	61	101	4	61	100	4	62	61	66	25	67	66	26	25	30	2	31	4	63	62	65	26	66	65	27	26	29	2	30	4	64	63	64	27	65	64	28	27	28	2	29	4	28	64	4	2	28
5	118	4	119	118	5	123	7	8	120	7	123
1	123	0	123	119	0	123	122	119	122	118	119	1	120	123	121	118	122	1	130	120	130	129	120	129	128	120	128	127	120	127	126	120	126	125	120	125	121	120	125	161	121	161	160	121	160	195	121	195	197	121	197	196	121	196	231	121	231	118	121	124	161	125	124	162	161	159	162	124	159	163	162	158	163	159	158	164	163	194	197	195	157	164	158	157	165	164	193	197	194	193	198	197	193	199	198	156	165	157	156	166	165	192	199	193	192	200	199	230	118	231	192	201	200	229	118	230	1	131	130	155	166	156	155	167	166	191	201	192	191	202	201	228	118	229	191	203	202	227	118	228	1	132	131	154	167	155	154	168	167	190	203	191	190	204	203	226	118	227	1	133	132	153	168	154	153	169	168	189	204	190	189	205	204	225	118	226	1	134	133	152	169	153	152	170	169	188	205	189	188	206	205	224	118	225	1	135	134	151	170	152	151	171	170	187	206	188	187	207	206	223	118	224	187	208	207	222	118	223	1	136	135	150	171	151	150	172	171	186	208	187	186	209	208	221	118	222	1	137	136	149	172	150	149	173	172	185	209	186	185	210	209	220	118	221	1	138	137	148	173	149	148	174	173	184	210	185	184	211	210	219	118	220	184	212	211	218	118	219	1	139	138	147	174	148	147	175	174	183	212	184	183	213	212	217	118	218	183	214	213	216	118	217	1	140	139	146	175	147	146	176	175	182	214	183	182	215	214	215	118	216	182	118	215	1	141	140	145	176	146	145	177	176	181	118	182	1	142	141	144	177	145	144	178	177	180	118	181	1	143	142	143	178	144	143	179	178	179	118	180	1	179	143	1	118	179
0	5	3	119	5	0	120	6	7	121	6	120
2	118	1	4	118	2	122	8	9	123	8	122
125	11	124	10	11	125	161	47	160	46	47	161
124	12	159	11	12	124	160	48	195	47	48	160
159	13	158	12	13	159	195	49	194	48	49	195
158	14	157	13	14	158	194	50	193	49	50	194
157	15	156	14	15	157	193	51	192	50	51	193
156	16	155	15	16	156	192	52	191	51	52	192
155	17	154	16	17	155	191	53	190	52	53	191
154	18	153	17	18	154	190	54	189	53	54	190
153	19	152	18	19	153	189	55	188	54	55	189
152	20	151	19	20	152	188	56	187	55	56	188
151	21	150	20	21	151	187	57	186	56	57	187
150	22	149	21	22	150	186	58	185	57	58	186
149	23	148	22	23	149	185	59	184	58	59	185
148	24	147	23	24	148	184	60	183	59	60	184
147	25	146	24	25	147	183	61	182	60	61	183
146	26	145	25	26	146	182	62	181	61	62	182
145	27	144	26	27	145	181	63	180	62	63	181
144	28	143	27	28	144	180	64	179	63	64	180
143	29	142	28	29	143	179	65	178	64	65	179
142	30	141	29	30	142	178	66	177	65	66	178
141	31	140	30	31	141	177	67	176	66	67	177
140	32	139	31	32	140	176	68	175	67	68	176
139	33	138	32	33	139	175	69	174	68	69	175
138	34	137	33	34	138	174	70	173	69	70	174
137	35	136	34	35	137	173	71	172	70	71	173
136	36	135	35	36	136	172	72	171	71	72	172
135	37	134	36	37	135	171	73	170	72	73	171
134	38	133	37	38	134	170	74	169	73	74	170
133	39	132	38	39	133	169	75	168	74	75	169
132	40	131	39	40	132	168	76	167	75	76	168
131	41	130	40	41	131	167	77	166	76	77	167
130	42	129	41	42	130	166	78	165	77	78	166
129	43	128	42	43	129	165	79	164	78	79	165
128	44	127	43	44	128	164	80	163	79	80	164
127	45	126	44	45	127	163	81	162	80	81	163
126	10	125	45	10	126	162	46	161	81	46	162
197	83	196	82	83	197
196	84	231	83	84	196
231	85	230	84	85	231
230	86	229	85	86	230
229	87	228	86	87	229
228	88	227	87	88	228
227	89	226	88	89	227
226	90	225	89	90	226
225	91	224	90	91	225
224	92	223	91	92	224
223	93	222	92	93	223
222	94	221	93	94	222
221	95	220	94	95	221
220	96	219	95	96	220
219	97	218	96	97	219
218	98	217	97	98	218
217	99	216	98	99	217
216	100	215	99	100	216
215	101	214	100	101	215
214	102	213	101	102	214
213	103	212	102	103	213
212	104	211	103	104	212
211	105	210	104	105	211
210	106	209	105	106	210
209	107	208	106	107	209
208	108	207	107	108	208
207	109	206	108	109	207
206	110	205	109	110	206
205	111	204	110	111	205
204	112	203	111	112	204
203	113	202	112	113	203
202	114	201	113	114	202
201	115	200	114	115	201
200	116	199	115	116	200
199	117	198	116	117	199
198	82	197	117	82	198

#	Normal	78
-0	1	0
-1	0	0
-0	-1	-0
1	0	0
0	-0	1
0	0	-1
0	0.087167	-0.996194
0	0.258819	-0.965926
0	0.422574	-0.906328
0	0.573391	-0.819282
0	0.707062	-0.707151
0	0.819249	-0.573438
0	0.906328	-0.422574
0	0.965892	-0.258946
0	0.996226	-0.0867985
-0	0.996226	0.0867985
-0	0.965892	0.258946
-0	0.906328	0.422574
-0	0.819249	0.573438
-0	0.707062	0.707151
-0	0.573391	0.819282
-0	0.422574	0.906328
-0	0.258819	0.965926
-0	0.087167	0.996194
0	-0.087167	0.996194
0	-0.258819	0.965926
0	-0.422574	0.906328
0	-0.573391	0.819282
0	-0.707062	0.707151
0	-0.819249	0.573438
0	-0.906328	0.422574
0	-0.965892	0.258946
0	-0.996226	0.0867985
0	-0.996226	-0.0867985
0	-0.965892	-0.258946
0	-0.906328	-0.422574
0	-0.819249	-0.573438
0	-0.707062	-0.707151
0	-0.573391	-0.819282
0	-0.422574	-0.906328
0	-0.258819	-0.965926
0	-0.087167	-0.996194
0	0.0871225	-0.996198
0	0.258736	-0.965948
0	0.422916	-0.906169
0	0.573583	-0.819148
0	0.707443	-0.70677
0	0.819111	-0.573635
0	0.906134	-0.42299
0	0.966086	-0.258221
0	0.996135	-0.0878382
-0	0.996135	0.0878382
-0	0.966086	0.258221
-0	0.906134	0.42299
-0	0.819111	0.573635
-0	0.707443	0.70677
-0	0.573583	0.819148
-0	0.422916	0.906169
-0	0.258736	0.965948
-0	0.0871225	0.996198
0	-0.0871225	0.996198
0	-0.259185	0.965828
0	-0.422229	0.906489
0	-0.573583	0.819148
0	-0.707443	0.70677
0	-0.819111	0.573635
0	-0.906134	0.42299
0	-0.966086	0.258221
0	-0.996135	0.0878382
0	-0.996135	-0.0878382
0	-0.966086	-0.258221
0	-0.906134	-0.42299
0	-0.819111	-0.573635
0	-0.707443	-0.70677
0	-0.573583	-0.819148
0	-0.422229	-0.906489
0	-0.259185	-0.965828
0	-0.0871225	-0.996198

#	Mesh	0	End

