#	Mesh	0	Begin

#	Vertex	32
-114232	60264.5	-50
-114232	60264.5	4450
-114032	60264.5	4450
-114032	60264.5	-50
-114032	67964.5	4450
-114032	67964.5	-50
-114032	66364.5	2100
-114032	64564.5	2100
-114032	64564.5	0
-114032	66364.5	0
-114032	62764.5	2100
-114032	60964.5	2100
-114032	60964.5	0
-114032	62764.5	0
-114032	67814.5	2100
-114032	66614.5	2100
-114032	66614.5	0
-114032	67814.5	0
-114232	67964.5	4450
-114232	67964.5	-50
-114232	64564.5	2100
-114232	66364.5	2100
-114232	66364.5	0
-114232	64564.5	0
-114232	60964.5	2100
-114232	62764.5	2100
-114232	62764.5	0
-114232	60964.5	0
-114232	66614.5	2100
-114232	67814.5	2100
-114232	67814.5	0
-114232	66614.5	0

#	Triangle	6
0	2	1	3	2	0	21	9	6	22	9	21	25	13	10	26	13	25	29	17	14	30	17	29
4	17	5	17	3	5	17	16	3	16	9	3	9	8	3	8	13	3	13	12	3	12	2	3	4	14	17	15	9	16	15	6	9	7	13	8	7	10	13	11	2	12	4	15	14	4	6	15	4	7	6	4	10	7	4	11	10	4	2	11
5	18	4	19	18	5	23	7	8	20	7	23	27	11	12	24	11	27	31	15	16	28	15	31
1	27	0	27	19	0	27	26	19	26	23	19	23	22	19	22	31	19	31	30	19	30	18	19	1	24	27	25	23	26	25	20	23	21	31	22	21	28	31	29	18	30	1	25	24	1	20	25	1	21	20	1	28	21	1	29	28	1	18	29
0	5	3	19	5	0	20	6	7	21	6	20	24	10	11	25	10	24	28	14	15	29	14	28
2	18	1	4	18	2	22	8	9	23	8	22	26	12	13	27	12	26	30	16	17	31	16	30

#	Normal	6
-0	1	0
-1	0	0
-0	-1	-0
1	0	0
0	-0	1
0	0	-1

#	Mesh	0	End

