#	Mesh	0	Begin

#	Vertex	224
-122882	59564.5	300
-122882	59564.5	4250
-123082	59564.5	4250
-123082	59564.5	300
-123082	51864.5	4250
-123082	51864.5	300
-123082	56437.8	4168.5
-123082	56432.4	4168.98
-123082	56427.1	4170.4
-123082	56422.1	4172.72
-123082	56417.6	4175.87
-123082	56413.7	4179.75
-123082	56410.6	4184.25
-123082	56408.2	4189.23
-123082	56406.8	4194.53
-123082	56406.3	4200
-123082	56406.8	4205.47
-123082	56408.2	4210.77
-123082	56410.6	4215.75
-123082	56413.7	4220.25
-123082	56417.6	4224.13
-123082	56422.1	4227.28
-123082	56427.1	4229.6
-123082	56432.4	4231.02
-123082	56437.8	4231.5
-123082	56443.3	4231.02
-123082	56448.6	4229.6
-123082	56453.6	4227.28
-123082	56458.1	4224.13
-123082	56462	4220.25
-123082	56465.1	4215.75
-123082	56467.4	4210.77
-123082	56468.9	4205.47
-123082	56469.3	4200
-123082	56468.9	4194.53
-123082	56467.4	4189.23
-123082	56465.1	4184.25
-123082	56462	4179.75
-123082	56458.1	4175.87
-123082	56453.6	4172.72
-123082	56448.6	4170.4
-123082	56443.3	4168.98
-123082	56584.7	4168.5
-123082	56579.2	4168.98
-123082	56573.9	4170.4
-123082	56568.9	4172.72
-123082	56564.4	4175.87
-123082	56560.5	4179.75
-123082	56557.4	4184.25
-123082	56555.1	4189.23
-123082	56553.6	4194.53
-123082	56553.2	4200
-123082	56553.6	4205.47
-123082	56555.1	4210.77
-123082	56557.4	4215.75
-123082	56560.5	4220.25
-123082	56564.4	4224.13
-123082	56568.9	4227.28
-123082	56573.9	4229.6
-123082	56579.2	4231.02
-123082	56584.7	4231.5
-123082	56590.1	4231.02
-123082	56595.4	4229.6
-123082	56600.4	4227.28
-123082	56604.9	4224.13
-123082	56608.8	4220.25
-123082	56611.9	4215.75
-123082	56614.3	4210.77
-123082	56615.7	4205.47
-123082	56616.2	4200
-123082	56615.7	4194.53
-123082	56614.3	4189.23
-123082	56611.9	4184.25
-123082	56608.8	4179.75
-123082	56604.9	4175.87
-123082	56600.4	4172.72
-123082	56595.4	4170.4
-123082	56590.1	4168.98
-123082	56703.6	4175
-123082	56699.3	4175.38
-123082	56695.1	4176.51
-123082	56691.1	4178.35
-123082	56687.6	4180.85
-123082	56684.5	4183.93
-123082	56682	4187.5
-123082	56680.1	4191.45
-123082	56679	4195.66
-123082	56678.6	4200
-123082	56679	4204.34
-123082	56680.1	4208.55
-123082	56682	4212.5
-123082	56684.5	4216.07
-123082	56687.6	4219.15
-123082	56691.1	4221.65
-123082	56695.1	4223.49
-123082	56699.3	4224.62
-123082	56703.6	4225
-123082	56708	4224.62
-123082	56712.2	4223.49
-123082	56716.1	4221.65
-123082	56719.7	4219.15
-123082	56722.8	4216.07
-123082	56725.3	4212.5
-123082	56727.1	4208.55
-123082	56728.2	4204.34
-123082	56728.6	4200
-123082	56728.2	4195.66
-123082	56727.1	4191.45
-123082	56725.3	4187.5
-123082	56722.8	4183.93
-123082	56719.7	4180.85
-123082	56716.1	4178.35
-123082	56712.2	4176.51
-123082	56708	4175.38
-122882	51864.5	4250
-122882	51864.5	300
-122882	56432.4	4168.98
-122882	56437.8	4168.5
-122882	56443.3	4168.98
-122882	56448.6	4170.4
-122882	56453.6	4172.72
-122882	56458.1	4175.87
-122882	56462	4179.75
-122882	56465.1	4184.25
-122882	56467.4	4189.23
-122882	56468.9	4194.53
-122882	56469.3	4200
-122882	56468.9	4205.47
-122882	56467.4	4210.77
-122882	56465.1	4215.75
-122882	56462	4220.25
-122882	56458.1	4224.13
-122882	56453.6	4227.28
-122882	56448.6	4229.6
-122882	56443.3	4231.02
-122882	56437.8	4231.5
-122882	56432.4	4231.02
-122882	56427.1	4229.6
-122882	56422.1	4227.28
-122882	56417.6	4224.13
-122882	56413.7	4220.25
-122882	56410.6	4215.75
-122882	56408.2	4210.77
-122882	56406.8	4205.47
-122882	56406.3	4200
-122882	56406.8	4194.53
-122882	56408.2	4189.23
-122882	56410.6	4184.25
-122882	56413.7	4179.75
-122882	56417.6	4175.87
-122882	56422.1	4172.72
-122882	56427.1	4170.4
-122882	56579.2	4168.98
-122882	56584.7	4168.5
-122882	56590.1	4168.98
-122882	56595.4	4170.4
-122882	56600.4	4172.72
-122882	56604.9	4175.87
-122882	56608.8	4179.75
-122882	56611.9	4184.25
-122882	56614.3	4189.23
-122882	56615.7	4194.53
-122882	56616.2	4200
-122882	56615.7	4205.47
-122882	56614.3	4210.77
-122882	56611.9	4215.75
-122882	56608.8	4220.25
-122882	56604.9	4224.13
-122882	56600.4	4227.28
-122882	56595.4	4229.6
-122882	56590.1	4231.02
-122882	56584.7	4231.5
-122882	56579.2	4231.02
-122882	56573.9	4229.6
-122882	56568.9	4227.28
-122882	56564.4	4224.13
-122882	56560.5	4220.25
-122882	56557.4	4215.75
-122882	56555.1	4210.77
-122882	56553.6	4205.47
-122882	56553.2	4200
-122882	56553.6	4194.53
-122882	56555.1	4189.23
-122882	56557.4	4184.25
-122882	56560.5	4179.75
-122882	56564.4	4175.87
-122882	56568.9	4172.72
-122882	56573.9	4170.4
-122882	56699.3	4175.38
-122882	56703.6	4175
-122882	56708	4175.38
-122882	56712.2	4176.51
-122882	56716.1	4178.35
-122882	56719.7	4180.85
-122882	56722.8	4183.93
-122882	56725.3	4187.5
-122882	56727.1	4191.45
-122882	56728.2	4195.66
-122882	56728.6	4200
-122882	56728.2	4204.34
-122882	56727.1	4208.55
-122882	56725.3	4212.5
-122882	56722.8	4216.07
-122882	56719.7	4219.15
-122882	56716.1	4221.65
-122882	56712.2	4223.49
-122882	56708	4224.62
-122882	56703.6	4225
-122882	56699.3	4224.62
-122882	56695.1	4223.49
-122882	56691.1	4221.65
-122882	56687.6	4219.15
-122882	56684.5	4216.07
-122882	56682	4212.5
-122882	56680.1	4208.55
-122882	56679	4204.34
-122882	56678.6	4200
-122882	56679	4195.66
-122882	56680.1	4191.45
-122882	56682	4187.5
-122882	56684.5	4183.93
-122882	56687.6	4180.85
-122882	56691.1	4178.35
-122882	56695.1	4176.51

#	Triangle	86
0	2	1	3	2	0
4	3	5	4	6	3	6	42	3	42	2	3	4	7	6	41	42	6	41	43	42	77	2	42	4	8	7	40	43	41	40	44	43	76	2	77	4	9	8	39	44	40	39	45	44	75	78	76	78	2	76	4	10	9	38	45	39	38	46	45	74	78	75	74	79	78	113	2	78	74	80	79	112	2	113	4	11	10	37	46	38	37	47	46	73	80	74	73	81	80	111	2	112	73	82	81	110	2	111	4	12	11	36	47	37	36	48	47	72	82	73	72	83	82	109	2	110	72	84	83	108	2	109	4	13	12	35	48	36	35	49	48	71	84	72	71	85	84	107	2	108	4	14	13	34	49	35	34	50	49	70	85	71	70	86	85	106	2	107	4	15	14	33	50	34	33	51	50	69	86	70	69	87	86	105	2	106	4	16	15	32	51	33	32	52	51	68	87	69	68	88	87	104	2	105	68	89	88	103	2	104	4	17	16	31	52	32	31	53	52	67	89	68	67	90	89	102	2	103	4	18	17	30	53	31	30	54	53	66	90	67	66	91	90	101	2	102	4	19	18	29	54	30	29	55	54	65	91	66	65	92	91	100	2	101	65	93	92	99	2	100	4	20	19	28	55	29	28	56	55	64	93	65	64	94	93	98	2	99	64	95	94	97	2	98	4	21	20	27	56	28	27	57	56	63	95	64	63	96	95	96	2	97	63	2	96	4	22	21	26	57	27	26	58	57	62	2	63	4	23	22	25	58	26	25	59	58	61	2	62	4	24	23	24	59	25	24	60	59	60	2	61	4	60	24	4	2	60
5	114	4	115	114	5
1	115	0	1	153	115	153	117	115	117	114	115	1	154	153	152	117	153	152	118	117	116	114	117	1	155	154	187	118	152	187	119	118	151	114	116	1	189	155	189	156	155	186	119	187	186	120	119	150	114	151	189	157	156	185	120	186	185	121	120	149	114	150	1	190	189	188	157	189	1	191	190	223	157	188	223	158	157	184	121	185	184	122	121	148	114	149	1	192	191	222	158	223	1	193	192	221	158	222	221	159	158	183	122	184	183	123	122	147	114	148	1	194	193	220	159	221	1	195	194	219	159	220	219	160	159	182	123	183	182	124	123	146	114	147	1	196	195	218	160	219	218	161	160	181	124	182	181	125	124	145	114	146	1	197	196	217	161	218	217	162	161	180	125	181	180	126	125	144	114	145	1	198	197	216	162	217	1	199	198	215	162	216	215	163	162	179	126	180	179	127	126	143	114	144	1	200	199	214	163	215	214	164	163	178	127	179	178	128	127	142	114	143	1	201	200	213	164	214	213	165	164	177	128	178	177	129	128	141	114	142	1	202	201	212	165	213	212	166	165	176	129	177	176	130	129	140	114	141	1	203	202	211	166	212	1	204	203	210	166	211	210	167	166	175	130	176	175	131	130	139	114	140	1	205	204	209	167	210	1	206	205	208	167	209	208	168	167	174	131	175	174	132	131	138	114	139	1	207	206	207	168	208	1	168	207	1	169	168	173	132	174	173	133	132	137	114	138	1	170	169	172	133	173	172	134	133	136	114	137	1	171	170	171	134	172	171	135	134	135	114	136	1	135	171	1	114	135
0	5	3	115	5	0
2	114	1	4	114	2
117	7	116	6	7	117
116	8	151	7	8	116
151	9	150	8	9	151	187	45	186	44	45	187
150	10	149	9	10	150	186	46	185	45	46	186
149	11	148	10	11	149	185	47	184	46	47	185
148	12	147	11	12	148	184	48	183	47	48	184
147	13	146	12	13	147	183	49	182	48	49	183
146	14	145	13	14	146	182	50	181	49	50	182
145	15	144	14	15	145	181	51	180	50	51	181
144	16	143	15	16	144	180	52	179	51	52	180
143	17	142	16	17	143	179	53	178	52	53	179
142	18	141	17	18	142	178	54	177	53	54	178
141	19	140	18	19	141	177	55	176	54	55	177
140	20	139	19	20	140	176	56	175	55	56	176
139	21	138	20	21	139	175	57	174	56	57	175
138	22	137	21	22	138	174	58	173	57	58	174
137	23	136	22	23	137
136	24	135	23	24	136
135	25	134	24	25	135	171	61	170	60	61	171
134	26	133	25	26	134	170	62	169	61	62	170
133	27	132	26	27	133	169	63	168	62	63	169
132	28	131	27	28	132	168	64	167	63	64	168
131	29	130	28	29	131	167	65	166	64	65	167
130	30	129	29	30	130	166	66	165	65	66	166
129	31	128	30	31	129
128	32	127	31	32	128
127	33	126	32	33	127	163	69	162	68	69	163
126	34	125	33	34	126	162	70	161	69	70	162
125	35	124	34	35	125
124	36	123	35	36	124
123	37	122	36	37	123	159	73	158	72	73	159
122	38	121	37	38	122	158	74	157	73	74	158
121	39	120	38	39	121	157	75	156	74	75	157
120	40	119	39	40	120	156	76	155	75	76	156
119	41	118	40	41	119	155	77	154	76	77	155
118	6	117	41	6	118	154	42	153	77	42	154
153	43	152	42	43	153
152	44	187	43	44	152
173	59	172	58	59	173
172	60	171	59	60	172
165	67	164	66	67	165
164	68	163	67	68	164
161	71	160	70	71	161
160	72	159	71	72	160
189	79	188	78	79	189
188	80	223	79	80	188
223	81	222	80	81	223
222	82	221	81	82	222
221	83	220	82	83	221
220	84	219	83	84	220
219	85	218	84	85	219
218	86	217	85	86	218
217	87	216	86	87	217
216	88	215	87	88	216
215	89	214	88	89	215
214	90	213	89	90	214
213	91	212	90	91	213
212	92	211	91	92	212
211	93	210	92	93	211
210	94	209	93	94	210
209	95	208	94	95	209
208	96	207	95	96	208
207	97	206	96	97	207
206	98	205	97	98	206
205	99	204	98	99	205
204	100	203	99	100	204
203	101	202	100	101	203
202	102	201	101	102	202
201	103	200	102	103	201
200	104	199	103	104	200
199	105	198	104	105	199
198	106	197	105	106	198
197	107	196	106	107	197
196	108	195	107	108	196
195	109	194	108	109	195
194	110	193	109	110	194
193	111	192	110	111	193
192	112	191	111	112	192
191	113	190	112	113	191
190	78	189	113	78	190

#	Normal	86
-0	-1	-0
1	0	0
-0	1	0
-1	0	0
-0	0	1
-0	-0	-1
-0	-0.0871052	-0.996199
-0	-0.258997	-0.965878
-0	-0.422574	-0.906328
-0	-0.573391	-0.819282
-0	-0.707062	-0.707151
-0	-0.819249	-0.573438
-0	-0.906328	-0.422574
-0	-0.965892	-0.258946
-0	-0.996226	-0.0867985
0	-0.996226	0.0867985
0	-0.965892	0.258946
0	-0.906328	0.422574
0	-0.819249	0.573438
0	-0.707062	0.707151
0	-0.573391	0.819282
0	-0.422574	0.906328
0	-0.258997	0.965878
0	-0.0871052	0.996199
0	0.087167	0.996194
0	0.258819	0.965926
0	0.422574	0.906328
0	0.573725	0.819048
0	0.707062	0.707151
0	0.819249	0.573438
0	0.906328	0.422574
0	0.965892	0.258946
0	0.996164	0.0875045
0	0.996164	-0.0875045
0	0.965892	-0.258946
0	0.906328	-0.422574
0	0.819249	-0.573438
0	0.707062	-0.707151
0	0.573725	-0.819048
0	0.422574	-0.906328
0	0.258819	-0.965926
0	0.087167	-0.996194
-0	-0.087167	-0.996194
-0	-0.258819	-0.965926
0	-0.258819	0.965926
0	-0.087167	0.996194
0	0.906056	0.423158
0	0.966069	0.258283
0	0.966069	-0.258283
0	0.906056	-0.423158
-0	-0.0871225	-0.996198
-0	-0.25896	-0.965888
-0	-0.422573	-0.906329
-0	-0.573583	-0.819148
-0	-0.706995	-0.707219
-0	-0.819111	-0.573635
-0	-0.906478	-0.422253
-0	-0.965862	-0.259057
-0	-0.996213	-0.0869487
0	-0.996213	0.0869487
0	-0.965862	0.259057
0	-0.906478	0.422253
0	-0.819111	0.573635
0	-0.706995	0.707219
0	-0.573583	0.819148
0	-0.422573	0.906329
0	-0.25896	0.965888
0	-0.0871225	0.996198
0	0.0872003	0.996191
0	0.258736	0.965948
0	0.422573	0.906329
0	0.573583	0.819148
0	0.706995	0.707219
0	0.819532	0.573033
0	0.906134	0.42299
0	0.965862	0.259057
0	0.996213	0.0869487
0	0.996213	-0.0869487
0	0.965862	-0.259057
0	0.906134	-0.42299
0	0.819532	-0.573033
0	0.706995	-0.707219
0	0.573583	-0.819148
0	0.422573	-0.906329
0	0.258736	-0.965948
0	0.0872003	-0.996191

#	Mesh	0	End

