#	Mesh	0	Begin

#	Vertex	224
-114732	51414.5	300
-114732	51414.5	4250
-114732	51614.5	4250
-114732	51614.5	300
-122432	51614.5	4250
-122432	51614.5	300
-120503	51614.5	4168.5
-120508	51614.5	4168.98
-120514	51614.5	4170.4
-120519	51614.5	4172.72
-120523	51614.5	4175.87
-120527	51614.5	4179.75
-120530	51614.5	4184.25
-120532	51614.5	4189.23
-120534	51614.5	4194.53
-120534	51614.5	4200
-120534	51614.5	4205.47
-120532	51614.5	4210.77
-120530	51614.5	4215.75
-120527	51614.5	4220.25
-120523	51614.5	4224.13
-120519	51614.5	4227.28
-120514	51614.5	4229.6
-120508	51614.5	4231.02
-120503	51614.5	4231.5
-120497	51614.5	4231.02
-120492	51614.5	4229.6
-120487	51614.5	4227.28
-120483	51614.5	4224.13
-120479	51614.5	4220.25
-120476	51614.5	4215.75
-120473	51614.5	4210.77
-120472	51614.5	4205.47
-120471	51614.5	4200
-120472	51614.5	4194.53
-120473	51614.5	4189.23
-120476	51614.5	4184.25
-120479	51614.5	4179.75
-120483	51614.5	4175.87
-120487	51614.5	4172.72
-120492	51614.5	4170.4
-120497	51614.5	4168.98
-120630	51614.5	4168.5
-120635	51614.5	4168.98
-120640	51614.5	4170.4
-120645	51614.5	4172.72
-120650	51614.5	4175.87
-120654	51614.5	4179.75
-120657	51614.5	4184.25
-120659	51614.5	4189.23
-120661	51614.5	4194.53
-120661	51614.5	4200
-120661	51614.5	4205.47
-120659	51614.5	4210.77
-120657	51614.5	4215.75
-120654	51614.5	4220.25
-120650	51614.5	4224.13
-120645	51614.5	4227.28
-120640	51614.5	4229.6
-120635	51614.5	4231.02
-120630	51614.5	4231.5
-120624	51614.5	4231.02
-120619	51614.5	4229.6
-120614	51614.5	4227.28
-120609	51614.5	4224.13
-120605	51614.5	4220.25
-120602	51614.5	4215.75
-120600	51614.5	4210.77
-120598	51614.5	4205.47
-120598	51614.5	4200
-120598	51614.5	4194.53
-120600	51614.5	4189.23
-120602	51614.5	4184.25
-120605	51614.5	4179.75
-120609	51614.5	4175.87
-120614	51614.5	4172.72
-120619	51614.5	4170.4
-120624	51614.5	4168.98
-120393	51614.5	4161.43
-120397	51614.5	4161.81
-120401	51614.5	4162.94
-120405	51614.5	4164.78
-120409	51614.5	4167.28
-120412	51614.5	4170.36
-120414	51614.5	4173.93
-120416	51614.5	4177.88
-120417	51614.5	4182.09
-120418	51614.5	4186.43
-120417	51614.5	4190.77
-120416	51614.5	4194.98
-120414	51614.5	4198.93
-120412	51614.5	4202.5
-120409	51614.5	4205.58
-120405	51614.5	4208.08
-120401	51614.5	4209.92
-120397	51614.5	4211.05
-120393	51614.5	4211.43
-120388	51614.5	4211.05
-120384	51614.5	4209.92
-120380	51614.5	4208.08
-120377	51614.5	4205.58
-120374	51614.5	4202.5
-120371	51614.5	4198.93
-120369	51614.5	4194.98
-120368	51614.5	4190.77
-120368	51614.5	4186.43
-120368	51614.5	4182.09
-120369	51614.5	4177.88
-120371	51614.5	4173.93
-120374	51614.5	4170.36
-120377	51614.5	4167.28
-120380	51614.5	4164.78
-120384	51614.5	4162.94
-120388	51614.5	4161.81
-122432	51414.5	4250
-122432	51414.5	300
-120508	51414.5	4168.98
-120503	51414.5	4168.5
-120497	51414.5	4168.98
-120492	51414.5	4170.4
-120487	51414.5	4172.72
-120483	51414.5	4175.87
-120479	51414.5	4179.75
-120476	51414.5	4184.25
-120473	51414.5	4189.23
-120472	51414.5	4194.53
-120471	51414.5	4200
-120472	51414.5	4205.47
-120473	51414.5	4210.77
-120476	51414.5	4215.75
-120479	51414.5	4220.25
-120483	51414.5	4224.13
-120487	51414.5	4227.28
-120492	51414.5	4229.6
-120497	51414.5	4231.02
-120503	51414.5	4231.5
-120508	51414.5	4231.02
-120514	51414.5	4229.6
-120519	51414.5	4227.28
-120523	51414.5	4224.13
-120527	51414.5	4220.25
-120530	51414.5	4215.75
-120532	51414.5	4210.77
-120534	51414.5	4205.47
-120534	51414.5	4200
-120534	51414.5	4194.53
-120532	51414.5	4189.23
-120530	51414.5	4184.25
-120527	51414.5	4179.75
-120523	51414.5	4175.87
-120519	51414.5	4172.72
-120514	51414.5	4170.4
-120635	51414.5	4168.98
-120630	51414.5	4168.5
-120624	51414.5	4168.98
-120619	51414.5	4170.4
-120614	51414.5	4172.72
-120609	51414.5	4175.87
-120605	51414.5	4179.75
-120602	51414.5	4184.25
-120600	51414.5	4189.23
-120598	51414.5	4194.53
-120598	51414.5	4200
-120598	51414.5	4205.47
-120600	51414.5	4210.77
-120602	51414.5	4215.75
-120605	51414.5	4220.25
-120609	51414.5	4224.13
-120614	51414.5	4227.28
-120619	51414.5	4229.6
-120624	51414.5	4231.02
-120630	51414.5	4231.5
-120635	51414.5	4231.02
-120640	51414.5	4229.6
-120645	51414.5	4227.28
-120650	51414.5	4224.13
-120654	51414.5	4220.25
-120657	51414.5	4215.75
-120659	51414.5	4210.77
-120661	51414.5	4205.47
-120661	51414.5	4200
-120661	51414.5	4194.53
-120659	51414.5	4189.23
-120657	51414.5	4184.25
-120654	51414.5	4179.75
-120650	51414.5	4175.87
-120645	51414.5	4172.72
-120640	51414.5	4170.4
-120397	51414.5	4161.81
-120393	51414.5	4161.43
-120388	51414.5	4161.81
-120384	51414.5	4162.94
-120380	51414.5	4164.78
-120377	51414.5	4167.28
-120374	51414.5	4170.36
-120371	51414.5	4173.93
-120369	51414.5	4177.88
-120368	51414.5	4182.09
-120368	51414.5	4186.43
-120368	51414.5	4190.77
-120369	51414.5	4194.98
-120371	51414.5	4198.93
-120374	51414.5	4202.5
-120377	51414.5	4205.58
-120380	51414.5	4208.08
-120384	51414.5	4209.92
-120388	51414.5	4211.05
-120393	51414.5	4211.43
-120397	51414.5	4211.05
-120401	51414.5	4209.92
-120405	51414.5	4208.08
-120409	51414.5	4205.58
-120412	51414.5	4202.5
-120414	51414.5	4198.93
-120416	51414.5	4194.98
-120417	51414.5	4190.77
-120418	51414.5	4186.43
-120417	51414.5	4182.09
-120416	51414.5	4177.88
-120414	51414.5	4173.93
-120412	51414.5	4170.36
-120409	51414.5	4167.28
-120405	51414.5	4164.78
-120401	51414.5	4162.94

#	Triangle	81
0	2	1	3	2	0
4	3	5	4	42	3	42	78	3	78	2	3	42	79	78	113	2	78	42	80	79	112	2	113	42	81	80	111	2	112	42	82	81	110	2	111	42	6	82	6	83	82	109	2	110	4	43	42	77	6	42	77	7	6	41	83	6	4	44	43	76	7	77	76	8	7	40	83	41	40	84	83	108	2	109	4	45	44	75	8	76	75	9	8	39	84	40	4	46	45	74	9	75	74	10	9	38	84	39	38	85	84	107	2	108	4	47	46	73	10	74	73	11	10	37	85	38	37	86	85	106	2	107	4	48	47	72	11	73	72	12	11	36	86	37	36	87	86	105	2	106	4	49	48	71	12	72	71	13	12	35	87	36	35	88	87	104	2	105	4	50	49	70	13	71	70	14	13	34	88	35	34	89	88	103	2	104	4	51	50	69	14	70	69	15	14	33	89	34	33	90	89	102	2	103	33	91	90	101	2	102	4	52	51	68	15	69	68	16	15	32	91	33	32	92	91	100	2	101	4	53	52	67	16	68	67	17	16	31	92	32	31	93	92	99	2	100	31	94	93	98	2	99	31	95	94	97	2	98	4	54	53	66	17	67	66	18	17	30	95	31	30	96	95	96	2	97	30	2	96	4	55	54	65	18	66	65	19	18	29	2	30	4	56	55	64	19	65	64	20	19	28	2	29	4	57	56	63	20	64	63	21	20	27	2	28	4	58	57	62	21	63	62	22	21	26	2	27	4	59	58	61	22	62	61	23	22	25	2	26	4	60	59	60	23	61	60	24	23	24	2	25	4	24	60	4	2	24
5	114	4	115	114	5
1	115	0	1	189	115	189	153	115	153	114	115	1	190	189	188	153	189	1	191	190	223	153	188	1	192	191	222	153	223	1	193	192	221	153	222	1	194	193	220	117	221	117	153	221	220	118	117	116	153	117	116	154	153	152	114	153	220	119	118	151	154	116	151	155	154	187	114	152	1	195	194	219	119	220	219	120	119	150	155	151	150	156	155	186	114	187	219	121	120	149	156	150	149	157	156	185	114	186	1	196	195	218	121	219	218	122	121	148	157	149	148	158	157	184	114	185	1	197	196	217	122	218	217	123	122	147	158	148	147	159	158	183	114	184	1	198	197	216	123	217	216	124	123	146	159	147	146	160	159	182	114	183	1	199	198	215	124	216	215	125	124	145	160	146	145	161	160	181	114	182	1	200	199	214	125	215	214	126	125	144	161	145	144	162	161	180	114	181	1	201	200	213	126	214	1	202	201	212	126	213	212	127	126	143	162	144	143	163	162	179	114	180	1	203	202	211	127	212	211	128	127	142	163	143	142	164	163	178	114	179	1	204	203	210	128	211	1	205	204	209	128	210	1	206	205	208	128	209	208	129	128	141	164	142	141	165	164	177	114	178	1	207	206	207	129	208	1	129	207	1	130	129	140	165	141	140	166	165	176	114	177	1	131	130	139	166	140	139	167	166	175	114	176	1	132	131	138	167	139	138	168	167	174	114	175	1	133	132	137	168	138	137	169	168	173	114	174	1	134	133	136	169	137	136	170	169	172	114	173	1	135	134	135	170	136	135	171	170	171	114	172	1	171	135	1	114	171
0	5	3	115	5	0
2	114	1	4	114	2
117	7	116	6	7	117	153	43	152	42	43	153
116	8	151	7	8	116	152	44	187	43	44	152
151	9	150	8	9	151	187	45	186	44	45	187
150	10	149	9	10	150
149	11	148	10	11	149	185	47	184	46	47	185
148	12	147	11	12	148
147	13	146	12	13	147	183	49	182	48	49	183
146	14	145	13	14	146	182	50	181	49	50	182
145	15	144	14	15	145	181	51	180	50	51	181
144	16	143	15	16	144	180	52	179	51	52	180
143	17	142	16	17	143	179	53	178	52	53	179
142	18	141	17	18	142	178	54	177	53	54	178
141	19	140	18	19	141
140	20	139	19	20	140	176	56	175	55	56	176
139	21	138	20	21	139
138	22	137	21	22	138	174	58	173	57	58	174
137	23	136	22	23	137	173	59	172	58	59	173
136	24	135	23	24	136	172	60	171	59	60	172
135	25	134	24	25	135	171	61	170	60	61	171
134	26	133	25	26	134	170	62	169	61	62	170
133	27	132	26	27	133	169	63	168	62	63	169
132	28	131	27	28	132	168	64	167	63	64	168
131	29	130	28	29	131	167	65	166	64	65	167
130	30	129	29	30	130	166	66	165	65	66	166
129	31	128	30	31	129	165	67	164	66	67	165
128	32	127	31	32	128	164	68	163	67	68	164
127	33	126	32	33	127	163	69	162	68	69	163
126	34	125	33	34	126	162	70	161	69	70	162
125	35	124	34	35	125	161	71	160	70	71	161
124	36	123	35	36	124	160	72	159	71	72	160
123	37	122	36	37	123	159	73	158	72	73	159
122	38	121	37	38	122	158	74	157	73	74	158
121	39	120	38	39	121	157	75	156	74	75	157
120	40	119	39	40	120	156	76	155	75	76	156
119	41	118	40	41	119	155	77	154	76	77	155
118	6	117	41	6	118	154	42	153	77	42	154	190	78	189	113	78	190
186	46	185	45	46	186
184	48	183	47	48	184
177	55	176	54	55	177
175	57	174	56	57	175
189	79	188	78	79	189
188	80	223	79	80	188
223	81	222	80	81	223
222	82	221	81	82	222
221	83	220	82	83	221
220	84	219	83	84	220
219	85	218	84	85	219
218	86	217	85	86	218
217	87	216	86	87	217
216	88	215	87	88	216
215	89	214	88	89	215
214	90	213	89	90	214
213	91	212	90	91	213
212	92	211	91	92	212
211	93	210	92	93	211
210	94	209	93	94	210
209	95	208	94	95	209
208	96	207	95	96	208
207	97	206	96	97	207
206	98	205	97	98	206
205	99	204	98	99	205
204	100	203	99	100	204
203	101	202	100	101	203
202	102	201	101	102	202
201	103	200	102	103	201
200	104	199	103	104	200
199	105	198	104	105	199
198	106	197	105	106	198
197	107	196	106	107	197
196	108	195	107	108	196
195	109	194	108	109	195
194	110	193	109	110	194
193	111	192	110	111	193
192	112	191	111	112	192
191	113	190	112	113	191

#	Normal	81
-1	0	0
0	-1	0
1	0	0
0	1	-0
0	0	1
0	0	-1
-0.087167	0	-0.996194
-0.258819	0	-0.965926
-0.422574	0	-0.906328
-0.57406	0	-0.818814
-0.707062	0	-0.707151
-0.81858	0	-0.574392
-0.906328	0	-0.422574
-0.965892	0	-0.258946
-0.996226	0	-0.0867985
-0.996226	0	0.0867985
-0.965892	0	0.258946
-0.906328	0	0.422574
-0.81858	0	0.574392
-0.707062	0	0.707151
-0.57406	0	0.818814
-0.422574	0	0.906328
-0.258819	0	0.965926
-0.087167	0	0.996194
0.087167	-0	0.996194
0.258819	-0	0.965926
0.422574	-0	0.906328
0.573391	-0	0.819282
0.707062	-0	0.707151
0.819249	-0	0.573438
0.906328	-0	0.422574
0.965892	-0	0.258946
0.996226	-0	0.0867985
0.996226	0	-0.0867985
0.965892	0	-0.258946
0.906328	0	-0.422574
0.819249	0	-0.573438
0.707062	0	-0.707151
0.573391	0	-0.819282
0.422574	0	-0.906328
0.258819	0	-0.965926
0.087167	0	-0.996194
-0.573391	0	-0.819282
-0.819249	0	-0.573438
-0.819249	0	0.573438
-0.573391	0	0.819282
-0.0870114	0	-0.996207
-0.258736	0	-0.965948
-0.423008	0	-0.906126
-0.573507	0	-0.8192
-0.706603	0	-0.70761
-0.819111	0	-0.573635
-0.906801	0	-0.421559
-0.965645	0	-0.259865
-0.99629	0	-0.086059
-0.996289	0	0.0860686
-0.965645	0	0.259865
-0.906821	0	0.421516
-0.819074	0	0.573688
-0.706603	0	0.70761
-0.573507	0	0.8192
-0.423008	0	0.906126
-0.258736	0	0.965948
-0.0871225	0	0.996198
0.0872783	-0	0.996184
0.258736	-0	0.965948
0.422321	-0	0.906446
0.573507	-0	0.8192
0.707499	-0	0.706714
0.819074	-0	0.573688
0.906134	-0	0.42299
0.966093	-0	0.258193
0.996134	-0	0.087848
0.996135	0	-0.0878382
0.966093	0	-0.258193
0.906114	0	-0.423033
0.819111	0	-0.573635
0.707499	0	-0.706714
0.573507	0	-0.8192
0.422321	0	-0.906446
0.258736	0	-0.965948

#	Mesh	0	End

