#	Mesh	0	Begin

#	Vertex	256
-118182	59714.5	300
-118182	59714.5	4350
-118382	59714.5	4350
-118382	59714.5	300
-118382	51614.5	4350
-118382	55776.5	4350
-118382	55776.5	3930
-118382	55276.5	3930
-118382	55276.5	4350
-118382	51614.5	300
-118382	51814.5	2100
-118382	53014.5	2100
-118382	56914.5	2100
-118382	58114.5	2100
-118382	57769.5	4350
-118382	57769.5	3850
-118382	57039.5	3850
-118382	57039.5	4350
-118382	56584.7	4168.5
-118382	56579.2	4168.98
-118382	56573.9	4170.4
-118382	56568.9	4172.72
-118382	56564.4	4175.87
-118382	56560.5	4179.75
-118382	56557.4	4184.25
-118382	56555.1	4189.23
-118382	56553.6	4194.53
-118382	56553.2	4200
-118382	56553.6	4205.47
-118382	56555.1	4210.77
-118382	56557.4	4215.75
-118382	56560.5	4220.25
-118382	56564.4	4224.13
-118382	56568.9	4227.28
-118382	56573.9	4229.6
-118382	56579.2	4231.02
-118382	56584.7	4231.5
-118382	56590.1	4231.02
-118382	56595.4	4229.6
-118382	56600.4	4227.28
-118382	56604.9	4224.13
-118382	56608.8	4220.25
-118382	56611.9	4215.75
-118382	56614.3	4210.77
-118382	56615.7	4205.47
-118382	56616.2	4200
-118382	56615.7	4194.53
-118382	56614.3	4189.23
-118382	56611.9	4184.25
-118382	56608.8	4179.75
-118382	56604.9	4175.87
-118382	56600.4	4172.72
-118382	56595.4	4170.4
-118382	56590.1	4168.98
-118382	56437.8	4168.5
-118382	56432.4	4168.98
-118382	56427.1	4170.4
-118382	56422.1	4172.72
-118382	56417.6	4175.87
-118382	56413.7	4179.75
-118382	56410.5	4184.25
-118382	56408.2	4189.23
-118382	56406.8	4194.53
-118382	56406.3	4200
-118382	56406.8	4205.47
-118382	56408.2	4210.77
-118382	56410.5	4215.75
-118382	56413.7	4220.25
-118382	56417.6	4224.13
-118382	56422.1	4227.28
-118382	56427.1	4229.6
-118382	56432.4	4231.02
-118382	56437.8	4231.5
-118382	56443.3	4231.02
-118382	56448.6	4229.6
-118382	56453.6	4227.28
-118382	56458.1	4224.13
-118382	56462	4220.25
-118382	56465.1	4215.75
-118382	56467.4	4210.77
-118382	56468.8	4205.47
-118382	56469.3	4200
-118382	56468.8	4194.53
-118382	56467.4	4189.23
-118382	56465.1	4184.25
-118382	56462	4179.75
-118382	56458.1	4175.87
-118382	56453.6	4172.72
-118382	56448.6	4170.4
-118382	56443.3	4168.98
-118382	56703.6	4182.8
-118382	56699.3	4183.18
-118382	56695.1	4184.31
-118382	56691.1	4186.15
-118382	56687.6	4188.65
-118382	56684.5	4191.73
-118382	56682	4195.3
-118382	56680.1	4199.25
-118382	56679	4203.46
-118382	56678.6	4207.8
-118382	56679	4212.14
-118382	56680.1	4216.35
-118382	56682	4220.3
-118382	56684.5	4223.87
-118382	56687.6	4226.95
-118382	56691.1	4229.45
-118382	56695.1	4231.29
-118382	56699.3	4232.42
-118382	56703.6	4232.8
-118382	56708	4232.42
-118382	56712.2	4231.29
-118382	56716.1	4229.45
-118382	56719.7	4226.95
-118382	56722.8	4223.87
-118382	56725.3	4220.3
-118382	56727.1	4216.35
-118382	56728.2	4212.14
-118382	56728.6	4207.8
-118382	56728.2	4203.46
-118382	56727.1	4199.25
-118382	56725.3	4195.3
-118382	56722.8	4191.73
-118382	56719.7	4188.65
-118382	56716.1	4186.15
-118382	56712.2	4184.31
-118382	56708	4183.18
-118182	51614.5	4350
-118182	51614.5	300
-118182	55276.5	4350
-118182	55276.5	3930
-118182	55776.5	3930
-118182	55776.5	4350
-118182	57039.5	4350
-118182	57039.5	3850
-118182	57769.5	3850
-118182	57769.5	4350
-118182	58114.5	2100
-118182	56914.5	2100
-118182	53014.5	2100
-118182	51814.5	2100
-118182	56579.2	4168.98
-118182	56584.7	4168.5
-118182	56590.1	4168.98
-118182	56595.4	4170.4
-118182	56600.4	4172.72
-118182	56604.9	4175.87
-118182	56608.8	4179.75
-118182	56611.9	4184.25
-118182	56614.3	4189.23
-118182	56615.7	4194.53
-118182	56616.2	4200
-118182	56615.7	4205.47
-118182	56614.3	4210.77
-118182	56611.9	4215.75
-118182	56608.8	4220.25
-118182	56604.9	4224.13
-118182	56600.4	4227.28
-118182	56595.4	4229.6
-118182	56590.1	4231.02
-118182	56584.7	4231.5
-118182	56579.2	4231.02
-118182	56573.9	4229.6
-118182	56568.9	4227.28
-118182	56564.4	4224.13
-118182	56560.5	4220.25
-118182	56557.4	4215.75
-118182	56555.1	4210.77
-118182	56553.6	4205.47
-118182	56553.2	4200
-118182	56553.6	4194.53
-118182	56555.1	4189.23
-118182	56557.4	4184.25
-118182	56560.5	4179.75
-118182	56564.4	4175.87
-118182	56568.9	4172.72
-118182	56573.9	4170.4
-118182	56432.4	4168.98
-118182	56437.8	4168.5
-118182	56443.3	4168.98
-118182	56448.6	4170.4
-118182	56453.6	4172.72
-118182	56458.1	4175.87
-118182	56462	4179.75
-118182	56465.1	4184.25
-118182	56467.4	4189.23
-118182	56468.8	4194.53
-118182	56469.3	4200
-118182	56468.8	4205.47
-118182	56467.4	4210.77
-118182	56465.1	4215.75
-118182	56462	4220.25
-118182	56458.1	4224.13
-118182	56453.6	4227.28
-118182	56448.6	4229.6
-118182	56443.3	4231.02
-118182	56437.8	4231.5
-118182	56432.4	4231.02
-118182	56427.1	4229.6
-118182	56422.1	4227.28
-118182	56417.6	4224.13
-118182	56413.7	4220.25
-118182	56410.5	4215.75
-118182	56408.2	4210.77
-118182	56406.8	4205.47
-118182	56406.3	4200
-118182	56406.8	4194.53
-118182	56408.2	4189.23
-118182	56410.5	4184.25
-118182	56413.7	4179.75
-118182	56417.6	4175.87
-118182	56422.1	4172.72
-118182	56427.1	4170.4
-118182	56699.3	4183.18
-118182	56703.6	4182.8
-118182	56708	4183.18
-118182	56712.2	4184.31
-118182	56716.1	4186.15
-118182	56719.7	4188.65
-118182	56722.8	4191.73
-118182	56725.3	4195.3
-118182	56727.1	4199.25
-118182	56728.2	4203.46
-118182	56728.6	4207.8
-118182	56728.2	4212.14
-118182	56727.1	4216.35
-118182	56725.3	4220.3
-118182	56722.8	4223.87
-118182	56719.7	4226.95
-118182	56716.1	4229.45
-118182	56712.2	4231.29
-118182	56708	4232.42
-118182	56703.6	4232.8
-118182	56699.3	4232.42
-118182	56695.1	4231.29
-118182	56691.1	4229.45
-118182	56687.6	4226.95
-118182	56684.5	4223.87
-118182	56682	4220.3
-118182	56680.1	4216.35
-118182	56679	4212.14
-118182	56678.6	4207.8
-118182	56679	4203.46
-118182	56680.1	4199.25
-118182	56682	4195.3
-118182	56684.5	4191.73
-118182	56687.6	4188.65
-118182	56691.1	4186.15
-118182	56695.1	4184.31
-118182	56914.5	300
-118382	56914.5	300
-118382	58114.5	300
-118182	58114.5	300
-118182	51814.5	300
-118382	51814.5	300
-118382	53014.5	300
-118182	53014.5	300

#	Triangle	94
0	2	1	3	2	0	129	8	128	7	8	129	133	17	132	16	17	133	12	248	249	137	248	12	10	252	253	139	252	10
4	253	9	4	10	253	11	249	254	11	12	249	13	3	250	13	2	3	4	11	10	4	12	11	4	13	12	4	7	13	7	16	13	16	15	13	15	2	13	7	6	16	6	18	16	18	53	16	53	52	16	52	90	16	90	125	16	125	124	16	124	123	16	123	17	16	14	2	15	4	8	7	5	56	6	56	55	6	55	54	6	54	18	6	89	18	54	89	19	18	88	19	89	88	20	19	5	57	56	87	20	88	87	21	20	51	90	52	5	58	57	86	21	87	86	22	21	50	90	51	5	59	58	85	22	86	85	23	22	49	90	50	5	60	59	84	23	85	84	24	23	48	90	49	48	91	90	48	92	91	5	61	60	83	24	84	83	25	24	47	92	48	47	93	92	47	94	93	122	17	123	47	95	94	121	17	122	5	62	61	82	25	83	82	26	25	46	95	47	46	96	95	120	17	121	5	63	62	81	26	82	81	27	26	45	96	46	45	97	96	119	17	120	45	98	97	118	17	119	5	64	63	80	27	81	80	28	27	44	98	45	44	99	98	117	17	118	5	65	64	79	28	80	79	29	28	43	99	44	43	100	99	116	17	117	5	66	65	78	29	79	78	30	29	42	100	43	42	101	100	115	17	116	5	67	66	77	30	78	77	31	30	41	101	42	41	102	101	114	17	115	5	68	67	76	31	77	76	32	31	40	102	41	40	103	102	113	17	114	40	104	103	112	17	113	5	69	68	75	32	76	75	33	32	39	104	40	39	105	104	111	17	112	5	70	69	74	33	75	74	34	33	38	105	39	38	106	105	110	17	111	5	71	70	73	34	74	73	35	34	37	106	38	5	72	71	72	35	73	72	36	35	36	106	37	36	107	106	109	17	110	5	36	72	5	107	36	5	108	107	108	17	109	5	17	108
9	126	4	127	126	9	131	6	130	5	6	131	135	15	134	14	15	135	136	250	251	13	250	136	138	254	255	11	254	138
1	251	0	1	136	251	137	255	248	137	138	255	139	127	252	139	126	127	1	137	136	1	138	137	1	139	138	1	134	139	134	133	139	133	130	139	130	129	139	129	126	139	1	135	134	132	216	133	216	215	133	215	214	133	214	213	133	213	143	133	143	142	133	142	141	133	141	130	133	141	177	130	177	176	130	176	211	130	211	131	130	128	126	129	140	177	141	140	178	177	175	178	140	175	179	178	213	144	143	174	179	175	174	180	179	210	131	211	213	145	144	173	180	174	173	181	180	209	131	210	213	146	145	172	181	173	172	182	181	208	131	209	213	147	146	171	182	172	171	183	182	207	131	208	212	147	213	247	147	212	247	148	147	170	183	171	170	184	183	206	131	207	246	148	247	132	217	216	245	148	246	132	218	217	244	148	245	244	149	148	169	184	170	169	185	184	205	131	206	132	219	218	243	149	244	243	150	149	168	185	169	168	186	185	204	131	205	132	220	219	242	150	243	132	221	220	241	150	242	241	151	150	167	186	168	167	187	186	203	131	204	132	222	221	240	151	241	240	152	151	166	187	167	166	188	187	202	131	203	132	223	222	239	152	240	239	153	152	165	188	166	165	189	188	201	131	202	132	224	223	238	153	239	238	154	153	164	189	165	164	190	189	200	131	201	132	225	224	237	154	238	237	155	154	163	190	164	163	191	190	199	131	200	132	226	225	236	155	237	132	227	226	235	155	236	235	156	155	162	191	163	162	192	191	198	131	199	132	228	227	234	156	235	234	157	156	161	192	162	161	193	192	197	131	198	132	229	228	233	157	234	233	158	157	160	193	161	160	194	193	196	131	197	233	159	158	159	194	160	159	195	194	195	131	196	132	230	229	232	159	233	232	195	159	232	131	195	132	231	230	231	131	232	132	131	231
248	254	249	255	254	248	250	0	251	3	0	250	252	9	253	127	9	252	137	13	136	12	13	137	139	11	138	10	11	139
8	126	128	4	126	8	131	17	5	132	17	131	135	2	14	1	2	135	130	7	129	6	7	130	134	16	133	15	16	134
141	19	140	18	19	141
140	20	175	19	20	140
175	21	174	20	21	175	211	57	210	56	57	211
174	22	173	21	22	174
173	23	172	22	23	173	209	59	208	58	59	209
172	24	171	23	24	172
171	25	170	24	25	171	207	61	206	60	61	207
170	26	169	25	26	170
169	27	168	26	27	169
168	28	167	27	28	168
167	29	166	28	29	167
166	30	165	29	30	166	202	66	201	65	66	202
165	31	164	30	31	165
164	32	163	31	32	164	200	68	199	67	68	200
163	33	162	32	33	163
162	34	161	33	34	162	198	70	197	69	70	198
161	35	160	34	35	161
160	36	159	35	36	160
159	37	158	36	37	159	195	73	194	72	73	195
158	38	157	37	38	158	194	74	193	73	74	194
157	39	156	38	39	157	193	75	192	74	75	193
156	40	155	39	40	156	192	76	191	75	76	192
155	41	154	40	41	155	191	77	190	76	77	191
154	42	153	41	42	154
153	43	152	42	43	153	189	79	188	78	79	189
152	44	151	43	44	152
151	45	150	44	45	151	187	81	186	80	81	187
150	46	149	45	46	150	186	82	185	81	82	186
149	47	148	46	47	149
148	48	147	47	48	148	184	84	183	83	84	184
147	49	146	48	49	147
146	50	145	49	50	146	182	86	181	85	86	182
145	51	144	50	51	145	181	87	180	86	87	181
144	52	143	51	52	144	180	88	179	87	88	180
143	53	142	52	53	143	179	89	178	88	89	179
142	18	141	53	18	142	178	54	177	89	54	178
177	55	176	54	55	177
176	56	211	55	56	176
210	58	209	57	58	210
208	60	207	59	60	208
206	62	205	61	62	206
205	63	204	62	63	205
204	64	203	63	64	204
203	65	202	64	65	203
201	67	200	66	67	201
199	69	198	68	69	199
197	71	196	70	71	197
196	72	195	71	72	196
190	78	189	77	78	190
188	80	187	79	80	188
185	83	184	82	83	185
183	85	182	84	85	183
213	91	212	90	91	213
212	92	247	91	92	212
247	93	246	92	93	247
246	94	245	93	94	246
245	95	244	94	95	245
244	96	243	95	96	244
243	97	242	96	97	243
242	98	241	97	98	242
241	99	240	98	99	241
240	100	239	99	100	240
239	101	238	100	101	239
238	102	237	101	102	238
237	103	236	102	103	237
236	104	235	103	104	236
235	105	234	104	105	235
234	106	233	105	106	234
233	107	232	106	107	233
232	108	231	107	108	232
231	109	230	108	109	231
230	110	229	109	110	230
229	111	228	110	111	229
228	112	227	111	112	228
227	113	226	112	113	227
226	114	225	113	114	226
225	115	224	114	115	225
224	116	223	115	116	224
223	117	222	116	117	223
222	118	221	117	118	222
221	119	220	118	119	221
220	120	219	119	120	220
219	121	218	120	121	219
218	122	217	121	122	218
217	123	216	122	123	217
216	124	215	123	124	216
215	125	214	124	125	215
214	90	213	125	90	214

#	Normal	94
-0	-1	-0
1	0	0
-0	1	0
-1	0	0
-0	0	1
-0	-0	-1
-0	-0.0871052	-0.996199
-0	-0.258997	-0.965878
-0	-0.422574	-0.906328
-0	-0.573391	-0.819282
-0	-0.707062	-0.707151
-0	-0.819249	-0.573438
-0	-0.906328	-0.422574
-0	-0.965892	-0.258946
-0	-0.996226	-0.0867985
0	-0.996226	0.0867985
0	-0.965892	0.258946
0	-0.906328	0.422574
0	-0.819249	0.573438
0	-0.707062	0.707151
0	-0.573391	0.819282
0	-0.422574	0.906328
0	-0.258997	0.965878
0	-0.0871052	0.996199
0	0.087167	0.996194
0	0.258819	0.965926
0	0.422574	0.906328
0	0.573725	0.819048
0	0.707062	0.707151
0	0.819249	0.573438
0	0.906328	0.422574
0	0.965892	0.258946
0	0.996164	0.0875045
0	0.996164	-0.0875045
0	0.965892	-0.258946
0	0.906328	-0.422574
0	0.819249	-0.573438
0	0.707062	-0.707151
0	0.573725	-0.819048
0	0.422574	-0.906328
0	0.258819	-0.965926
0	0.087167	-0.996194
-0	-0.087167	-0.996194
-0	-0.258819	-0.965926
-0	-0.573725	-0.819048
-0	-0.818914	-0.573916
-0	-0.966069	-0.258283
-0	-0.996164	-0.0875045
0	-0.996164	0.0875045
0	-0.966069	0.258283
0	-0.818914	0.573916
0	-0.573725	0.819048
0	-0.258819	0.965926
0	-0.087167	0.996194
0	0.818914	0.573916
0	0.966069	0.258283
0	0.966069	-0.258283
0	0.818914	-0.573916
-0	-0.0871225	-0.996198
-0	-0.25896	-0.965888
-0	-0.422665	-0.906286
-0	-0.573507	-0.8192
-0	-0.707051	-0.707163
-0	-0.819074	-0.573688
-0	-0.906478	-0.422253
-0	-0.96587	-0.259029
-0	-0.996212	-0.0869584
0	-0.996213	0.0869487
0	-0.96587	0.259029
0	-0.906458	0.422296
0	-0.819111	0.573635
0	-0.707051	0.707163
0	-0.573507	0.8192
0	-0.422665	0.906286
0	-0.25896	0.965888
0	-0.0870114	0.996207
0	0.0870891	0.996201
0	0.258736	0.965948
0	0.422665	0.906286
0	0.573507	0.8192
0	0.707051	0.707163
0	0.819532	0.573033
0	0.906114	0.423033
0	0.96587	0.259029
0	0.996213	0.0869487
0	0.996212	-0.0869584
0	0.96587	-0.259029
0	0.906134	-0.42299
0	0.819495	-0.573086
0	0.707051	-0.707163
0	0.573507	-0.8192
0	0.422665	-0.906286
0	0.258736	-0.965948
0	0.0872003	-0.996191

#	Mesh	0	End

