#	Mesh	0	Begin

#	Vertex	224
-114232	59564.5	300
-114232	59564.5	5230
-114232	56014.2	5230
-114232	56014.2	300
-114232	56590.1	4168.98
-114232	56584.6	4168.5
-114232	56579.2	4168.98
-114232	56573.9	4170.4
-114232	56568.9	4172.72
-114232	56564.4	4175.87
-114232	56560.5	4179.75
-114232	56557.4	4184.25
-114232	56555	4189.23
-114232	56553.6	4194.53
-114232	56553.1	4200
-114232	56553.6	4205.47
-114232	56555	4210.77
-114232	56557.4	4215.75
-114232	56560.5	4220.25
-114232	56564.4	4224.13
-114232	56568.9	4227.28
-114232	56573.9	4229.6
-114232	56579.2	4231.02
-114232	56584.6	4231.5
-114232	56590.1	4231.02
-114232	56595.4	4229.6
-114232	56600.4	4227.28
-114232	56604.9	4224.13
-114232	56608.8	4220.25
-114232	56611.9	4215.75
-114232	56614.2	4210.77
-114232	56615.7	4205.47
-114232	56616.1	4200
-114232	56615.7	4194.53
-114232	56614.2	4189.23
-114232	56611.9	4184.25
-114232	56608.8	4179.75
-114232	56604.9	4175.87
-114232	56600.4	4172.72
-114232	56595.4	4170.4
-114232	56443.3	4168.98
-114232	56437.8	4168.5
-114232	56432.3	4168.98
-114232	56427	4170.4
-114232	56422.1	4172.72
-114232	56417.6	4175.87
-114232	56413.7	4179.75
-114232	56410.5	4184.25
-114232	56408.2	4189.23
-114232	56406.8	4194.53
-114232	56406.3	4200
-114232	56406.8	4205.47
-114232	56408.2	4210.77
-114232	56410.5	4215.75
-114232	56413.7	4220.25
-114232	56417.6	4224.13
-114232	56422.1	4227.28
-114232	56427	4229.6
-114232	56432.3	4231.02
-114232	56437.8	4231.5
-114232	56443.3	4231.02
-114232	56448.6	4229.6
-114232	56453.6	4227.28
-114232	56458.1	4224.13
-114232	56461.9	4220.25
-114232	56465.1	4215.75
-114232	56467.4	4210.77
-114232	56468.8	4205.47
-114232	56469.3	4200
-114232	56468.8	4194.53
-114232	56467.4	4189.23
-114232	56465.1	4184.25
-114232	56461.9	4179.75
-114232	56458.1	4175.87
-114232	56453.6	4172.72
-114232	56448.6	4170.4
-114232	56708	4183.18
-114232	56703.6	4182.8
-114232	56699.3	4183.18
-114232	56695.1	4184.31
-114232	56691.1	4186.15
-114232	56687.6	4188.65
-114232	56684.5	4191.73
-114232	56682	4195.3
-114232	56680.1	4199.25
-114232	56679	4203.46
-114232	56678.6	4207.8
-114232	56679	4212.14
-114232	56680.1	4216.35
-114232	56682	4220.3
-114232	56684.5	4223.87
-114232	56687.6	4226.95
-114232	56691.1	4229.45
-114232	56695.1	4231.29
-114232	56699.3	4232.42
-114232	56703.6	4232.8
-114232	56708	4232.42
-114232	56712.2	4231.29
-114232	56716.1	4229.45
-114232	56719.7	4226.95
-114232	56722.8	4223.87
-114232	56725.3	4220.3
-114232	56727.1	4216.35
-114232	56728.2	4212.14
-114232	56728.6	4207.8
-114232	56728.2	4203.46
-114232	56727.1	4199.25
-114232	56725.3	4195.3
-114232	56722.8	4191.73
-114232	56719.7	4188.65
-114232	56716.1	4186.15
-114232	56712.2	4184.31
-114032	56014.5	5230
-114032	56014.5	300
-114032	59564.5	5230
-114032	59564.5	300
-114032	56584.6	4168.5
-114032	56590.1	4168.98
-114032	56595.4	4170.4
-114032	56600.4	4172.72
-114032	56604.9	4175.87
-114032	56608.8	4179.75
-114032	56611.9	4184.25
-114032	56614.2	4189.23
-114032	56615.7	4194.53
-114032	56616.1	4200
-114032	56615.7	4205.47
-114032	56614.2	4210.77
-114032	56611.9	4215.75
-114032	56608.8	4220.25
-114032	56604.9	4224.13
-114032	56600.4	4227.28
-114032	56595.4	4229.6
-114032	56590.1	4231.02
-114032	56584.6	4231.5
-114032	56579.2	4231.02
-114032	56573.9	4229.6
-114032	56568.9	4227.28
-114032	56564.4	4224.13
-114032	56560.5	4220.25
-114032	56557.4	4215.75
-114032	56555	4210.77
-114032	56553.6	4205.47
-114032	56553.1	4200
-114032	56553.6	4194.53
-114032	56555	4189.23
-114032	56557.4	4184.25
-114032	56560.5	4179.75
-114032	56564.4	4175.87
-114032	56568.9	4172.72
-114032	56573.9	4170.4
-114032	56579.2	4168.98
-114032	56437.8	4168.5
-114032	56443.3	4168.98
-114032	56448.6	4170.4
-114032	56453.6	4172.72
-114032	56458.1	4175.87
-114032	56461.9	4179.75
-114032	56465.1	4184.25
-114032	56467.4	4189.23
-114032	56468.8	4194.53
-114032	56469.3	4200
-114032	56468.8	4205.47
-114032	56467.4	4210.77
-114032	56465.1	4215.75
-114032	56461.9	4220.25
-114032	56458.1	4224.13
-114032	56453.6	4227.28
-114032	56448.6	4229.6
-114032	56443.3	4231.02
-114032	56437.8	4231.5
-114032	56432.3	4231.02
-114032	56427	4229.6
-114032	56422.1	4227.28
-114032	56417.6	4224.13
-114032	56413.7	4220.25
-114032	56410.5	4215.75
-114032	56408.2	4210.77
-114032	56406.8	4205.47
-114032	56406.3	4200
-114032	56406.8	4194.53
-114032	56408.2	4189.23
-114032	56410.5	4184.25
-114032	56413.7	4179.75
-114032	56417.6	4175.87
-114032	56422.1	4172.72
-114032	56427	4170.4
-114032	56432.3	4168.98
-114032	56703.6	4182.8
-114032	56708	4183.18
-114032	56712.2	4184.31
-114032	56716.1	4186.15
-114032	56719.7	4188.65
-114032	56722.8	4191.73
-114032	56725.3	4195.3
-114032	56727.1	4199.25
-114032	56728.2	4203.46
-114032	56728.6	4207.8
-114032	56728.2	4212.14
-114032	56727.1	4216.35
-114032	56725.3	4220.3
-114032	56722.8	4223.87
-114032	56719.7	4226.95
-114032	56716.1	4229.45
-114032	56712.2	4231.29
-114032	56708	4232.42
-114032	56703.6	4232.8
-114032	56699.3	4232.42
-114032	56695.1	4231.29
-114032	56691.1	4229.45
-114032	56687.6	4226.95
-114032	56684.5	4223.87
-114032	56682	4220.3
-114032	56680.1	4216.35
-114032	56679	4212.14
-114032	56678.6	4207.8
-114032	56679	4203.46
-114032	56680.1	4199.25
-114032	56682	4195.3
-114032	56684.5	4191.73
-114032	56687.6	4188.65
-114032	56691.1	4186.15
-114032	56695.1	4184.31
-114032	56699.3	4183.18

#	Triangle	94
2	48	3	48	47	3	47	46	3	46	45	3	45	44	3	44	43	3	43	42	3	42	41	3	41	0	3	41	5	0	5	4	0	4	39	0	39	77	0	77	76	0	76	111	0	111	1	0	40	5	41	40	6	5	75	6	40	75	7	6	74	7	75	74	8	7	38	77	39	73	8	74	73	9	8	37	77	38	72	9	73	72	10	9	36	77	37	71	10	72	71	11	10	35	77	36	35	78	77	35	79	78	70	11	71	70	12	11	34	79	35	34	80	79	110	1	111	34	81	80	109	1	110	34	82	81	108	1	109	2	49	48	69	12	70	69	13	12	33	82	34	33	83	82	107	1	108	2	50	49	68	13	69	68	14	13	32	83	33	32	84	83	106	1	107	32	85	84	105	1	106	2	51	50	67	14	68	67	15	14	31	85	32	31	86	85	104	1	105	2	52	51	66	15	67	66	16	15	30	86	31	30	87	86	103	1	104	2	53	52	65	16	66	65	17	16	29	87	30	29	88	87	102	1	103	2	54	53	64	17	65	64	18	17	28	88	29	28	89	88	101	1	102	2	55	54	63	18	64	63	19	18	27	89	28	27	90	89	100	1	101	27	91	90	99	1	100	2	56	55	62	19	63	62	20	19	26	91	27	26	92	91	98	1	99	2	57	56	61	20	62	61	21	20	25	92	26	25	93	92	97	1	98	2	58	57	60	21	61	60	22	21	24	93	25	2	59	58	59	22	60	59	23	22	23	93	24	23	94	93	96	1	97	2	23	59	2	94	23	2	95	94	95	1	96	2	1	95
3	112	2	113	112	3
114	113	115	114	190	113	190	189	113	189	188	113	188	118	113	118	117	113	117	116	113	116	152	113	152	187	113	187	186	113	186	185	113	185	184	113	184	183	113	183	182	113	182	181	113	181	112	113	151	152	116	151	153	152	150	153	151	150	154	153	188	119	118	149	154	150	149	155	154	188	120	119	148	155	149	148	156	155	188	121	120	147	156	148	147	157	156	188	122	121	146	157	147	146	158	157	223	122	188	222	122	223	222	123	122	145	158	146	145	159	158	114	191	190	221	123	222	114	192	191	220	123	221	114	193	192	219	123	220	219	124	123	144	159	145	144	160	159	180	112	181	114	194	193	218	124	219	218	125	124	143	160	144	143	161	160	179	112	180	114	195	194	217	125	218	114	196	195	216	125	217	216	126	125	142	161	143	142	162	161	178	112	179	114	197	196	215	126	216	215	127	126	141	162	142	141	163	162	177	112	178	114	198	197	214	127	215	214	128	127	140	163	141	140	164	163	176	112	177	114	199	198	213	128	214	213	129	128	139	164	140	139	165	164	175	112	176	114	200	199	212	129	213	212	130	129	138	165	139	138	166	165	174	112	175	114	201	200	211	130	212	114	202	201	210	130	211	210	131	130	137	166	138	137	167	166	173	112	174	114	203	202	209	131	210	209	132	131	136	167	137	136	168	167	172	112	173	114	204	203	208	132	209	208	133	132	135	168	136	135	169	168	171	112	172	208	134	133	134	169	135	134	170	169	170	112	171	114	205	204	207	134	208	207	170	134	207	112	170	114	206	205	206	112	207	114	112	206
115	1	114	0	1	115
0	113	3	115	113	0
2	114	1	112	114	2
5	117	4	116	117	5
4	118	39	117	118	4	40	154	75	153	154	40
39	119	38	118	119	39
38	120	37	119	120	38
37	121	36	120	121	37	73	157	72	156	157	73
36	122	35	121	122	36
35	123	34	122	123	35	71	159	70	158	159	71
34	124	33	123	124	34
33	125	32	124	125	33
32	126	31	125	126	32
31	127	30	126	127	31
30	128	29	127	128	30	66	164	65	163	164	66
29	129	28	128	129	29
28	130	27	129	130	28	64	166	63	165	166	64
27	131	26	130	131	27
26	132	25	131	132	26
25	133	24	132	133	25	61	169	60	168	169	61
24	134	23	133	134	24
23	135	22	134	135	23	59	171	58	170	171	59
22	136	21	135	136	22	58	172	57	171	172	58
21	137	20	136	137	21	57	173	56	172	173	57
20	138	19	137	138	20	56	174	55	173	174	56
19	139	18	138	139	19	55	175	54	174	175	55
18	140	17	139	140	18
17	141	16	140	141	17	53	177	52	176	177	53
16	142	15	141	142	16
15	143	14	142	143	15	51	179	50	178	179	51
14	144	13	143	144	14	50	180	49	179	180	50
13	145	12	144	145	13
12	146	11	145	146	12	48	182	47	181	182	48
11	147	10	146	147	11
10	148	9	147	148	10	46	184	45	183	184	46
9	149	8	148	149	9	45	185	44	184	185	45
8	150	7	149	150	8	44	186	43	185	186	44
7	151	6	150	151	7	43	187	42	186	187	43
6	116	5	151	116	6	42	152	41	187	152	42
41	153	40	152	153	41
75	155	74	154	155	75
74	156	73	155	156	74
72	158	71	157	158	72
70	160	69	159	160	70
69	161	68	160	161	69
68	162	67	161	162	68
67	163	66	162	163	67
65	165	64	164	165	65
63	167	62	166	167	63
62	168	61	167	168	62
60	170	59	169	170	60
54	176	53	175	176	54
52	178	51	177	178	52
49	181	48	180	181	49
47	183	46	182	183	47
77	189	76	188	189	77
76	190	111	189	190	76
111	191	110	190	191	111
110	192	109	191	192	110
109	193	108	192	193	109
108	194	107	193	194	108
107	195	106	194	195	107
106	196	105	195	196	106
105	197	104	196	197	105
104	198	103	197	198	104
103	199	102	198	199	103
102	200	101	199	200	102
101	201	100	200	201	101
100	202	99	201	202	100
99	203	98	202	203	99
98	204	97	203	204	98
97	205	96	204	205	97
96	206	95	205	206	96
95	207	94	206	207	95
94	208	93	207	208	94
93	209	92	208	209	93
92	210	91	209	210	92
91	211	90	210	211	91
90	212	89	211	212	90
89	213	88	212	213	89
88	214	87	213	214	88
87	215	86	214	215	87
86	216	85	215	216	86
85	217	84	216	217	85
84	218	83	217	218	84
83	219	82	218	219	83
82	220	81	219	220	82
81	221	80	220	221	81
80	222	79	221	222	80
79	223	78	222	223	79
78	188	77	223	188	78

#	Normal	94
1	0	0
-0.00140625	0.999999	0
-1	0	0
-0	-1	-0
0	0	1
0	0	-1
0	0.087167	-0.996194
0	0.258819	-0.965926
0	0.422574	-0.906328
0	0.573725	-0.819048
0	0.707062	-0.707151
0	0.818914	-0.573916
0	0.906328	-0.422574
0	0.966069	-0.258283
0	0.996164	-0.0875045
-0	0.996164	0.0875045
-0	0.966069	0.258283
-0	0.906328	0.422574
-0	0.818914	0.573916
-0	0.707062	0.707151
-0	0.573725	0.819048
-0	0.422574	0.906328
-0	0.258819	0.965926
-0	0.087167	0.996194
0	-0.087167	0.996194
0	-0.258819	0.965926
0	-0.422574	0.906328
0	-0.573725	0.819048
0	-0.707062	0.707151
0	-0.818914	0.573916
0	-0.906328	0.422574
0	-0.966069	0.258283
0	-0.996164	0.0875045
0	-0.996164	-0.0875045
0	-0.966069	-0.258283
0	-0.906328	-0.422574
0	-0.818914	-0.573916
0	-0.707062	-0.707151
0	-0.573725	-0.819048
0	-0.422574	-0.906328
0	-0.258819	-0.965926
0	-0.087167	-0.996194
0	0.0871052	-0.996199
0	0.422846	-0.906201
0	0.573391	-0.819282
0	0.819249	-0.573438
0	0.965892	-0.258946
0	0.996226	-0.0867985
-0	0.996226	0.0867985
-0	0.965892	0.258946
-0	0.819249	0.573438
-0	0.573391	0.819282
-0	0.422846	0.906201
-0	0.0871052	0.996199
0	-0.819249	0.573438
0	-0.965892	0.258946
0	-0.965892	-0.258946
0	-0.819249	-0.573438
0	0.0872003	-0.996191
0	0.258736	-0.965948
0	0.422665	-0.906286
0	0.573507	-0.8192
0	0.707051	-0.707163
0	0.819495	-0.573086
0	0.906134	-0.42299
0	0.96587	-0.259029
0	0.996212	-0.0869584
-0	0.996213	0.0869487
-0	0.96587	0.259029
-0	0.906114	0.423033
-0	0.819532	0.573033
-0	0.707051	0.707163
-0	0.573507	0.8192
-0	0.422665	0.906286
-0	0.258736	0.965948
-0	0.0870891	0.996201
0	-0.0870114	0.996207
0	-0.25896	0.965888
0	-0.422665	0.906286
0	-0.573507	0.8192
0	-0.707051	0.707163
0	-0.819111	0.573635
0	-0.906458	0.422296
0	-0.96587	0.259029
0	-0.996213	0.0869487
0	-0.996212	-0.0869584
0	-0.96587	-0.259029
0	-0.906478	-0.422253
0	-0.819074	-0.573688
0	-0.707051	-0.707163
0	-0.573507	-0.8192
0	-0.422665	-0.906286
0	-0.25896	-0.965888
0	-0.0871225	-0.996198

#	Mesh	0	End

