#	Mesh	0	Begin

#	Vertex	244
-108432	59714.5	-50
-108432	59714.5	5230
-108432	59914.5	5230
-108432	59914.5	-50
-114032	59914.5	5230
-114032	59914.5	-50
-110057	59914.5	2100
-110057	59914.5	0
-111857	59914.5	0
-113657	59914.5	0
-113657	59914.5	2100
-111857	59914.5	2100
-112162	59914.5	3850
-112462	59914.5	3850
-112462	59914.5	4050
-112162	59914.5	4050
-111632	59914.5	4194.54
-111636	59914.5	4194.92
-111640	59914.5	4196.05
-111644	59914.5	4197.89
-111648	59914.5	4200.39
-111651	59914.5	4203.47
-111653	59914.5	4207.04
-111655	59914.5	4210.99
-111656	59914.5	4215.2
-111657	59914.5	4219.54
-111656	59914.5	4223.89
-111655	59914.5	4228.09
-111653	59914.5	4232.04
-111651	59914.5	4235.61
-111648	59914.5	4238.7
-111644	59914.5	4241.19
-111640	59914.5	4243.04
-111636	59914.5	4244.16
-111632	59914.5	4244.54
-111627	59914.5	4244.16
-111623	59914.5	4243.04
-111619	59914.5	4241.19
-111616	59914.5	4238.7
-111613	59914.5	4235.61
-111610	59914.5	4232.04
-111608	59914.5	4228.09
-111607	59914.5	4223.89
-111607	59914.5	4219.54
-111607	59914.5	4215.2
-111608	59914.5	4210.99
-111610	59914.5	4207.04
-111613	59914.5	4203.47
-111616	59914.5	4200.39
-111619	59914.5	4197.89
-111623	59914.5	4196.05
-111627	59914.5	4194.92
-111382	59914.5	4173.77
-111390	59914.5	4174.46
-111397	59914.5	4176.49
-111404	59914.5	4179.8
-111411	59914.5	4184.3
-111416	59914.5	4189.85
-111421	59914.5	4196.27
-111424	59914.5	4203.38
-111426	59914.5	4210.96
-111427	59914.5	4218.77
-111426	59914.5	4226.59
-111424	59914.5	4234.16
-111421	59914.5	4241.27
-111416	59914.5	4247.7
-111411	59914.5	4253.25
-111404	59914.5	4257.74
-111397	59914.5	4261.06
-111390	59914.5	4263.09
-111382	59914.5	4263.77
-111374	59914.5	4263.09
-111366	59914.5	4261.06
-111359	59914.5	4257.74
-111353	59914.5	4253.25
-111347	59914.5	4247.7
-111343	59914.5	4241.27
-111339	59914.5	4234.16
-111337	59914.5	4226.59
-111337	59914.5	4218.77
-111337	59914.5	4210.96
-111339	59914.5	4203.38
-111343	59914.5	4196.27
-111347	59914.5	4189.85
-111353	59914.5	4184.3
-111359	59914.5	4179.8
-111366	59914.5	4176.49
-111374	59914.5	4174.46
-111132	59914.5	4174.35
-111140	59914.5	4175.03
-111147	59914.5	4177.06
-111154	59914.5	4180.38
-111161	59914.5	4184.87
-111166	59914.5	4190.42
-111171	59914.5	4196.85
-111174	59914.5	4203.96
-111176	59914.5	4211.53
-111177	59914.5	4219.35
-111176	59914.5	4227.16
-111174	59914.5	4234.74
-111171	59914.5	4241.85
-111166	59914.5	4248.27
-111161	59914.5	4253.82
-111154	59914.5	4258.32
-111147	59914.5	4261.63
-111140	59914.5	4263.66
-111132	59914.5	4264.35
-111124	59914.5	4263.66
-111116	59914.5	4261.63
-111109	59914.5	4258.32
-111103	59914.5	4253.82
-111097	59914.5	4248.27
-111093	59914.5	4241.85
-111089	59914.5	4234.74
-111087	59914.5	4227.16
-111087	59914.5	4219.35
-111087	59914.5	4211.53
-111089	59914.5	4203.96
-111093	59914.5	4196.85
-111097	59914.5	4190.42
-111103	59914.5	4184.87
-111109	59914.5	4180.38
-111116	59914.5	4177.06
-111124	59914.5	4175.03
-114032	59714.5	5230
-114032	59714.5	-50
-110057	59714.5	0
-110057	59714.5	2100
-111857	59714.5	2100
-113657	59714.5	2100
-113657	59714.5	0
-111857	59714.5	0
-112462	59714.5	3850
-112162	59714.5	3850
-112162	59714.5	4050
-112462	59714.5	4050
-111636	59714.5	4194.92
-111632	59714.5	4194.54
-111627	59714.5	4194.92
-111623	59714.5	4196.05
-111619	59714.5	4197.89
-111616	59714.5	4200.39
-111613	59714.5	4203.47
-111610	59714.5	4207.04
-111608	59714.5	4210.99
-111607	59714.5	4215.2
-111607	59714.5	4219.54
-111607	59714.5	4223.89
-111608	59714.5	4228.09
-111610	59714.5	4232.04
-111613	59714.5	4235.61
-111616	59714.5	4238.7
-111619	59714.5	4241.19
-111623	59714.5	4243.04
-111627	59714.5	4244.16
-111632	59714.5	4244.54
-111636	59714.5	4244.16
-111640	59714.5	4243.04
-111644	59714.5	4241.19
-111648	59714.5	4238.7
-111651	59714.5	4235.61
-111653	59714.5	4232.04
-111655	59714.5	4228.09
-111656	59714.5	4223.89
-111657	59714.5	4219.54
-111656	59714.5	4215.2
-111655	59714.5	4210.99
-111653	59714.5	4207.04
-111651	59714.5	4203.47
-111648	59714.5	4200.39
-111644	59714.5	4197.89
-111640	59714.5	4196.05
-111390	59714.5	4174.46
-111382	59714.5	4173.77
-111374	59714.5	4174.46
-111366	59714.5	4176.49
-111359	59714.5	4179.8
-111353	59714.5	4184.3
-111347	59714.5	4189.85
-111343	59714.5	4196.27
-111339	59714.5	4203.38
-111337	59714.5	4210.96
-111337	59714.5	4218.77
-111337	59714.5	4226.59
-111339	59714.5	4234.16
-111343	59714.5	4241.27
-111347	59714.5	4247.7
-111353	59714.5	4253.25
-111359	59714.5	4257.74
-111366	59714.5	4261.06
-111374	59714.5	4263.09
-111382	59714.5	4263.77
-111390	59714.5	4263.09
-111397	59714.5	4261.06
-111404	59714.5	4257.74
-111411	59714.5	4253.25
-111416	59714.5	4247.7
-111421	59714.5	4241.27
-111424	59714.5	4234.16
-111426	59714.5	4226.59
-111427	59714.5	4218.77
-111426	59714.5	4210.96
-111424	59714.5	4203.38
-111421	59714.5	4196.27
-111416	59714.5	4189.85
-111411	59714.5	4184.3
-111404	59714.5	4179.8
-111397	59714.5	4176.49
-111140	59714.5	4175.03
-111132	59714.5	4174.35
-111124	59714.5	4175.03
-111116	59714.5	4177.06
-111109	59714.5	4180.38
-111103	59714.5	4184.87
-111097	59714.5	4190.42
-111093	59714.5	4196.85
-111089	59714.5	4203.96
-111087	59714.5	4211.53
-111087	59714.5	4219.35
-111087	59714.5	4227.16
-111089	59714.5	4234.74
-111093	59714.5	4241.85
-111097	59714.5	4248.27
-111103	59714.5	4253.82
-111109	59714.5	4258.32
-111116	59714.5	4261.63
-111124	59714.5	4263.66
-111132	59714.5	4264.35
-111140	59714.5	4263.66
-111147	59714.5	4261.63
-111154	59714.5	4258.32
-111161	59714.5	4253.82
-111166	59714.5	4248.27
-111171	59714.5	4241.85
-111174	59714.5	4234.74
-111176	59714.5	4227.16
-111177	59714.5	4219.35
-111176	59714.5	4211.53
-111174	59714.5	4203.96
-111171	59714.5	4196.85
-111166	59714.5	4190.42
-111161	59714.5	4184.87
-111154	59714.5	4180.38
-111147	59714.5	4177.06

#	Triangle	96
0	2	1	3	2	0	129	9	10	130	9	129	132	14	135	13	14	132
4	9	5	9	3	5	9	8	3	8	7	3	7	2	3	4	10	9	6	2	7	4	11	10	4	13	11	13	6	11	13	12	6	12	88	6	88	123	6	123	122	6	122	2	6	4	14	13	15	88	12	4	15	14	4	18	15	18	17	15	17	16	15	16	54	15	54	53	15	53	52	15	52	88	15	87	88	52	87	89	88	86	89	87	86	90	89	16	55	54	85	90	86	85	91	90	121	2	122	16	56	55	84	91	85	84	92	91	120	2	121	16	57	56	83	92	84	83	93	92	119	2	120	16	58	57	82	93	83	82	94	93	118	2	119	51	58	16	50	58	51	4	19	18	49	58	50	49	59	58	81	94	82	81	95	94	117	2	118	4	20	19	48	59	49	4	21	20	47	59	48	47	60	59	80	95	81	4	22	21	46	60	47	80	96	95	116	2	117	4	23	22	45	60	46	45	61	60	79	96	80	4	24	23	44	61	45	79	97	96	115	2	116	4	25	24	43	61	44	43	62	61	78	97	79	78	98	97	114	2	115	4	26	25	42	62	43	4	27	26	41	62	42	41	63	62	77	98	78	77	99	98	113	2	114	4	28	27	40	63	41	4	29	28	39	63	40	39	64	63	76	99	77	76	100	99	112	2	113	4	30	29	38	64	39	4	31	30	37	64	38	4	32	31	36	64	37	36	65	64	75	100	76	75	101	100	111	2	112	4	33	32	35	65	36	4	34	33	34	65	35	4	65	34	4	66	65	74	101	75	74	102	101	110	2	111	4	67	66	73	102	74	73	103	102	109	2	110	4	68	67	72	103	73	72	104	103	108	2	109	4	69	68	71	104	72	71	105	104	107	2	108	4	70	69	70	105	71	70	106	105	106	2	107	4	106	70	4	2	106
5	124	4	125	124	5	126	6	7	127	6	126	134	12	133	15	12	134
1	126	0	126	125	0	126	131	125	131	130	125	130	124	125	1	127	126	129	124	130	1	128	127	1	129	128	1	211	129	211	210	129	210	209	129	209	133	129	133	132	129	132	124	129	209	134	133	135	124	132	209	135	134	209	173	135	173	172	135	172	207	135	207	137	135	137	136	135	136	171	135	171	124	135	209	174	173	208	174	209	208	175	174	243	175	208	243	176	175	206	137	207	1	212	211	242	176	243	242	177	176	205	137	206	1	213	212	241	177	242	241	178	177	204	137	205	1	214	213	240	178	241	240	179	178	203	137	204	1	215	214	239	179	240	203	138	137	203	139	138	203	140	139	170	124	171	239	180	179	202	140	203	1	216	215	238	180	239	202	141	140	169	124	170	202	142	141	168	124	169	238	181	180	201	142	202	201	143	142	167	124	168	1	217	216	237	181	238	201	144	143	166	124	167	237	182	181	200	144	201	200	145	144	165	124	166	1	218	217	236	182	237	200	146	145	164	124	165	236	183	182	199	146	200	1	219	218	235	183	236	199	147	146	163	124	164	199	148	147	162	124	163	235	184	183	198	148	199	1	220	219	234	184	235	198	149	148	161	124	162	198	150	149	160	124	161	234	185	184	197	150	198	1	221	220	233	185	234	197	151	150	159	124	160	197	152	151	158	124	159	197	153	152	157	124	158	233	186	185	196	153	197	1	222	221	232	186	233	196	154	153	156	124	157	196	155	154	155	124	156	196	124	155	232	187	186	195	124	196	1	223	222	231	187	232	231	188	187	194	124	195	1	224	223	230	188	231	230	189	188	193	124	194	1	225	224	229	189	230	229	190	189	192	124	193	1	226	225	228	190	229	228	191	190	191	124	192	1	227	226	227	191	228	227	124	191	1	124	227
0	5	3	125	5	0	127	11	6	128	11	127	128	10	11	129	10	128	135	15	134	14	15	135
2	124	1	4	124	2	131	7	8	126	7	131	130	8	9	131	8	130	133	13	132	12	13	133
137	17	136	16	17	137
136	18	171	17	18	136
171	19	170	18	19	171
170	20	169	19	20	170
169	21	168	20	21	169
168	22	167	21	22	168
167	23	166	22	23	167
166	24	165	23	24	166
165	25	164	24	25	165
164	26	163	25	26	164
163	27	162	26	27	163
162	28	161	27	28	162
161	29	160	28	29	161
160	30	159	29	30	160
159	31	158	30	31	159
158	32	157	31	32	158
157	33	156	32	33	157
156	34	155	33	34	156
155	35	154	34	35	155
154	36	153	35	36	154
153	37	152	36	37	153
152	38	151	37	38	152
151	39	150	38	39	151
150	40	149	39	40	150
149	41	148	40	41	149
148	42	147	41	42	148
147	43	146	42	43	147
146	44	145	43	44	146
145	45	144	44	45	145
144	46	143	45	46	144
143	47	142	46	47	143
142	48	141	47	48	142
141	49	140	48	49	141
140	50	139	49	50	140
139	51	138	50	51	139
138	16	137	51	16	138
173	53	172	52	53	173	209	89	208	88	89	209
172	54	207	53	54	172	208	90	243	89	90	208
207	55	206	54	55	207	243	91	242	90	91	243
206	56	205	55	56	206
205	57	204	56	57	205
204	58	203	57	58	204	240	94	239	93	94	240
203	59	202	58	59	203
202	60	201	59	60	202
201	61	200	60	61	201	237	97	236	96	97	237
200	62	199	61	62	200
199	63	198	62	63	199
198	64	197	63	64	198	234	100	233	99	100	234
197	65	196	64	65	197
196	66	195	65	66	196
195	67	194	66	67	195	231	103	230	102	103	231
194	68	193	67	68	194	230	104	229	103	104	230
193	69	192	68	69	193	229	105	228	104	105	229
192	70	191	69	70	192	228	106	227	105	106	228
191	71	190	70	71	191	227	107	226	106	107	227
190	72	189	71	72	190	226	108	225	107	108	226
189	73	188	72	73	189	225	109	224	108	109	225
188	74	187	73	74	188	224	110	223	109	110	224
187	75	186	74	75	187
186	76	185	75	76	186
185	77	184	76	77	185
184	78	183	77	78	184
183	79	182	78	79	183
182	80	181	79	80	182	218	116	217	115	116	218
181	81	180	80	81	181
180	82	179	81	82	180
179	83	178	82	83	179
178	84	177	83	84	178
177	85	176	84	85	177
176	86	175	85	86	176	212	122	211	121	122	212
175	87	174	86	87	175	211	123	210	122	123	211
174	52	173	87	52	174	210	88	209	123	88	210
242	92	241	91	92	242
241	93	240	92	93	241
239	95	238	94	95	239
238	96	237	95	96	238
236	98	235	97	98	236
235	99	234	98	99	235
233	101	232	100	101	233
232	102	231	101	102	232
223	111	222	110	111	223
222	112	221	111	112	222
221	113	220	112	113	221
220	114	219	113	114	220
219	115	218	114	115	219
217	117	216	116	117	217
216	118	215	117	118	216
215	119	214	118	119	215
214	120	213	119	120	214
213	121	212	120	121	213

#	Normal	96
-1	0	0
0	-1	0
1	0	0
0	1	-0
0	0	1
0	0	-1
-0.0871225	0	-0.996198
-0.259185	0	-0.965828
-0.422321	0	-0.906446
-0.573507	0	-0.8192
-0.707443	0	-0.70677
-0.819111	0	-0.573635
-0.906134	0	-0.42299
-0.966086	0	-0.258221
-0.996135	0	-0.0878382
-0.996135	0	0.0878382
-0.966093	0	0.258193
-0.906114	0	0.423033
-0.819111	0	0.573635
-0.707499	0	0.706714
-0.573507	0	0.8192
-0.422229	0	0.906489
-0.259185	0	0.965828
-0.0871225	0	0.996198
0.0871225	-0	0.996198
0.258736	-0	0.965948
0.422916	-0	0.906169
0.573507	-0	0.8192
0.707499	-0	0.706714
0.819111	-0	0.573635
0.906114	-0	0.423033
0.965645	-0	0.259865
0.99629	-0	0.086059
0.99629	0	-0.086059
0.965637	0	-0.259893
0.906134	0	-0.42299
0.819111	0	-0.573635
0.707443	0	-0.70677
0.573507	0	-0.8192
0.423008	0	-0.906126
0.258736	0	-0.965948
0.0871225	0	-0.996198
-0.087167	0	-0.996194
-0.258786	0	-0.965935
-0.422596	0	-0.906318
-0.573822	0	-0.81898
-0.707076	0	-0.707138
-0.819094	0	-0.573659
-0.906437	0	-0.42234
-0.965891	0	-0.258949
-0.996152	0	-0.0876449
-0.996152	0	0.0876395
-0.965891	0	0.258949
-0.906426	0	0.422364
-0.819115	0	0.573629
-0.707076	0	0.707138
-0.57378	0	0.81901
-0.422596	0	0.906318
-0.258786	0	0.965935
-0.087167	0	0.996194
0.087167	-0	0.996194
0.258786	-0	0.965935
0.422596	-0	0.906318
0.573312	-0	0.819337
0.707076	-0	0.707138
0.819115	-0	0.573629
0.906426	-0	0.422364
0.965891	-0	0.258949
0.996239	-0	0.0866511
0.996238	0	-0.0866565
0.965891	0	-0.258949
0.906437	0	-0.42234
0.819094	0	-0.573659
0.707076	0	-0.707138
0.573354	0	-0.819308
0.422596	0	-0.906318
0.258786	0	-0.965935
0.087167	0	-0.996194
-0.57378	0	-0.81901
-0.707107	0	-0.707107
-0.906426	0	-0.422364
-0.965895	0	-0.258933
-0.996152	0	0.0876449
-0.965895	0	0.258933
-0.819094	0	0.573659
-0.707107	0	0.707107
0.707107	-0	0.707107
0.819562	-0	0.57299
0.906045	-0	0.423182
0.965895	-0	0.258933
0.996238	-0	0.0866565
0.965895	0	-0.258933
0.906045	0	-0.423182
0.819562	0	-0.57299
0.707107	0	-0.707107
0.573312	0	-0.819337

#	Mesh	0	End

