#	Mesh	0	Begin

#	Vertex	272
84818.3	1464.53	-50
84818.3	1464.53	5230
85018.3	1464.53	5230
85018.3	1464.53	-50
85018.3	9164.53	5230
85018.3	9164.53	-50
85018.3	3514.87	2100
85018.3	1714.87	2100
85018.3	1714.87	0
85018.3	3514.87	0
85018.3	5314.87	0
85018.3	7114.87	0
85018.3	8914.87	0
85018.3	8914.87	2100
85018.3	7114.87	2100
85018.3	5314.87	2100
85018.3	3818.72	3850
85018.3	4118.72	3850
85018.3	4118.72	4050
85018.3	3818.72	4050
85018.3	3518.72	4050
85018.3	3518.72	3850
85018.3	3581.66	4150
85018.3	4281.65	4150
85018.3	4281.65	4350
85018.3	3581.66	4350
85018.3	4121.27	3850
85018.3	4421.27	3850
85018.3	4421.27	4050
85018.3	4121.27	4050
85018.3	8354.73	4008.88
85018.3	8369.49	4010.17
85018.3	8383.8	4014.01
85018.3	8397.23	4020.27
85018.3	8409.37	4028.77
85018.3	8419.84	4039.25
85018.3	8428.34	4051.38
85018.3	8434.6	4064.81
85018.3	8438.44	4079.12
85018.3	8439.73	4093.88
85018.3	8438.44	4108.64
85018.3	8434.6	4122.95
85018.3	8428.34	4136.38
85018.3	8419.84	4148.52
85018.3	8409.37	4159
85018.3	8397.23	4167.5
85018.3	8383.8	4173.76
85018.3	8369.49	4177.59
85018.3	8354.73	4178.88
85018.3	8339.97	4177.59
85018.3	8325.66	4173.76
85018.3	8312.23	4167.5
85018.3	8300.09	4159
85018.3	8289.62	4148.52
85018.3	8281.12	4136.38
85018.3	8274.86	4122.95
85018.3	8271.02	4108.64
85018.3	8269.73	4093.88
85018.3	8271.02	4079.12
85018.3	8274.86	4064.81
85018.3	8281.12	4051.38
85018.3	8289.62	4039.25
85018.3	8300.09	4028.77
85018.3	8312.23	4020.27
85018.3	8325.66	4014.01
85018.3	8339.97	4010.17
85018.3	7993.71	4077.25
85018.3	8008.47	4078.54
85018.3	8022.78	4082.38
85018.3	8036.21	4088.64
85018.3	8048.35	4097.14
85018.3	8058.82	4107.61
85018.3	8067.32	4119.75
85018.3	8073.58	4133.18
85018.3	8077.42	4147.49
85018.3	8078.71	4162.25
85018.3	8077.42	4177.01
85018.3	8073.58	4191.32
85018.3	8067.32	4204.75
85018.3	8058.82	4216.89
85018.3	8048.35	4227.36
85018.3	8036.21	4235.86
85018.3	8022.78	4242.12
85018.3	8008.47	4245.96
85018.3	7993.71	4247.25
85018.3	7978.95	4245.96
85018.3	7964.64	4242.12
85018.3	7951.21	4235.86
85018.3	7939.07	4227.36
85018.3	7928.6	4216.89
85018.3	7920.1	4204.75
85018.3	7913.84	4191.32
85018.3	7910	4177.01
85018.3	7908.71	4162.25
85018.3	7910	4147.49
85018.3	7913.84	4133.18
85018.3	7920.1	4119.75
85018.3	7928.6	4107.61
85018.3	7939.07	4097.14
85018.3	7951.21	4088.64
85018.3	7964.64	4082.38
85018.3	7978.95	4078.54
85018.3	7673.81	4180.77
85018.3	7679.28	4181.25
85018.3	7684.58	4182.67
85018.3	7689.56	4184.99
85018.3	7694.06	4188.14
85018.3	7697.94	4192.02
85018.3	7701.09	4196.52
85018.3	7703.41	4201.5
85018.3	7704.83	4206.8
85018.3	7705.31	4212.27
85018.3	7704.83	4217.74
85018.3	7703.41	4223.04
85018.3	7701.09	4228.02
85018.3	7697.94	4232.52
85018.3	7694.06	4236.4
85018.3	7689.56	4239.55
85018.3	7684.58	4241.87
85018.3	7679.28	4243.29
85018.3	7673.81	4243.77
85018.3	7668.34	4243.29
85018.3	7663.03	4241.87
85018.3	7658.06	4239.55
85018.3	7653.56	4236.4
85018.3	7649.68	4232.52
85018.3	7646.53	4228.02
85018.3	7644.21	4223.04
85018.3	7642.79	4217.74
85018.3	7642.31	4212.27
85018.3	7642.79	4206.8
85018.3	7644.21	4201.5
85018.3	7646.53	4196.52
85018.3	7649.68	4192.02
85018.3	7653.56	4188.14
85018.3	7658.06	4184.99
85018.3	7663.03	4182.67
85018.3	7668.34	4181.25
84818.3	9164.53	5230
84818.3	9164.53	-50
84818.3	3514.87	0
84818.3	1714.87	0
84818.3	1714.87	2100
84818.3	3514.87	2100
84818.3	5314.87	2100
84818.3	7114.87	2100
84818.3	8914.87	2100
84818.3	8914.87	0
84818.3	7114.87	0
84818.3	5314.87	0
84818.3	4118.72	3850
84818.3	3818.72	3850
84818.3	3518.72	3850
84818.3	3518.72	4050
84818.3	3818.72	4050
84818.3	4118.72	4050
84818.3	4281.65	4150
84818.3	3581.66	4150
84818.3	3581.66	4350
84818.3	4281.65	4350
84818.3	4421.27	3850
84818.3	4121.27	3850
84818.3	4121.27	4050
84818.3	4421.27	4050
84818.3	8369.49	4010.17
84818.3	8354.73	4008.88
84818.3	8339.97	4010.17
84818.3	8325.66	4014.01
84818.3	8312.23	4020.27
84818.3	8300.09	4028.77
84818.3	8289.62	4039.25
84818.3	8281.12	4051.38
84818.3	8274.86	4064.81
84818.3	8271.02	4079.12
84818.3	8269.73	4093.88
84818.3	8271.02	4108.64
84818.3	8274.86	4122.95
84818.3	8281.12	4136.38
84818.3	8289.62	4148.52
84818.3	8300.09	4159
84818.3	8312.23	4167.5
84818.3	8325.66	4173.76
84818.3	8339.97	4177.59
84818.3	8354.73	4178.88
84818.3	8369.49	4177.59
84818.3	8383.8	4173.76
84818.3	8397.23	4167.5
84818.3	8409.37	4159
84818.3	8419.84	4148.52
84818.3	8428.34	4136.38
84818.3	8434.6	4122.95
84818.3	8438.44	4108.64
84818.3	8439.73	4093.88
84818.3	8438.44	4079.12
84818.3	8434.6	4064.81
84818.3	8428.34	4051.38
84818.3	8419.84	4039.25
84818.3	8409.37	4028.77
84818.3	8397.23	4020.27
84818.3	8383.8	4014.01
84818.3	8008.47	4078.54
84818.3	7993.71	4077.25
84818.3	7978.95	4078.54
84818.3	7964.64	4082.38
84818.3	7951.21	4088.64
84818.3	7939.07	4097.14
84818.3	7928.6	4107.61
84818.3	7920.1	4119.75
84818.3	7913.84	4133.18
84818.3	7910	4147.49
84818.3	7908.71	4162.25
84818.3	7910	4177.01
84818.3	7913.84	4191.32
84818.3	7920.1	4204.75
84818.3	7928.6	4216.89
84818.3	7939.07	4227.36
84818.3	7951.21	4235.86
84818.3	7964.64	4242.12
84818.3	7978.95	4245.96
84818.3	7993.71	4247.25
84818.3	8008.47	4245.96
84818.3	8022.78	4242.12
84818.3	8036.21	4235.86
84818.3	8048.35	4227.36
84818.3	8058.82	4216.89
84818.3	8067.32	4204.75
84818.3	8073.58	4191.32
84818.3	8077.42	4177.01
84818.3	8078.71	4162.25
84818.3	8077.42	4147.49
84818.3	8073.58	4133.18
84818.3	8067.32	4119.75
84818.3	8058.82	4107.61
84818.3	8048.35	4097.14
84818.3	8036.21	4088.64
84818.3	8022.78	4082.38
84818.3	7679.28	4181.25
84818.3	7673.81	4180.77
84818.3	7668.34	4181.25
84818.3	7663.03	4182.67
84818.3	7658.06	4184.99
84818.3	7653.56	4188.14
84818.3	7649.68	4192.02
84818.3	7646.53	4196.52
84818.3	7644.21	4201.5
84818.3	7642.79	4206.8
84818.3	7642.31	4212.27
84818.3	7642.79	4217.74
84818.3	7644.21	4223.04
84818.3	7646.53	4228.02
84818.3	7649.68	4232.52
84818.3	7653.56	4236.4
84818.3	7658.06	4239.55
84818.3	7663.03	4241.87
84818.3	7668.34	4243.29
84818.3	7673.81	4243.77
84818.3	7679.28	4243.29
84818.3	7684.58	4241.87
84818.3	7689.56	4239.55
84818.3	7694.06	4236.4
84818.3	7697.94	4232.52
84818.3	7701.09	4228.02
84818.3	7703.41	4223.04
84818.3	7704.83	4217.74
84818.3	7705.31	4212.27
84818.3	7704.83	4206.8
84818.3	7703.41	4201.5
84818.3	7701.09	4196.52
84818.3	7697.94	4192.02
84818.3	7694.06	4188.14
84818.3	7689.56	4184.99
84818.3	7684.58	4182.67

#	Triangle	98
0	2	1	3	2	0	146	12	13	147	12	146	150	18	155	17	18	150	156	24	159	23	24	156	160	28	163	27	28	160
4	12	5	12	3	5	12	11	3	11	10	3	10	9	3	9	8	3	8	2	3	4	13	12	7	2	8	4	36	13	36	35	13	35	34	13	34	33	13	33	32	13	32	31	13	31	14	13	31	15	14	31	6	15	31	7	6	31	30	7	30	27	7	27	26	7	26	17	7	17	16	7	16	21	7	21	2	7	30	28	27	29	17	26	29	18	17	20	2	21	65	28	30	64	28	65	63	28	64	62	28	63	61	28	62	60	28	61	60	29	28	60	18	29	60	19	18	60	20	19	60	66	20	66	101	20	101	23	20	23	22	20	22	2	20	4	37	36	59	66	60	4	38	37	58	66	59	58	67	66	58	68	67	100	23	101	4	39	38	57	68	58	57	69	68	99	23	100	57	70	69	98	23	99	4	40	39	56	70	57	56	71	70	97	23	98	56	72	71	96	23	97	4	41	40	55	72	56	55	73	72	95	23	96	4	42	41	54	73	55	54	74	73	94	23	95	4	43	42	53	74	54	53	75	74	93	23	94	4	44	43	52	75	53	93	24	23	25	2	22	4	45	44	51	75	52	51	76	75	92	102	93	102	24	93	4	46	45	50	76	51	4	47	46	49	76	50	49	77	76	91	102	92	4	48	47	48	77	49	4	77	48	91	103	102	137	24	102	91	104	103	136	24	137	91	105	104	135	24	136	91	106	105	134	24	135	91	107	106	133	24	134	4	78	77	90	107	91	90	108	107	132	24	133	90	109	108	131	24	132	90	110	109	130	24	131	4	79	78	89	110	90	89	111	110	129	24	130	89	112	111	128	24	129	4	80	79	88	112	89	88	113	112	127	24	128	88	114	113	126	24	127	4	81	80	87	114	88	87	115	114	125	24	126	87	116	115	124	24	125	4	82	81	86	116	87	86	117	116	123	24	124	86	118	117	122	24	123	86	119	118	121	24	122	4	83	82	85	119	86	85	120	119	120	24	121	85	24	120	4	84	83	84	24	85	4	24	84	4	25	24	4	2	25
5	138	4	139	138	5	141	7	8	142	7	141	153	21	152	20	21	153	158	22	157	25	22	158	162	26	161	29	26	162
1	141	0	141	139	0	141	140	139	140	149	139	149	148	139	148	147	139	147	138	139	1	142	141	146	138	147	1	143	142	1	144	143	1	152	144	152	145	144	152	146	145	152	151	146	151	150	146	150	161	146	161	160	146	160	165	146	165	164	146	164	199	146	199	198	146	198	197	146	197	196	146	196	195	146	195	138	146	1	153	152	155	161	150	155	162	161	163	165	160	163	166	165	163	167	166	163	168	167	163	169	168	163	170	169	163	171	170	1	157	153	157	154	153	157	155	154	157	162	155	157	163	162	157	171	163	157	172	171	194	138	195	157	201	172	201	173	172	193	138	194	157	202	201	200	173	201	157	203	202	235	173	200	235	174	173	192	138	193	157	204	203	234	174	235	157	205	204	233	174	234	233	175	174	191	138	192	157	206	205	232	175	233	157	207	206	231	175	232	231	176	175	190	138	191	157	208	207	230	176	231	230	177	176	189	138	190	157	209	208	229	177	230	229	178	177	188	138	189	157	156	209	156	210	209	228	178	229	228	179	178	187	138	188	1	158	157	159	210	156	228	180	179	186	138	187	159	237	210	237	211	210	227	180	228	227	181	180	185	138	186	227	182	181	184	138	185	237	212	211	226	182	227	226	183	182	183	138	184	226	138	183	159	238	237	236	212	237	159	239	238	271	212	236	159	240	239	270	212	271	159	241	240	269	212	270	159	242	241	268	212	269	268	213	212	225	138	226	159	243	242	267	213	268	159	244	243	266	213	267	159	245	244	265	213	266	265	214	213	224	138	225	159	246	245	264	214	265	159	247	246	263	214	264	263	215	214	223	138	224	159	248	247	262	215	263	159	249	248	261	215	262	261	216	215	222	138	223	159	250	249	260	216	261	159	251	250	259	216	260	259	217	216	221	138	222	159	252	251	258	217	259	159	253	252	257	217	258	159	254	253	256	217	257	256	218	217	220	138	221	159	255	254	255	218	256	159	218	255	159	219	218	219	138	220	159	138	219	1	159	158	1	138	159
0	5	3	139	5	0	142	6	7	143	6	142	145	13	14	146	13	145	143	15	6	144	15	143	144	14	15	145	14	144	155	19	154	18	19	155	154	20	153	19	20	154	159	25	158	24	25	159	163	29	162	28	29	163
2	138	1	4	138	2	140	8	9	141	8	140	147	11	12	148	11	147	149	9	10	140	9	149	148	10	11	149	10	148	151	17	150	16	17	151	152	16	151	21	16	152	157	23	156	22	23	157	161	27	160	26	27	161
165	31	164	30	31	165
164	32	199	31	32	164	200	68	235	67	68	200
199	33	198	32	33	199
198	34	197	33	34	198
197	35	196	34	35	197
196	36	195	35	36	196
195	37	194	36	37	195	231	73	230	72	73	231
194	38	193	37	38	194	230	74	229	73	74	230
193	39	192	38	39	193	229	75	228	74	75	229
192	40	191	39	40	192
191	41	190	40	41	191	227	77	226	76	77	227
190	42	189	41	42	190	226	78	225	77	78	226
189	43	188	42	43	189
188	44	187	43	44	188	224	80	223	79	80	224	260	116	259	115	116	260
187	45	186	44	45	187
186	46	185	45	46	186
185	47	184	46	47	185
184	48	183	47	48	184
183	49	182	48	49	183
182	50	181	49	50	182
181	51	180	50	51	181
180	52	179	51	52	180	216	88	215	87	88	216
179	53	178	52	53	179
178	54	177	53	54	178	214	90	213	89	90	214
177	55	176	54	55	177	213	91	212	90	91	213
176	56	175	55	56	176	212	92	211	91	92	212
175	57	174	56	57	175
174	58	173	57	58	174
173	59	172	58	59	173	209	95	208	94	95	209
172	60	171	59	60	172	208	96	207	95	96	208
171	61	170	60	61	171
170	62	169	61	62	170
169	63	168	62	63	169
168	64	167	63	64	168
167	65	166	64	65	167
166	30	165	65	30	166	238	102	237	137	102	238
201	67	200	66	67	201
235	69	234	68	69	235
234	70	233	69	70	234
233	71	232	70	71	233
232	72	231	71	72	232
228	76	227	75	76	228
225	79	224	78	79	225
223	81	222	80	81	223
222	82	221	81	82	222
221	83	220	82	83	221
220	84	219	83	84	220
219	85	218	84	85	219
218	86	217	85	86	218
217	87	216	86	87	217
215	89	214	88	89	215
211	93	210	92	93	211
210	94	209	93	94	210
207	97	206	96	97	207
206	98	205	97	98	206	242	134	241	133	134	242
205	99	204	98	99	205
204	100	203	99	100	204
203	101	202	100	101	203
202	66	201	101	66	202
237	103	236	102	103	237
236	104	271	103	104	236
271	105	270	104	105	271
270	106	269	105	106	270
269	107	268	106	107	269
268	108	267	107	108	268
267	109	266	108	109	267
266	110	265	109	110	266
265	111	264	110	111	265
264	112	263	111	112	264
263	113	262	112	113	263
262	114	261	113	114	262
261	115	260	114	115	261
259	117	258	116	117	259
258	118	257	117	118	258
257	119	256	118	119	257
256	120	255	119	120	256
255	121	254	120	121	255
254	122	253	121	122	254
253	123	252	122	123	253
252	124	251	123	124	252
251	125	250	124	125	251
250	126	249	125	126	250
249	127	248	126	127	249
248	128	247	127	128	248
247	129	246	128	129	247
246	130	245	129	130	246
245	131	244	130	131	245
244	132	243	131	132	244
243	133	242	132	133	243
241	135	240	134	135	241
240	136	239	135	136	240
239	137	238	136	137	239

#	Normal	98
-0	1	0
-1	0	0
-0	-1	-0
1	0	0
0	-0	1
0	0	-1
0	0.0871465	-0.996196
0	0.258816	-0.965927
0	0.422633	-0.906301
0	0.57356	-0.819164
0	0.707115	-0.707099
0	0.819163	-0.573561
0	0.906307	-0.42262
0	0.965922	-0.258832
0	0.996197	-0.087133
-0	0.996197	0.0871344
-0	0.965922	0.258832
-0	0.906307	0.42262
-0	0.819168	0.573553
-0	0.707107	0.707107
-0	0.57356	0.819164
-0	0.422633	0.906301
-0	0.258832	0.965922
-0	0.0871302	0.996197
0	-0.0871359	0.996196
0	-0.258832	0.965922
0	-0.422608	0.906313
0	-0.573591	0.819142
0	-0.707107	0.707107
0	-0.819168	0.573553
0	-0.906307	0.42262
0	-0.965922	0.258832
0	-0.996191	0.0871999
0	-0.996191	-0.0871984
0	-0.965922	-0.258832
0	-0.906307	-0.42262
0	-0.819163	-0.573561
0	-0.707115	-0.707099
0	-0.573591	-0.819142
0	-0.422608	-0.906313
0	-0.258816	-0.965927
0	-0.0871522	-0.996195
0	0.0871657	-0.996194
0	0.42262	-0.906307
0	0.573564	-0.819161
0	0.707123	-0.70709
0	0.819142	-0.573591
-0	0.996197	0.087133
-0	0.819153	0.573575
-0	0.573575	0.819153
-0	0.42262	0.906307
-0	0.258801	0.965931
-0	0.0871657	0.996194
0	-0.0871686	0.996194
0	-0.258793	0.965933
0	-0.42262	0.906307
0	-0.70709	0.707123
0	-0.996194	0.0871657
0	-0.996194	-0.0871657
0	-0.819158	-0.573569
0	-0.707107	-0.707107
0	-0.57358	-0.81915
0	-0.42262	-0.906307
0	-0.258808	-0.965929
0	-0.0871686	-0.996194
0	0.0871438	-0.996196
0	0.258864	-0.965914
0	0.422608	-0.906313
0	0.573558	-0.819165
0	0.707151	-0.707062
0	0.819136	-0.5736
0	0.906294	-0.422647
0	0.965936	-0.258781
0	0.996195	-0.0871515
-0	0.996196	0.0871438
-0	0.965936	0.258781
-0	0.906279	0.422681
-0	0.819165	0.573558
-0	0.573558	0.819165
-0	0.422681	0.906279
-0	0.258781	0.965936
-0	0.0871438	0.996196
0	-0.0871515	0.996195
0	-0.258781	0.965936
0	-0.422647	0.906294
0	-0.5736	0.819136
0	-0.707062	0.707151
0	-0.819165	0.573558
0	-0.906313	0.422608
0	-0.965914	0.258864
0	-0.996196	0.0871438
0	-0.996195	-0.0871515
0	-0.965914	-0.258864
0	-0.906328	-0.422574
0	-0.819136	-0.5736
0	-0.5736	-0.819136
0	-0.422574	-0.906328
0	-0.258864	-0.965914

#	Mesh	0	End

