#	Mesh	0	Begin

#	Vertex	224
-97931.7	59564.5	-50
-97931.7	59564.5	5230
-97931.7	59764.5	5230
-97931.7	59764.5	-50
-105632	59764.5	5230
-105632	59764.5	-50
-101019	59764.5	4333.5
-101025	59764.5	4333.98
-101030	59764.5	4335.4
-101035	59764.5	4337.72
-101040	59764.5	4340.87
-101044	59764.5	4344.75
-101047	59764.5	4349.25
-101049	59764.5	4354.23
-101051	59764.5	4359.53
-101051	59764.5	4365
-101051	59764.5	4370.47
-101049	59764.5	4375.77
-101047	59764.5	4380.75
-101044	59764.5	4385.25
-101040	59764.5	4389.13
-101035	59764.5	4392.28
-101030	59764.5	4394.6
-101025	59764.5	4396.02
-101019	59764.5	4396.5
-101014	59764.5	4396.02
-101009	59764.5	4394.6
-101004	59764.5	4392.28
-100999	59764.5	4389.13
-100995	59764.5	4385.25
-100992	59764.5	4380.75
-100990	59764.5	4375.77
-100988	59764.5	4370.47
-100988	59764.5	4365
-100988	59764.5	4359.53
-100990	59764.5	4354.23
-100992	59764.5	4349.25
-100995	59764.5	4344.75
-100999	59764.5	4340.87
-101004	59764.5	4337.72
-101009	59764.5	4335.4
-101014	59764.5	4333.98
-100912	59764.5	4333.5
-100917	59764.5	4333.98
-100922	59764.5	4335.4
-100927	59764.5	4337.72
-100932	59764.5	4340.87
-100936	59764.5	4344.75
-100939	59764.5	4349.25
-100941	59764.5	4354.23
-100943	59764.5	4359.53
-100943	59764.5	4365
-100943	59764.5	4370.47
-100941	59764.5	4375.77
-100939	59764.5	4380.75
-100936	59764.5	4385.25
-100932	59764.5	4389.13
-100927	59764.5	4392.28
-100922	59764.5	4394.6
-100917	59764.5	4396.02
-100912	59764.5	4396.5
-100906	59764.5	4396.02
-100901	59764.5	4394.6
-100896	59764.5	4392.28
-100891	59764.5	4389.13
-100888	59764.5	4385.25
-100884	59764.5	4380.75
-100882	59764.5	4375.77
-100881	59764.5	4370.47
-100880	59764.5	4365
-100881	59764.5	4359.53
-100882	59764.5	4354.23
-100884	59764.5	4349.25
-100888	59764.5	4344.75
-100891	59764.5	4340.87
-100896	59764.5	4337.72
-100901	59764.5	4335.4
-100906	59764.5	4333.98
-101117	59764.5	4340.3
-101121	59764.5	4340.68
-101125	59764.5	4341.81
-101129	59764.5	4343.65
-101133	59764.5	4346.15
-101136	59764.5	4349.23
-101139	59764.5	4352.8
-101140	59764.5	4356.75
-101142	59764.5	4360.96
-101142	59764.5	4365.3
-101142	59764.5	4369.64
-101140	59764.5	4373.85
-101139	59764.5	4377.8
-101136	59764.5	4381.37
-101133	59764.5	4384.45
-101129	59764.5	4386.95
-101125	59764.5	4388.79
-101121	59764.5	4389.92
-101117	59764.5	4390.3
-101113	59764.5	4389.92
-101108	59764.5	4388.79
-101104	59764.5	4386.95
-101101	59764.5	4384.45
-101098	59764.5	4381.37
-101095	59764.5	4377.8
-101093	59764.5	4373.85
-101092	59764.5	4369.64
-101092	59764.5	4365.3
-101092	59764.5	4360.96
-101093	59764.5	4356.75
-101095	59764.5	4352.8
-101098	59764.5	4349.23
-101101	59764.5	4346.15
-101104	59764.5	4343.65
-101108	59764.5	4341.81
-101113	59764.5	4340.68
-105632	59564.5	5230
-105632	59564.5	-50
-101025	59564.5	4333.98
-101019	59564.5	4333.5
-101014	59564.5	4333.98
-101009	59564.5	4335.4
-101004	59564.5	4337.72
-100999	59564.5	4340.87
-100995	59564.5	4344.75
-100992	59564.5	4349.25
-100990	59564.5	4354.23
-100988	59564.5	4359.53
-100988	59564.5	4365
-100988	59564.5	4370.47
-100990	59564.5	4375.77
-100992	59564.5	4380.75
-100995	59564.5	4385.25
-100999	59564.5	4389.13
-101004	59564.5	4392.28
-101009	59564.5	4394.6
-101014	59564.5	4396.02
-101019	59564.5	4396.5
-101025	59564.5	4396.02
-101030	59564.5	4394.6
-101035	59564.5	4392.28
-101040	59564.5	4389.13
-101044	59564.5	4385.25
-101047	59564.5	4380.75
-101049	59564.5	4375.77
-101051	59564.5	4370.47
-101051	59564.5	4365
-101051	59564.5	4359.53
-101049	59564.5	4354.23
-101047	59564.5	4349.25
-101044	59564.5	4344.75
-101040	59564.5	4340.87
-101035	59564.5	4337.72
-101030	59564.5	4335.4
-100917	59564.5	4333.98
-100912	59564.5	4333.5
-100906	59564.5	4333.98
-100901	59564.5	4335.4
-100896	59564.5	4337.72
-100891	59564.5	4340.87
-100888	59564.5	4344.75
-100884	59564.5	4349.25
-100882	59564.5	4354.23
-100881	59564.5	4359.53
-100880	59564.5	4365
-100881	59564.5	4370.47
-100882	59564.5	4375.77
-100884	59564.5	4380.75
-100888	59564.5	4385.25
-100891	59564.5	4389.13
-100896	59564.5	4392.28
-100901	59564.5	4394.6
-100906	59564.5	4396.02
-100912	59564.5	4396.5
-100917	59564.5	4396.02
-100922	59564.5	4394.6
-100927	59564.5	4392.28
-100932	59564.5	4389.13
-100936	59564.5	4385.25
-100939	59564.5	4380.75
-100941	59564.5	4375.77
-100943	59564.5	4370.47
-100943	59564.5	4365
-100943	59564.5	4359.53
-100941	59564.5	4354.23
-100939	59564.5	4349.25
-100936	59564.5	4344.75
-100932	59564.5	4340.87
-100927	59564.5	4337.72
-100922	59564.5	4335.4
-101121	59564.5	4340.68
-101117	59564.5	4340.3
-101113	59564.5	4340.68
-101108	59564.5	4341.81
-101104	59564.5	4343.65
-101101	59564.5	4346.15
-101098	59564.5	4349.23
-101095	59564.5	4352.8
-101093	59564.5	4356.75
-101092	59564.5	4360.96
-101092	59564.5	4365.3
-101092	59564.5	4369.64
-101093	59564.5	4373.85
-101095	59564.5	4377.8
-101098	59564.5	4381.37
-101101	59564.5	4384.45
-101104	59564.5	4386.95
-101108	59564.5	4388.79
-101113	59564.5	4389.92
-101117	59564.5	4390.3
-101121	59564.5	4389.92
-101125	59564.5	4388.79
-101129	59564.5	4386.95
-101133	59564.5	4384.45
-101136	59564.5	4381.37
-101139	59564.5	4377.8
-101140	59564.5	4373.85
-101142	59564.5	4369.64
-101142	59564.5	4365.3
-101142	59564.5	4360.96
-101140	59564.5	4356.75
-101139	59564.5	4352.8
-101136	59564.5	4349.23
-101133	59564.5	4346.15
-101129	59564.5	4343.65
-101125	59564.5	4341.81

#	Triangle	82
0	2	1	3	2	0
4	3	5	4	79	3	79	78	3	78	7	3	7	6	3	6	42	3	42	77	3	77	76	3	76	2	3	41	42	6	41	43	42	78	8	7	40	43	41	40	44	43	78	9	8	39	44	40	39	45	44	75	2	76	78	10	9	38	45	39	38	46	45	74	2	75	113	10	78	4	80	79	112	10	113	112	11	10	37	46	38	37	47	46	73	2	74	4	81	80	111	11	112	4	82	81	110	11	111	110	12	11	36	47	37	36	48	47	72	2	73	4	83	82	109	12	110	4	84	83	108	12	109	108	13	12	35	48	36	35	49	48	71	2	72	4	85	84	107	13	108	107	14	13	34	49	35	34	50	49	70	2	71	4	86	85	106	14	107	106	15	14	33	50	34	33	51	50	69	2	70	4	87	86	105	15	106	105	16	15	32	51	33	32	52	51	68	2	69	4	88	87	104	16	105	4	89	88	103	16	104	103	17	16	31	52	32	31	53	52	67	2	68	4	90	89	102	17	103	102	18	17	30	53	31	30	54	53	66	2	67	4	91	90	101	18	102	101	19	18	29	54	30	29	55	54	65	2	66	4	92	91	100	19	101	4	93	92	99	19	100	99	20	19	28	55	29	28	56	55	64	2	65	4	94	93	98	20	99	4	95	94	97	20	98	97	21	20	27	56	28	27	57	56	63	2	64	4	96	95	96	21	97	4	21	96	4	22	21	26	57	27	26	58	57	62	2	63	4	23	22	25	58	26	25	59	58	61	2	62	4	24	23	24	59	25	24	60	59	60	2	61	4	60	24	4	2	60
5	114	4	115	114	5
1	115	0	1	155	115	155	154	115	154	153	115	153	117	115	117	116	115	116	189	115	189	188	115	188	114	115	152	117	153	152	118	117	187	118	152	187	119	118	151	189	116	1	156	155	186	119	187	186	120	119	150	189	151	1	157	156	185	120	186	185	121	120	149	189	150	149	190	189	149	191	190	223	114	188	1	158	157	184	121	185	184	122	121	148	191	149	148	192	191	222	114	223	148	193	192	221	114	222	1	159	158	183	122	184	183	123	122	147	193	148	147	194	193	220	114	221	147	195	194	219	114	220	1	160	159	182	123	183	182	124	123	146	195	147	146	196	195	218	114	219	1	161	160	181	124	182	181	125	124	145	196	146	145	197	196	217	114	218	1	162	161	180	125	181	180	126	125	144	197	145	144	198	197	216	114	217	1	163	162	179	126	180	179	127	126	143	198	144	143	199	198	215	114	216	143	200	199	214	114	215	1	164	163	178	127	179	178	128	127	142	200	143	142	201	200	213	114	214	1	165	164	177	128	178	177	129	128	141	201	142	141	202	201	212	114	213	1	166	165	176	129	177	176	130	129	140	202	141	140	203	202	211	114	212	140	204	203	210	114	211	1	167	166	175	130	176	175	131	130	139	204	140	139	205	204	209	114	210	139	206	205	208	114	209	1	168	167	174	131	175	174	132	131	138	206	139	138	207	206	207	114	208	138	114	207	1	169	168	173	132	174	173	133	132	137	114	138	1	170	169	172	133	173	172	134	133	136	114	137	1	171	170	171	134	172	171	135	134	135	114	136	1	135	171	1	114	135
0	5	3	115	5	0
2	114	1	4	114	2
117	7	116	6	7	117	153	43	152	42	43	153
116	8	151	7	8	116	152	44	187	43	44	152
151	9	150	8	9	151	187	45	186	44	45	187
150	10	149	9	10	150	186	46	185	45	46	186
149	11	148	10	11	149	185	47	184	46	47	185
148	12	147	11	12	148	184	48	183	47	48	184
147	13	146	12	13	147	183	49	182	48	49	183
146	14	145	13	14	146	182	50	181	49	50	182
145	15	144	14	15	145	181	51	180	50	51	181
144	16	143	15	16	144	180	52	179	51	52	180
143	17	142	16	17	143	179	53	178	52	53	179
142	18	141	17	18	142	178	54	177	53	54	178
141	19	140	18	19	141	177	55	176	54	55	177
140	20	139	19	20	140	176	56	175	55	56	176
139	21	138	20	21	139	175	57	174	56	57	175
138	22	137	21	22	138	174	58	173	57	58	174
137	23	136	22	23	137	173	59	172	58	59	173
136	24	135	23	24	136	172	60	171	59	60	172
135	25	134	24	25	135	171	61	170	60	61	171
134	26	133	25	26	134	170	62	169	61	62	170
133	27	132	26	27	133	169	63	168	62	63	169
132	28	131	27	28	132	168	64	167	63	64	168
131	29	130	28	29	131
130	30	129	29	30	130
129	31	128	30	31	129	165	67	164	66	67	165
128	32	127	31	32	128	164	68	163	67	68	164
127	33	126	32	33	127	163	69	162	68	69	163
126	34	125	33	34	126	162	70	161	69	70	162
125	35	124	34	35	125	161	71	160	70	71	161
124	36	123	35	36	124	160	72	159	71	72	160
123	37	122	36	37	123
122	38	121	37	38	122
121	39	120	38	39	121	157	75	156	74	75	157
120	40	119	39	40	120	156	76	155	75	76	156
119	41	118	40	41	119	155	77	154	76	77	155
118	6	117	41	6	118	154	42	153	77	42	154
167	65	166	64	65	167
166	66	165	65	66	166
159	73	158	72	73	159
158	74	157	73	74	158
189	79	188	78	79	189
188	80	223	79	80	188
223	81	222	80	81	223
222	82	221	81	82	222
221	83	220	82	83	221
220	84	219	83	84	220
219	85	218	84	85	219
218	86	217	85	86	218
217	87	216	86	87	217
216	88	215	87	88	216
215	89	214	88	89	215
214	90	213	89	90	214
213	91	212	90	91	213
212	92	211	91	92	212
211	93	210	92	93	211
210	94	209	93	94	210
209	95	208	94	95	209
208	96	207	95	96	208
207	97	206	96	97	207
206	98	205	97	98	206
205	99	204	98	99	205
204	100	203	99	100	204
203	101	202	100	101	203
202	102	201	101	102	202
201	103	200	102	103	201
200	104	199	103	104	200
199	105	198	104	105	199
198	106	197	105	106	198
197	107	196	106	107	197
196	108	195	107	108	196
195	109	194	108	109	195
194	110	193	109	110	194
193	111	192	110	111	193
192	112	191	111	112	192
191	113	190	112	113	191
190	78	189	113	78	190

#	Normal	82
-1	0	0
0	-1	0
1	0	0
0	1	-0
0	0	1
0	0	-1
-0.087167	0	-0.996194
-0.258819	0	-0.965926
-0.422574	0	-0.906328
-0.573391	0	-0.819282
-0.707062	0	-0.707151
-0.819249	0	-0.573438
-0.906328	0	-0.422574
-0.965892	0	-0.258946
-0.996226	0	-0.0867985
-0.996226	0	0.0867985
-0.965892	0	0.258946
-0.906328	0	0.422574
-0.819249	0	0.573438
-0.707062	0	0.707151
-0.573391	0	0.819282
-0.422574	0	0.906328
-0.258819	0	0.965926
-0.087167	0	0.996194
0.087167	-0	0.996194
0.258819	-0	0.965926
0.422574	-0	0.906328
0.573391	-0	0.819282
0.707774	-0	0.706439
0.81858	-0	0.574392
0.906328	-0	0.422574
0.965892	-0	0.258946
0.996226	-0	0.0867985
0.996226	0	-0.0867985
0.965892	0	-0.258946
0.906328	0	-0.422574
0.81858	0	-0.574392
0.707774	0	-0.706439
0.573391	0	-0.819282
0.422574	0	-0.906328
0.258819	0	-0.965926
0.087167	0	-0.996194
0.707062	-0	0.707151
0.819249	-0	0.573438
0.819249	0	-0.573438
0.707062	0	-0.707151
-0.0871225	0	-0.996198
-0.258632	0	-0.965976
-0.423008	0	-0.906126
-0.573507	0	-0.8192
-0.707499	0	-0.706714
-0.819111	0	-0.573635
-0.906114	0	-0.423033
-0.966093	0	-0.258193
-0.996135	0	-0.0878382
-0.996134	0	0.087848
-0.966093	0	0.258193
-0.906134	0	0.42299
-0.819074	0	0.573688
-0.707499	0	0.706714
-0.573507	0	0.8192
-0.423008	0	0.906126
-0.258736	0	0.965948
-0.0871225	0	0.996198
0.0871225	-0	0.996198
0.259185	-0	0.965828
0.422321	-0	0.906446
0.573507	-0	0.8192
0.707499	-0	0.706714
0.819074	-0	0.573688
0.906134	-0	0.42299
0.966093	-0	0.258193
0.996134	-0	0.087848
0.996135	0	-0.0878382
0.966093	0	-0.258193
0.906114	0	-0.423033
0.819111	0	-0.573635
0.707499	0	-0.706714
0.573507	0	-0.8192
0.422321	0	-0.906446
0.25908	0	-0.965856
0.0871225	0	-0.996198

#	Mesh	0	End

