#	Mesh	0	Begin

#	Vertex	232
-89281.7	51864.5	-50
-89281.7	51864.5	4650
-89081.7	51864.5	4650
-89081.7	51864.5	-50
-89081.7	59564.5	4650
-89081.7	59564.5	-50
-89081.7	58588.3	4130
-89081.7	59188.3	4130
-89081.7	59188.3	4550
-89081.7	58588.3	4550
-89081.7	57904.5	4297.99
-89081.7	57910	4298.47
-89081.7	57915.3	4299.89
-89081.7	57920.3	4302.21
-89081.7	57924.8	4305.36
-89081.7	57928.6	4309.25
-89081.7	57931.8	4313.74
-89081.7	57934.1	4318.72
-89081.7	57935.5	4324.02
-89081.7	57936	4329.49
-89081.7	57935.5	4334.96
-89081.7	57934.1	4340.27
-89081.7	57931.8	4345.24
-89081.7	57928.6	4349.74
-89081.7	57924.8	4353.62
-89081.7	57920.3	4356.77
-89081.7	57915.3	4359.09
-89081.7	57910	4360.52
-89081.7	57904.5	4360.99
-89081.7	57899	4360.52
-89081.7	57893.7	4359.09
-89081.7	57888.8	4356.77
-89081.7	57884.3	4353.62
-89081.7	57880.4	4349.74
-89081.7	57877.2	4345.24
-89081.7	57874.9	4340.27
-89081.7	57873.5	4334.96
-89081.7	57873	4329.49
-89081.7	57873.5	4324.02
-89081.7	57874.9	4318.72
-89081.7	57877.2	4313.74
-89081.7	57880.4	4309.25
-89081.7	57884.3	4305.36
-89081.7	57888.8	4302.21
-89081.7	57893.7	4299.89
-89081.7	57899	4298.47
-89081.7	57665.4	4245.1
-89081.7	57680.2	4246.4
-89081.7	57694.5	4250.23
-89081.7	57707.9	4256.49
-89081.7	57720	4264.99
-89081.7	57730.5	4275.47
-89081.7	57739	4287.6
-89081.7	57745.3	4301.03
-89081.7	57749.1	4315.34
-89081.7	57750.4	4330.1
-89081.7	57749.1	4344.86
-89081.7	57745.3	4359.18
-89081.7	57739	4372.6
-89081.7	57730.5	4384.74
-89081.7	57720	4395.22
-89081.7	57707.9	4403.72
-89081.7	57694.5	4409.98
-89081.7	57680.2	4413.81
-89081.7	57665.4	4415.1
-89081.7	57650.6	4413.81
-89081.7	57636.3	4409.98
-89081.7	57622.9	4403.72
-89081.7	57610.8	4395.22
-89081.7	57600.3	4384.74
-89081.7	57591.8	4372.6
-89081.7	57585.5	4359.18
-89081.7	57581.7	4344.86
-89081.7	57580.4	4330.1
-89081.7	57581.7	4315.34
-89081.7	57585.5	4301.03
-89081.7	57591.8	4287.6
-89081.7	57600.3	4275.47
-89081.7	57610.8	4264.99
-89081.7	57622.9	4256.49
-89081.7	57636.3	4250.23
-89081.7	57650.6	4246.4
-89081.7	57432.1	4245.1
-89081.7	57446.8	4246.39
-89081.7	57461.1	4250.23
-89081.7	57474.6	4256.49
-89081.7	57486.7	4264.99
-89081.7	57497.2	4275.47
-89081.7	57505.7	4287.6
-89081.7	57511.9	4301.03
-89081.7	57515.8	4315.34
-89081.7	57517.1	4330.1
-89081.7	57515.8	4344.86
-89081.7	57511.9	4359.17
-89081.7	57505.7	4372.6
-89081.7	57497.2	4384.74
-89081.7	57486.7	4395.22
-89081.7	57474.6	4403.71
-89081.7	57461.1	4409.98
-89081.7	57446.8	4413.81
-89081.7	57432.1	4415.1
-89081.7	57417.3	4413.81
-89081.7	57403	4409.98
-89081.7	57389.6	4403.71
-89081.7	57377.4	4395.22
-89081.7	57366.9	4384.74
-89081.7	57358.4	4372.6
-89081.7	57352.2	4359.17
-89081.7	57348.3	4344.86
-89081.7	57347.1	4330.1
-89081.7	57348.3	4315.34
-89081.7	57352.2	4301.03
-89081.7	57358.4	4287.6
-89081.7	57366.9	4275.47
-89081.7	57377.4	4264.99
-89081.7	57389.6	4256.49
-89081.7	57403	4250.23
-89081.7	57417.3	4246.39
-89281.7	59564.5	4650
-89281.7	59564.5	-50
-89281.7	59188.3	4130
-89281.7	58588.3	4130
-89281.7	58588.3	4550
-89281.7	59188.3	4550
-89281.7	57910	4298.47
-89281.7	57904.5	4297.99
-89281.7	57899	4298.47
-89281.7	57893.7	4299.89
-89281.7	57888.8	4302.21
-89281.7	57884.3	4305.36
-89281.7	57880.4	4309.25
-89281.7	57877.2	4313.74
-89281.7	57874.9	4318.72
-89281.7	57873.5	4324.02
-89281.7	57873	4329.49
-89281.7	57873.5	4334.96
-89281.7	57874.9	4340.27
-89281.7	57877.2	4345.24
-89281.7	57880.4	4349.74
-89281.7	57884.3	4353.62
-89281.7	57888.8	4356.77
-89281.7	57893.7	4359.09
-89281.7	57899	4360.52
-89281.7	57904.5	4360.99
-89281.7	57910	4360.52
-89281.7	57915.3	4359.09
-89281.7	57920.3	4356.77
-89281.7	57924.8	4353.62
-89281.7	57928.6	4349.74
-89281.7	57931.8	4345.24
-89281.7	57934.1	4340.27
-89281.7	57935.5	4334.96
-89281.7	57936	4329.49
-89281.7	57935.5	4324.02
-89281.7	57934.1	4318.72
-89281.7	57931.8	4313.74
-89281.7	57928.6	4309.25
-89281.7	57924.8	4305.36
-89281.7	57920.3	4302.21
-89281.7	57915.3	4299.89
-89281.7	57680.2	4246.4
-89281.7	57665.4	4245.1
-89281.7	57650.6	4246.4
-89281.7	57636.3	4250.23
-89281.7	57622.9	4256.49
-89281.7	57610.8	4264.99
-89281.7	57600.3	4275.47
-89281.7	57591.8	4287.6
-89281.7	57585.5	4301.03
-89281.7	57581.7	4315.34
-89281.7	57580.4	4330.1
-89281.7	57581.7	4344.86
-89281.7	57585.5	4359.18
-89281.7	57591.8	4372.6
-89281.7	57600.3	4384.74
-89281.7	57610.8	4395.22
-89281.7	57622.9	4403.72
-89281.7	57636.3	4409.98
-89281.7	57650.6	4413.81
-89281.7	57665.4	4415.1
-89281.7	57680.2	4413.81
-89281.7	57694.5	4409.98
-89281.7	57707.9	4403.72
-89281.7	57720	4395.22
-89281.7	57730.5	4384.74
-89281.7	57739	4372.6
-89281.7	57745.3	4359.18
-89281.7	57749.1	4344.86
-89281.7	57750.4	4330.1
-89281.7	57749.1	4315.34
-89281.7	57745.3	4301.03
-89281.7	57739	4287.6
-89281.7	57730.5	4275.47
-89281.7	57720	4264.99
-89281.7	57707.9	4256.49
-89281.7	57694.5	4250.23
-89281.7	57446.8	4246.39
-89281.7	57432.1	4245.1
-89281.7	57417.3	4246.39
-89281.7	57403	4250.23
-89281.7	57389.6	4256.49
-89281.7	57377.4	4264.99
-89281.7	57366.9	4275.47
-89281.7	57358.4	4287.6
-89281.7	57352.2	4301.03
-89281.7	57348.3	4315.34
-89281.7	57347.1	4330.1
-89281.7	57348.3	4344.86
-89281.7	57352.2	4359.17
-89281.7	57358.4	4372.6
-89281.7	57366.9	4384.74
-89281.7	57377.4	4395.22
-89281.7	57389.6	4403.71
-89281.7	57403	4409.98
-89281.7	57417.3	4413.81
-89281.7	57432.1	4415.1
-89281.7	57446.8	4413.81
-89281.7	57461.1	4409.98
-89281.7	57474.6	4403.71
-89281.7	57486.7	4395.22
-89281.7	57497.2	4384.74
-89281.7	57505.7	4372.6
-89281.7	57511.9	4359.17
-89281.7	57515.8	4344.86
-89281.7	57517.1	4330.1
-89281.7	57515.8	4315.34
-89281.7	57511.9	4301.03
-89281.7	57505.7	4287.6
-89281.7	57497.2	4275.47
-89281.7	57486.7	4264.99
-89281.7	57474.6	4256.49
-89281.7	57461.1	4250.23

#	Triangle	100
0	2	1	3	2	0	120	8	123	7	8	120
4	7	5	7	3	5	7	6	3	6	2	3	4	8	7	9	12	6	12	11	6	11	10	6	10	48	6	48	47	6	47	46	6	46	82	6	82	2	6	46	83	82	117	2	82	81	83	46	81	84	83	116	2	117	80	84	81	80	85	84	115	2	116	10	49	48	79	85	80	79	86	85	114	2	115	10	50	49	78	86	79	78	87	86	113	2	114	10	51	50	77	87	78	77	88	87	112	2	113	10	52	51	76	88	77	76	89	88	111	2	112	10	53	52	75	89	76	45	53	10	44	53	45	9	13	12	43	53	44	75	90	89	110	2	111	43	54	53	74	90	75	9	14	13	42	54	43	9	15	14	41	54	42	9	16	15	40	54	41	9	17	16	39	54	40	74	91	90	109	2	110	39	55	54	73	91	74	9	18	17	38	55	39	9	19	18	37	55	38	9	20	19	36	55	37	73	92	91	108	2	109	36	56	55	72	92	73	9	21	20	35	56	36	9	22	21	34	56	35	72	93	92	107	2	108	34	57	56	71	93	72	9	23	22	33	57	34	9	24	23	32	57	33	9	25	24	31	57	32	9	26	25	30	57	31	9	27	26	29	57	30	71	94	93	106	2	107	29	58	57	70	94	71	9	28	27	28	58	29	9	58	28	70	95	94	105	2	106	9	59	58	69	95	70	69	96	95	104	2	105	9	60	59	68	96	69	68	97	96	103	2	104	9	61	60	67	97	68	67	98	97	102	2	103	9	62	61	66	98	67	66	99	98	101	2	102	9	63	62	65	99	66	65	100	99	100	2	101	9	64	63	64	100	65	64	2	100	9	2	64	4	9	8	4	2	9
5	118	4	119	118	5	122	6	121	9	6	122
1	119	0	1	121	119	121	120	119	120	118	119	1	197	121	197	161	121	161	160	121	160	195	121	195	125	121	125	124	121	124	159	121	159	122	121	123	118	120	1	198	197	196	161	197	196	162	161	1	199	198	231	162	196	231	163	162	1	200	199	230	163	231	230	164	163	194	125	195	1	201	200	229	164	230	229	165	164	193	125	194	1	202	201	228	165	229	228	166	165	192	125	193	1	203	202	227	166	228	227	167	166	191	125	192	1	204	203	226	167	227	226	168	167	190	125	191	190	126	125	190	127	126	190	128	127	158	122	159	1	205	204	225	168	226	225	169	168	189	128	190	189	129	128	157	122	158	189	130	129	156	122	157	189	131	130	155	122	156	189	132	131	154	122	155	1	206	205	224	169	225	224	170	169	188	132	189	188	133	132	153	122	154	188	134	133	152	122	153	188	135	134	151	122	152	1	207	206	223	170	224	223	171	170	187	135	188	187	136	135	150	122	151	187	137	136	149	122	150	1	208	207	222	171	223	222	172	171	186	137	187	186	138	137	148	122	149	186	139	138	147	122	148	186	140	139	146	122	147	186	141	140	145	122	146	186	142	141	144	122	145	1	209	208	221	172	222	221	173	172	185	142	186	185	143	142	143	122	144	185	122	143	1	210	209	220	173	221	220	174	173	184	122	185	1	211	210	219	174	220	219	175	174	183	122	184	1	212	211	218	175	219	218	176	175	182	122	183	1	213	212	217	176	218	217	177	176	181	122	182	1	214	213	216	177	217	216	178	177	180	122	181	1	215	214	215	178	216	215	179	178	179	122	180	1	179	215	1	122	179	1	123	122	1	118	123
0	5	3	119	5	0	123	9	122	8	9	123
2	118	1	4	118	2	121	7	120	6	7	121
125	11	124	10	11	125
124	12	159	11	12	124
159	13	158	12	13	159
158	14	157	13	14	158
157	15	156	14	15	157
156	16	155	15	16	156
155	17	154	16	17	155
154	18	153	17	18	154
153	19	152	18	19	153
152	20	151	19	20	152
151	21	150	20	21	151
150	22	149	21	22	150
149	23	148	22	23	149
148	24	147	23	24	148	220	96	219	95	96	220
147	25	146	24	25	147
146	26	145	25	26	146
145	27	144	26	27	145
144	28	143	27	28	144
143	29	142	28	29	143
142	30	141	29	30	142
141	31	140	30	31	141
140	32	139	31	32	140
139	33	138	32	33	139	211	105	210	104	105	211
138	34	137	33	34	138
137	35	136	34	35	137
136	36	135	35	36	136
135	37	134	36	37	135
134	38	133	37	38	134
133	39	132	38	39	133
132	40	131	39	40	132	204	112	203	111	112	204
131	41	130	40	41	131
130	42	129	41	42	130
129	43	128	42	43	129
128	44	127	43	44	128
127	45	126	44	45	127
126	10	125	45	10	126
161	47	160	46	47	161
160	48	195	47	48	160	196	84	231	83	84	196
195	49	194	48	49	195	231	85	230	84	85	231
194	50	193	49	50	194
193	51	192	50	51	193
192	52	191	51	52	192
191	53	190	52	53	191
190	54	189	53	54	190
189	55	188	54	55	189
188	56	187	55	56	188
187	57	186	56	57	187
186	58	185	57	58	186	222	94	221	93	94	222
185	59	184	58	59	185
184	60	183	59	60	184
183	61	182	60	61	183
182	62	181	61	62	182	218	98	217	97	98	218
181	63	180	62	63	181	217	99	216	98	99	217
180	64	179	63	64	180
179	65	178	64	65	179
178	66	177	65	66	178	214	102	213	101	102	214
177	67	176	66	67	177	213	103	212	102	103	213
176	68	175	67	68	176
175	69	174	68	69	175
174	70	173	69	70	174
173	71	172	70	71	173	209	107	208	106	107	209
172	72	171	71	72	172
171	73	170	72	73	171
170	74	169	73	74	170
169	75	168	74	75	169	205	111	204	110	111	205
168	76	167	75	76	168
167	77	166	76	77	167
166	78	165	77	78	166
165	79	164	78	79	165
164	80	163	79	80	164	200	116	199	115	116	200
163	81	162	80	81	163	199	117	198	116	117	199
162	46	161	81	46	162
197	83	196	82	83	197
230	86	229	85	86	230
229	87	228	86	87	229
228	88	227	87	88	228
227	89	226	88	89	227
226	90	225	89	90	226
225	91	224	90	91	225
224	92	223	91	92	224
223	93	222	92	93	223
221	95	220	94	95	221
219	97	218	96	97	219
216	100	215	99	100	216
215	101	214	100	101	215
212	104	211	103	104	212
210	106	209	105	106	210
208	108	207	107	108	208
207	109	206	108	109	207
206	110	205	109	110	206
203	113	202	112	113	203
202	114	201	113	114	202
201	115	200	114	115	201
198	82	197	117	82	198

#	Normal	100
-0	1	0
-1	0	0
-0	-1	-0
1	0	0
0	-0	1
0	0	-1
0	0.087167	-0.996194
0	0.258736	-0.965948
0	0.422647	-0.906294
0	0.573725	-0.819048
0	0.707062	-0.707151
0	0.819249	-0.573438
0	0.90604	-0.423192
0	0.966069	-0.258283
0	0.996165	-0.0874968
-0	0.996164	0.0875045
-0	0.966069	0.258283
-0	0.906056	0.423158
-0	0.819219	0.57348
-0	0.707107	0.707107
-0	0.573725	0.819048
-0	0.422574	0.906328
-0	0.258819	0.965926
-0	0.087167	0.996194
0	-0.087167	0.996194
0	-0.258819	0.965926
0	-0.422574	0.906328
0	-0.573391	0.819282
0	-0.707107	0.707107
0	-0.819219	0.57348
0	-0.906328	0.422574
0	-0.965892	0.258946
0	-0.996226	0.0867985
0	-0.996227	-0.0867908
0	-0.965892	-0.258946
0	-0.906313	-0.422608
0	-0.819249	-0.573438
0	-0.707062	-0.707151
0	-0.573391	-0.819282
0	-0.422647	-0.906294
0	-0.258736	-0.965948
0	-0.087167	-0.996194
0	0.0871473	-0.996195
0	0.258815	-0.965927
0	0.422582	-0.906325
0	0.573591	-0.819142
0	0.707107	-0.707107
0	0.819107	-0.573641
0	0.906307	-0.42262
0	0.965972	-0.258647
0	0.996185	-0.0872638
-0	0.996185	0.0872667
-0	0.965974	0.258639
-0	0.906307	0.42262
-0	0.819096	0.573657
-0	0.707123	0.70709
-0	0.573569	0.819158
-0	0.422582	0.906325
-0	0.258815	0.965927
-0	0.08718	0.996193
0	-0.0871571	0.996195
0	-0.258815	0.965927
0	-0.422683	0.906277
0	-0.573569	0.819158
0	-0.707123	0.70709
0	-0.819096	0.573657
0	-0.906307	0.42262
0	-0.965908	0.258885
0	-0.996208	0.0870051
0	-0.996208	-0.0870022
0	-0.965906	-0.258893
0	-0.906307	-0.42262
0	-0.819107	-0.573641
0	-0.707107	-0.707107
0	-0.573591	-0.819142
0	-0.422683	-0.906277
0	-0.258815	-0.965927
0	-0.0871244	-0.996197
0	0.08718	-0.996193
0	0.573569	-0.819158
0	0.707123	-0.70709
0	0.81922	-0.57348
0	0.906313	-0.422608
0	0.965906	-0.258893
0	0.996185	-0.0872667
-0	0.996185	0.0872638
-0	0.965906	0.258893
-0	0.81923	0.573465
-0	0.573591	0.819142
-0	0.0871473	0.996195
0	-0.0871244	0.996197
0	-0.573467	0.819229
0	-0.81923	0.573465
0	-0.965906	0.258893
0	-0.996208	0.0870022
0	-0.996208	-0.0870051
0	-0.81922	-0.57348
0	-0.707123	-0.70709
0	-0.573445	-0.819244
0	-0.0871571	-0.996195

#	Mesh	0	End

