#	Mesh	0	Begin

#	Vertex	680
-89281.7	62364.5	-50
-89281.7	62364.5	5230
-89281.7	62564.5	5230
-89281.7	62564.5	-50
-99131.7	62564.5	5230
-99131.7	62564.5	-50
-98832.1	62564.5	2700
-97032.1	62564.5	2700
-97032.1	62564.5	0
-98832.1	62564.5	0
-94101.7	62564.5	4130
-95201.7	62564.5	4130
-95201.7	62564.5	4550
-94101.7	62564.5	4550
-95341.2	62564.5	4290
-95841.2	62564.5	4290
-95841.2	62564.5	4550
-95341.2	62564.5	4550
-91456.4	62564.5	4568.5
-91461.9	62564.5	4568.98
-91467.2	62564.5	4570.4
-91472.2	62564.5	4572.72
-91476.7	62564.5	4575.87
-91480.6	62564.5	4579.75
-91483.7	62564.5	4584.25
-91486	62564.5	4589.23
-91487.5	62564.5	4594.53
-91487.9	62564.5	4600
-91487.5	62564.5	4605.47
-91486	62564.5	4610.77
-91483.7	62564.5	4615.75
-91480.6	62564.5	4620.25
-91476.7	62564.5	4624.13
-91472.2	62564.5	4627.28
-91467.2	62564.5	4629.6
-91461.9	62564.5	4631.02
-91456.4	62564.5	4631.5
-91451	62564.5	4631.02
-91445.7	62564.5	4629.6
-91440.7	62564.5	4627.28
-91436.2	62564.5	4624.13
-91432.3	62564.5	4620.25
-91429.2	62564.5	4615.75
-91426.8	62564.5	4610.77
-91425.4	62564.5	4605.47
-91424.9	62564.5	4600
-91425.4	62564.5	4594.53
-91426.8	62564.5	4589.23
-91429.2	62564.5	4584.25
-91432.3	62564.5	4579.75
-91436.2	62564.5	4575.87
-91440.7	62564.5	4572.72
-91445.7	62564.5	4570.4
-91451	62564.5	4568.98
-94135.2	62564.5	4568.5
-94140.7	62564.5	4568.98
-94146	62564.5	4570.4
-94151	62564.5	4572.72
-94155.5	62564.5	4575.87
-94159.4	62564.5	4579.75
-94162.5	62564.5	4584.25
-94164.8	62564.5	4589.23
-94166.2	62564.5	4594.53
-94166.7	62564.5	4600
-94166.2	62564.5	4605.47
-94164.8	62564.5	4610.77
-94162.5	62564.5	4615.75
-94159.4	62564.5	4620.25
-94155.5	62564.5	4624.13
-94151	62564.5	4627.28
-94146	62564.5	4629.6
-94140.7	62564.5	4631.02
-94135.2	62564.5	4631.5
-94129.8	62564.5	4631.02
-94124.4	62564.5	4629.6
-94119.5	62564.5	4627.28
-94115	62564.5	4624.13
-94111.1	62564.5	4620.25
-94107.9	62564.5	4615.75
-94105.6	62564.5	4610.77
-94104.2	62564.5	4605.47
-94103.7	62564.5	4600
-94104.2	62564.5	4594.53
-94105.6	62564.5	4589.23
-94107.9	62564.5	4584.25
-94111.1	62564.5	4579.75
-94115	62564.5	4575.87
-94119.5	62564.5	4572.72
-94124.4	62564.5	4570.4
-94129.8	62564.5	4568.98
-91306.4	62564.5	4568.5
-91311.9	62564.5	4568.98
-91317.2	62564.5	4570.4
-91322.2	62564.5	4572.72
-91326.7	62564.5	4575.87
-91330.6	62564.5	4579.75
-91333.7	62564.5	4584.25
-91336	62564.5	4589.23
-91337.5	62564.5	4594.53
-91337.9	62564.5	4600
-91337.5	62564.5	4605.47
-91336	62564.5	4610.77
-91333.7	62564.5	4615.75
-91330.6	62564.5	4620.25
-91326.7	62564.5	4624.13
-91322.2	62564.5	4627.28
-91317.2	62564.5	4629.6
-91311.9	62564.5	4631.02
-91306.4	62564.5	4631.5
-91301	62564.5	4631.02
-91295.7	62564.5	4629.6
-91290.7	62564.5	4627.28
-91286.2	62564.5	4624.13
-91282.3	62564.5	4620.25
-91279.2	62564.5	4615.75
-91276.8	62564.5	4610.77
-91275.4	62564.5	4605.47
-91274.9	62564.5	4600
-91275.4	62564.5	4594.53
-91276.8	62564.5	4589.23
-91279.2	62564.5	4584.25
-91282.3	62564.5	4579.75
-91286.2	62564.5	4575.87
-91290.7	62564.5	4572.72
-91295.7	62564.5	4570.4
-91301	62564.5	4568.98
-94022.4	62564.5	4568.5
-94027.9	62564.5	4568.98
-94033.2	62564.5	4570.4
-94038.2	62564.5	4572.72
-94042.7	62564.5	4575.87
-94046.5	62564.5	4579.75
-94049.7	62564.5	4584.25
-94052	62564.5	4589.23
-94053.4	62564.5	4594.53
-94053.9	62564.5	4600
-94053.4	62564.5	4605.47
-94052	62564.5	4610.77
-94049.7	62564.5	4615.75
-94046.5	62564.5	4620.25
-94042.7	62564.5	4624.13
-94038.2	62564.5	4627.28
-94033.2	62564.5	4629.6
-94027.9	62564.5	4631.02
-94022.4	62564.5	4631.5
-94016.9	62564.5	4631.02
-94011.6	62564.5	4629.6
-94006.7	62564.5	4627.28
-94002.2	62564.5	4624.13
-93998.3	62564.5	4620.25
-93995.1	62564.5	4615.75
-93992.8	62564.5	4610.77
-93991.4	62564.5	4605.47
-93990.9	62564.5	4600
-93991.4	62564.5	4594.53
-93992.8	62564.5	4589.23
-93995.1	62564.5	4584.25
-93998.3	62564.5	4579.75
-94002.2	62564.5	4575.87
-94006.7	62564.5	4572.72
-94011.6	62564.5	4570.4
-94016.9	62564.5	4568.98
-91581.7	62564.5	4575
-91586.1	62564.5	4575.38
-91590.3	62564.5	4576.51
-91594.2	62564.5	4578.35
-91597.8	62564.5	4580.85
-91600.9	62564.5	4583.93
-91603.4	62564.5	4587.5
-91605.2	62564.5	4591.45
-91606.4	62564.5	4595.66
-91606.7	62564.5	4600
-91606.4	62564.5	4604.34
-91605.2	62564.5	4608.55
-91603.4	62564.5	4612.5
-91600.9	62564.5	4616.07
-91597.8	62564.5	4619.15
-91594.2	62564.5	4621.65
-91590.3	62564.5	4623.49
-91586.1	62564.5	4624.62
-91581.7	62564.5	4625
-91577.4	62564.5	4624.62
-91573.2	62564.5	4623.49
-91569.2	62564.5	4621.65
-91565.7	62564.5	4619.15
-91562.6	62564.5	4616.07
-91560.1	62564.5	4612.5
-91558.3	62564.5	4608.55
-91557.1	62564.5	4604.34
-91556.7	62564.5	4600
-91557.1	62564.5	4595.66
-91558.3	62564.5	4591.45
-91560.1	62564.5	4587.5
-91562.6	62564.5	4583.93
-91565.7	62564.5	4580.85
-91569.2	62564.5	4578.35
-91573.2	62564.5	4576.51
-91577.4	62564.5	4575.38
-94257.7	62564.5	4575
-94262	62564.5	4575.38
-94266.2	62564.5	4576.51
-94270.2	62564.5	4578.35
-94273.7	62564.5	4580.85
-94276.8	62564.5	4583.93
-94279.3	62564.5	4587.5
-94281.2	62564.5	4591.45
-94282.3	62564.5	4595.66
-94282.7	62564.5	4600
-94282.3	62564.5	4604.34
-94281.2	62564.5	4608.55
-94279.3	62564.5	4612.5
-94276.8	62564.5	4616.07
-94273.7	62564.5	4619.15
-94270.2	62564.5	4621.65
-94266.2	62564.5	4623.49
-94262	62564.5	4624.62
-94257.7	62564.5	4625
-94253.3	62564.5	4624.62
-94249.1	62564.5	4623.49
-94245.2	62564.5	4621.65
-94241.6	62564.5	4619.15
-94238.5	62564.5	4616.07
-94236	62564.5	4612.5
-94234.2	62564.5	4608.55
-94233.1	62564.5	4604.34
-94232.7	62564.5	4600
-94233.1	62564.5	4595.66
-94234.2	62564.5	4591.45
-94236	62564.5	4587.5
-94238.5	62564.5	4583.93
-94241.6	62564.5	4580.85
-94245.2	62564.5	4578.35
-94249.1	62564.5	4576.51
-94253.3	62564.5	4575.38
-96959.3	62564.5	4568.5
-96964.8	62564.5	4568.98
-96970.1	62564.5	4570.4
-96975	62564.5	4572.72
-96979.5	62564.5	4575.87
-96983.4	62564.5	4579.75
-96986.6	62564.5	4584.25
-96988.9	62564.5	4589.23
-96990.3	62564.5	4594.53
-96990.8	62564.5	4600
-96990.3	62564.5	4605.47
-96988.9	62564.5	4610.77
-96986.6	62564.5	4615.75
-96983.4	62564.5	4620.25
-96979.5	62564.5	4624.13
-96975	62564.5	4627.28
-96970.1	62564.5	4629.6
-96964.8	62564.5	4631.02
-96959.3	62564.5	4631.5
-96953.8	62564.5	4631.02
-96948.5	62564.5	4629.6
-96943.5	62564.5	4627.28
-96939	62564.5	4624.13
-96935.1	62564.5	4620.25
-96932	62564.5	4615.75
-96929.7	62564.5	4610.77
-96928.3	62564.5	4605.47
-96927.8	62564.5	4600
-96928.3	62564.5	4594.53
-96929.7	62564.5	4589.23
-96932	62564.5	4584.25
-96935.1	62564.5	4579.75
-96939	62564.5	4575.87
-96943.5	62564.5	4572.72
-96948.5	62564.5	4570.4
-96953.8	62564.5	4568.98
-96849	62564.5	4568.5
-96854.4	62564.5	4568.98
-96859.7	62564.5	4570.4
-96864.7	62564.5	4572.72
-96869.2	62564.5	4575.87
-96873.1	62564.5	4579.75
-96876.2	62564.5	4584.25
-96878.6	62564.5	4589.23
-96880	62564.5	4594.53
-96880.5	62564.5	4600
-96880	62564.5	4605.47
-96878.6	62564.5	4610.77
-96876.2	62564.5	4615.75
-96873.1	62564.5	4620.25
-96869.2	62564.5	4624.13
-96864.7	62564.5	4627.28
-96859.7	62564.5	4629.6
-96854.4	62564.5	4631.02
-96849	62564.5	4631.5
-96843.5	62564.5	4631.02
-96838.2	62564.5	4629.6
-96833.2	62564.5	4627.28
-96828.7	62564.5	4624.13
-96824.8	62564.5	4620.25
-96821.7	62564.5	4615.75
-96819.4	62564.5	4610.77
-96817.9	62564.5	4605.47
-96817.5	62564.5	4600
-96817.9	62564.5	4594.53
-96819.4	62564.5	4589.23
-96821.7	62564.5	4584.25
-96824.8	62564.5	4579.75
-96828.7	62564.5	4575.87
-96833.2	62564.5	4572.72
-96838.2	62564.5	4570.4
-96843.5	62564.5	4568.98
-97086.7	62564.5	4575
-97091.1	62564.5	4575.38
-97095.3	62564.5	4576.51
-97099.2	62564.5	4578.35
-97102.8	62564.5	4580.85
-97105.9	62564.5	4583.93
-97108.4	62564.5	4587.5
-97110.2	62564.5	4591.45
-97111.4	62564.5	4595.66
-97111.7	62564.5	4600
-97111.4	62564.5	4604.34
-97110.2	62564.5	4608.55
-97108.4	62564.5	4612.5
-97105.9	62564.5	4616.07
-97102.8	62564.5	4619.15
-97099.2	62564.5	4621.65
-97095.3	62564.5	4623.49
-97091.1	62564.5	4624.62
-97086.7	62564.5	4625
-97082.4	62564.5	4624.62
-97078.2	62564.5	4623.49
-97074.2	62564.5	4621.65
-97070.7	62564.5	4619.15
-97067.6	62564.5	4616.07
-97065.1	62564.5	4612.5
-97063.2	62564.5	4608.55
-97062.1	62564.5	4604.34
-97061.7	62564.5	4600
-97062.1	62564.5	4595.66
-97063.2	62564.5	4591.45
-97065.1	62564.5	4587.5
-97067.6	62564.5	4583.93
-97070.7	62564.5	4580.85
-97074.2	62564.5	4578.35
-97078.2	62564.5	4576.51
-97082.4	62564.5	4575.38
-99131.7	62364.5	5230
-99131.7	62364.5	-50
-97032.1	62364.5	2700
-98832.1	62364.5	2700
-98832.1	62364.5	0
-97032.1	62364.5	0
-95201.7	62364.5	4130
-94101.7	62364.5	4130
-94101.7	62364.5	4550
-95201.7	62364.5	4550
-95841.2	62364.5	4290
-95341.2	62364.5	4290
-95341.2	62364.5	4550
-95841.2	62364.5	4550
-91461.9	62364.5	4568.98
-91456.4	62364.5	4568.5
-91451	62364.5	4568.98
-91445.7	62364.5	4570.4
-91440.7	62364.5	4572.72
-91436.2	62364.5	4575.87
-91432.3	62364.5	4579.75
-91429.2	62364.5	4584.25
-91426.8	62364.5	4589.23
-91425.4	62364.5	4594.53
-91424.9	62364.5	4600
-91425.4	62364.5	4605.47
-91426.8	62364.5	4610.77
-91429.2	62364.5	4615.75
-91432.3	62364.5	4620.25
-91436.2	62364.5	4624.13
-91440.7	62364.5	4627.28
-91445.7	62364.5	4629.6
-91451	62364.5	4631.02
-91456.4	62364.5	4631.5
-91461.9	62364.5	4631.02
-91467.2	62364.5	4629.6
-91472.2	62364.5	4627.28
-91476.7	62364.5	4624.13
-91480.6	62364.5	4620.25
-91483.7	62364.5	4615.75
-91486	62364.5	4610.77
-91487.5	62364.5	4605.47
-91487.9	62364.5	4600
-91487.5	62364.5	4594.53
-91486	62364.5	4589.23
-91483.7	62364.5	4584.25
-91480.6	62364.5	4579.75
-91476.7	62364.5	4575.87
-91472.2	62364.5	4572.72
-91467.2	62364.5	4570.4
-94140.7	62364.5	4568.98
-94135.2	62364.5	4568.5
-94129.8	62364.5	4568.98
-94124.4	62364.5	4570.4
-94119.5	62364.5	4572.72
-94115	62364.5	4575.87
-94111.1	62364.5	4579.75
-94107.9	62364.5	4584.25
-94105.6	62364.5	4589.23
-94104.2	62364.5	4594.53
-94103.7	62364.5	4600
-94104.2	62364.5	4605.47
-94105.6	62364.5	4610.77
-94107.9	62364.5	4615.75
-94111.1	62364.5	4620.25
-94115	62364.5	4624.13
-94119.5	62364.5	4627.28
-94124.4	62364.5	4629.6
-94129.8	62364.5	4631.02
-94135.2	62364.5	4631.5
-94140.7	62364.5	4631.02
-94146	62364.5	4629.6
-94151	62364.5	4627.28
-94155.5	62364.5	4624.13
-94159.4	62364.5	4620.25
-94162.5	62364.5	4615.75
-94164.8	62364.5	4610.77
-94166.2	62364.5	4605.47
-94166.7	62364.5	4600
-94166.2	62364.5	4594.53
-94164.8	62364.5	4589.23
-94162.5	62364.5	4584.25
-94159.4	62364.5	4579.75
-94155.5	62364.5	4575.87
-94151	62364.5	4572.72
-94146	62364.5	4570.4
-91311.9	62364.5	4568.98
-91306.4	62364.5	4568.5
-91301	62364.5	4568.98
-91295.7	62364.5	4570.4
-91290.7	62364.5	4572.72
-91286.2	62364.5	4575.87
-91282.3	62364.5	4579.75
-91279.2	62364.5	4584.25
-91276.8	62364.5	4589.23
-91275.4	62364.5	4594.53
-91274.9	62364.5	4600
-91275.4	62364.5	4605.47
-91276.8	62364.5	4610.77
-91279.2	62364.5	4615.75
-91282.3	62364.5	4620.25
-91286.2	62364.5	4624.13
-91290.7	62364.5	4627.28
-91295.7	62364.5	4629.6
-91301	62364.5	4631.02
-91306.4	62364.5	4631.5
-91311.9	62364.5	4631.02
-91317.2	62364.5	4629.6
-91322.2	62364.5	4627.28
-91326.7	62364.5	4624.13
-91330.6	62364.5	4620.25
-91333.7	62364.5	4615.75
-91336	62364.5	4610.77
-91337.5	62364.5	4605.47
-91337.9	62364.5	4600
-91337.5	62364.5	4594.53
-91336	62364.5	4589.23
-91333.7	62364.5	4584.25
-91330.6	62364.5	4579.75
-91326.7	62364.5	4575.87
-91322.2	62364.5	4572.72
-91317.2	62364.5	4570.4
-94027.9	62364.5	4568.98
-94022.4	62364.5	4568.5
-94016.9	62364.5	4568.98
-94011.6	62364.5	4570.4
-94006.7	62364.5	4572.72
-94002.2	62364.5	4575.87
-93998.3	62364.5	4579.75
-93995.1	62364.5	4584.25
-93992.8	62364.5	4589.23
-93991.4	62364.5	4594.53
-93990.9	62364.5	4600
-93991.4	62364.5	4605.47
-93992.8	62364.5	4610.77
-93995.1	62364.5	4615.75
-93998.3	62364.5	4620.25
-94002.2	62364.5	4624.13
-94006.7	62364.5	4627.28
-94011.6	62364.5	4629.6
-94016.9	62364.5	4631.02
-94022.4	62364.5	4631.5
-94027.9	62364.5	4631.02
-94033.2	62364.5	4629.6
-94038.2	62364.5	4627.28
-94042.7	62364.5	4624.13
-94046.5	62364.5	4620.25
-94049.7	62364.5	4615.75
-94052	62364.5	4610.77
-94053.4	62364.5	4605.47
-94053.9	62364.5	4600
-94053.4	62364.5	4594.53
-94052	62364.5	4589.23
-94049.7	62364.5	4584.25
-94046.5	62364.5	4579.75
-94042.7	62364.5	4575.87
-94038.2	62364.5	4572.72
-94033.2	62364.5	4570.4
-91586.1	62364.5	4575.38
-91581.7	62364.5	4575
-91577.4	62364.5	4575.38
-91573.2	62364.5	4576.51
-91569.2	62364.5	4578.35
-91565.7	62364.5	4580.85
-91562.6	62364.5	4583.93
-91560.1	62364.5	4587.5
-91558.3	62364.5	4591.45
-91557.1	62364.5	4595.66
-91556.7	62364.5	4600
-91557.1	62364.5	4604.34
-91558.3	62364.5	4608.55
-91560.1	62364.5	4612.5
-91562.6	62364.5	4616.07
-91565.7	62364.5	4619.15
-91569.2	62364.5	4621.65
-91573.2	62364.5	4623.49
-91577.4	62364.5	4624.62
-91581.7	62364.5	4625
-91586.1	62364.5	4624.62
-91590.3	62364.5	4623.49
-91594.2	62364.5	4621.65
-91597.8	62364.5	4619.15
-91600.9	62364.5	4616.07
-91603.4	62364.5	4612.5
-91605.2	62364.5	4608.55
-91606.4	62364.5	4604.34
-91606.7	62364.5	4600
-91606.4	62364.5	4595.66
-91605.2	62364.5	4591.45
-91603.4	62364.5	4587.5
-91600.9	62364.5	4583.93
-91597.8	62364.5	4580.85
-91594.2	62364.5	4578.35
-91590.3	62364.5	4576.51
-94262	62364.5	4575.38
-94257.7	62364.5	4575
-94253.3	62364.5	4575.38
-94249.1	62364.5	4576.51
-94245.2	62364.5	4578.35
-94241.6	62364.5	4580.85
-94238.5	62364.5	4583.93
-94236	62364.5	4587.5
-94234.2	62364.5	4591.45
-94233.1	62364.5	4595.66
-94232.7	62364.5	4600
-94233.1	62364.5	4604.34
-94234.2	62364.5	4608.55
-94236	62364.5	4612.5
-94238.5	62364.5	4616.07
-94241.6	62364.5	4619.15
-94245.2	62364.5	4621.65
-94249.1	62364.5	4623.49
-94253.3	62364.5	4624.62
-94257.7	62364.5	4625
-94262	62364.5	4624.62
-94266.2	62364.5	4623.49
-94270.2	62364.5	4621.65
-94273.7	62364.5	4619.15
-94276.8	62364.5	4616.07
-94279.3	62364.5	4612.5
-94281.2	62364.5	4608.55
-94282.3	62364.5	4604.34
-94282.7	62364.5	4600
-94282.3	62364.5	4595.66
-94281.2	62364.5	4591.45
-94279.3	62364.5	4587.5
-94276.8	62364.5	4583.93
-94273.7	62364.5	4580.85
-94270.2	62364.5	4578.35
-94266.2	62364.5	4576.51
-96964.8	62364.5	4568.98
-96959.3	62364.5	4568.5
-96953.8	62364.5	4568.98
-96948.5	62364.5	4570.4
-96943.5	62364.5	4572.72
-96939	62364.5	4575.87
-96935.1	62364.5	4579.75
-96932	62364.5	4584.25
-96929.7	62364.5	4589.23
-96928.3	62364.5	4594.53
-96927.8	62364.5	4600
-96928.3	62364.5	4605.47
-96929.7	62364.5	4610.77
-96932	62364.5	4615.75
-96935.1	62364.5	4620.25
-96939	62364.5	4624.13
-96943.5	62364.5	4627.28
-96948.5	62364.5	4629.6
-96953.8	62364.5	4631.02
-96959.3	62364.5	4631.5
-96964.8	62364.5	4631.02
-96970.1	62364.5	4629.6
-96975	62364.5	4627.28
-96979.5	62364.5	4624.13
-96983.4	62364.5	4620.25
-96986.6	62364.5	4615.75
-96988.9	62364.5	4610.77
-96990.3	62364.5	4605.47
-96990.8	62364.5	4600
-96990.3	62364.5	4594.53
-96988.9	62364.5	4589.23
-96986.6	62364.5	4584.25
-96983.4	62364.5	4579.75
-96979.5	62364.5	4575.87
-96975	62364.5	4572.72
-96970.1	62364.5	4570.4
-96854.4	62364.5	4568.98
-96849	62364.5	4568.5
-96843.5	62364.5	4568.98
-96838.2	62364.5	4570.4
-96833.2	62364.5	4572.72
-96828.7	62364.5	4575.87
-96824.8	62364.5	4579.75
-96821.7	62364.5	4584.25
-96819.4	62364.5	4589.23
-96817.9	62364.5	4594.53
-96817.5	62364.5	4600
-96817.9	62364.5	4605.47
-96819.4	62364.5	4610.77
-96821.7	62364.5	4615.75
-96824.8	62364.5	4620.25
-96828.7	62364.5	4624.13
-96833.2	62364.5	4627.28
-96838.2	62364.5	4629.6
-96843.5	62364.5	4631.02
-96849	62364.5	4631.5
-96854.4	62364.5	4631.02
-96859.7	62364.5	4629.6
-96864.7	62364.5	4627.28
-96869.2	62364.5	4624.13
-96873.1	62364.5	4620.25
-96876.2	62364.5	4615.75
-96878.6	62364.5	4610.77
-96880	62364.5	4605.47
-96880.5	62364.5	4600
-96880	62364.5	4594.53
-96878.6	62364.5	4589.23
-96876.2	62364.5	4584.25
-96873.1	62364.5	4579.75
-96869.2	62364.5	4575.87
-96864.7	62364.5	4572.72
-96859.7	62364.5	4570.4
-97091.1	62364.5	4575.38
-97086.7	62364.5	4575
-97082.4	62364.5	4575.38
-97078.2	62364.5	4576.51
-97074.2	62364.5	4578.35
-97070.7	62364.5	4580.85
-97067.6	62364.5	4583.93
-97065.1	62364.5	4587.5
-97063.2	62364.5	4591.45
-97062.1	62364.5	4595.66
-97061.7	62364.5	4600
-97062.1	62364.5	4604.34
-97063.2	62364.5	4608.55
-97065.1	62364.5	4612.5
-97067.6	62364.5	4616.07
-97070.7	62364.5	4619.15
-97074.2	62364.5	4621.65
-97078.2	62364.5	4623.49
-97082.4	62364.5	4624.62
-97086.7	62364.5	4625
-97091.1	62364.5	4624.62
-97095.3	62364.5	4623.49
-97099.2	62364.5	4621.65
-97102.8	62364.5	4619.15
-97105.9	62364.5	4616.07
-97108.4	62364.5	4612.5
-97110.2	62364.5	4608.55
-97111.4	62364.5	4604.34
-97111.7	62364.5	4600
-97111.4	62364.5	4595.66
-97110.2	62364.5	4591.45
-97108.4	62364.5	4587.5
-97105.9	62364.5	4583.93
-97102.8	62364.5	4580.85
-97099.2	62364.5	4578.35
-97095.3	62364.5	4576.51

#	Triangle	122
0	2	1	3	2	0	9	345	346	6	345	9	348	12	351	11	12	348	352	16	355	15	16	352
4	9	5	9	3	5	9	8	3	8	2	3	4	6	9	7	90	8	90	125	8	125	124	8	124	2	8	4	7	6	4	308	7	308	307	7	307	306	7	306	236	7	236	235	7	235	234	7	234	15	7	15	11	7	11	10	7	10	90	7	15	14	11	14	12	11	13	90	10	234	16	15	17	12	14	234	17	16	234	12	17	234	13	12	234	270	13	270	54	13	54	126	13	126	18	13	18	90	13	269	270	234	269	271	270	305	54	270	305	55	54	89	126	54	89	127	126	161	18	126	161	19	18	53	90	18	53	91	90	268	271	269	268	272	271	304	55	305	304	56	55	88	127	89	88	128	127	160	19	161	160	20	19	52	91	53	52	92	91	306	237	236	267	272	268	267	273	272	303	56	304	303	57	56	87	128	88	87	129	128	159	20	160	159	21	20	51	92	52	51	93	92	123	2	124	306	238	237	266	273	267	266	274	273	302	57	303	302	198	57	198	58	57	86	129	87	86	130	129	158	21	159	158	162	21	162	22	21	50	93	51	50	94	93	122	2	123	341	238	306	302	199	198	233	58	198	158	163	162	197	22	162	340	238	341	302	200	199	232	58	233	158	164	163	196	22	197	340	239	238	265	274	266	265	275	274	301	200	302	232	59	58	85	130	86	85	131	130	157	164	158	196	23	22	49	94	50	49	95	94	121	2	122	4	309	308	339	239	340	301	201	200	231	59	232	157	165	164	195	23	196	4	310	309	338	239	339	301	202	201	230	59	231	157	166	165	194	23	195	338	240	239	264	275	265	264	276	275	300	202	301	230	60	59	84	131	85	84	132	131	156	166	157	194	24	23	48	95	49	48	96	95	120	2	121	4	311	310	337	240	338	300	203	202	229	60	230	156	167	166	193	24	194	4	312	311	336	240	337	300	204	203	228	60	229	156	168	167	192	24	193	336	241	240	263	276	264	263	277	276	299	204	300	228	61	60	83	132	84	83	133	132	155	168	156	192	25	24	47	96	48	47	97	96	119	2	120	4	313	312	335	241	336	299	205	204	227	61	228	155	169	168	191	25	192	335	242	241	262	277	263	262	278	277	298	205	299	227	62	61	82	133	83	82	134	133	154	169	155	191	26	25	46	97	47	46	98	97	118	2	119	4	314	313	334	242	335	298	206	205	226	62	227	154	170	169	190	26	191	334	243	242	261	278	262	261	279	278	297	206	298	226	63	62	81	134	82	81	135	134	153	170	154	190	27	26	45	98	46	45	99	98	117	2	118	4	315	314	333	243	334	297	207	206	225	63	226	153	171	170	189	27	190	4	316	315	332	243	333	332	244	243	260	279	261	260	280	279	296	207	297	296	208	207	224	63	225	224	64	63	80	135	81	80	136	135	152	171	153	152	172	171	188	27	189	188	28	27	44	99	45	44	100	99	116	2	117	4	317	316	331	244	332	296	209	208	223	64	224	152	173	172	187	28	188	331	245	244	259	280	260	259	281	280	295	209	296	223	65	64	79	136	80	79	137	136	151	173	152	187	29	28	43	100	44	43	101	100	115	2	116	4	318	317	330	245	331	295	210	209	222	65	223	151	174	173	186	29	187	330	246	245	258	281	259	258	282	281	294	210	295	222	66	65	78	137	79	78	138	137	150	174	151	186	30	29	42	101	43	42	102	101	114	2	115	4	319	318	329	246	330	294	211	210	221	66	222	150	175	174	185	30	186	329	247	246	257	282	258	257	283	282	293	211	294	221	67	66	77	138	78	77	139	138	149	175	150	185	31	30	41	102	42	41	103	102	113	2	114	4	320	319	328	247	329	293	212	211	220	67	221	149	176	175	184	31	185	4	321	320	327	247	328	293	213	212	219	67	220	149	177	176	183	31	184	327	248	247	256	283	257	256	284	283	292	213	293	219	68	67	76	139	77	76	140	139	148	177	149	183	32	31	40	103	41	40	104	103	112	2	113	4	322	321	326	248	327	292	214	213	218	68	219	148	178	177	182	32	183	4	323	322	325	248	326	292	215	214	217	68	218	148	179	178	181	32	182	325	249	248	255	284	256	255	285	284	291	215	292	217	69	68	75	140	76	75	141	140	147	179	148	181	33	32	39	104	40	39	105	104	111	2	112	4	324	323	324	249	325	291	216	215	216	69	217	147	180	179	180	33	181	4	249	324	291	69	216	147	33	180	4	250	249	254	285	255	254	286	285	290	69	291	290	70	69	74	141	75	74	142	141	146	33	147	146	34	33	38	105	39	38	106	105	110	2	111	4	251	250	253	286	254	253	287	286	289	70	290	289	71	70	73	142	74	73	143	142	145	34	146	145	35	34	37	106	38	37	107	106	109	2	110	4	252	251	252	287	253	252	288	287	288	71	289	288	72	71	72	143	73	72	144	143	144	35	145	144	36	35	36	107	37	36	108	107	108	2	109	4	288	252	4	72	288	4	144	72	4	36	144	4	108	36	4	2	108
5	342	4	343	342	5	7	347	344	8	347	7	350	10	349	13	10	350	354	14	353	17	14	354
1	347	0	347	343	0	347	346	343	346	342	343	1	431	347	431	430	347	430	429	347	429	344	347	345	342	346	429	345	344	429	349	345	349	348	345	348	352	345	352	609	345	609	573	345	573	572	345	572	607	345	607	645	345	645	644	345	644	679	345	679	342	345	429	350	349	351	353	348	353	352	348	351	354	353	355	609	352	429	351	350	429	354	351	429	355	354	429	357	355	357	465	355	465	393	355	393	609	355	428	357	429	428	358	357	356	465	357	356	466	465	464	393	465	464	394	393	392	609	393	392	610	609	608	573	609	608	574	573	463	358	428	463	359	358	391	466	356	391	467	466	499	394	464	499	395	394	427	610	392	427	611	610	643	574	608	643	575	574	1	432	431	462	359	463	462	360	359	390	467	391	390	468	467	498	395	499	498	396	395	426	611	427	426	612	611	642	575	643	642	576	575	606	645	607	1	433	432	461	360	462	461	361	360	389	501	390	501	468	390	501	469	468	497	396	498	497	397	396	425	537	426	537	612	426	537	613	612	641	576	642	641	577	576	605	645	606	389	502	501	500	469	501	425	538	537	536	613	537	605	646	645	389	503	502	535	469	500	425	539	538	571	613	536	605	647	646	1	434	433	460	361	461	460	362	361	388	503	389	535	470	469	496	397	497	496	398	397	424	539	425	571	614	613	640	577	641	640	578	577	604	647	605	388	504	503	534	470	535	424	540	539	570	614	571	604	648	647	678	342	679	388	505	504	533	470	534	424	541	540	569	614	570	604	649	648	677	342	678	1	435	434	459	362	460	459	363	362	387	505	388	533	471	470	495	398	496	495	399	398	423	541	424	569	615	614	639	578	640	639	579	578	603	649	604	387	506	505	532	471	533	423	542	541	568	615	569	603	650	649	676	342	677	387	507	506	531	471	532	423	543	542	567	615	568	603	651	650	675	342	676	1	436	435	458	363	459	458	364	363	386	507	387	531	472	471	494	399	495	494	400	399	422	543	423	567	616	615	638	579	639	638	580	579	602	651	603	386	508	507	530	472	531	422	544	543	566	616	567	602	652	651	674	342	675	1	437	436	457	364	458	457	365	364	385	508	386	530	473	472	493	400	494	493	401	400	421	544	422	566	617	616	637	580	638	637	581	580	601	652	602	385	509	508	529	473	530	421	545	544	565	617	566	601	653	652	673	342	674	1	438	437	456	365	457	456	366	365	384	509	385	529	474	473	492	401	493	492	402	401	420	545	421	565	618	617	636	581	637	636	582	581	600	653	601	384	510	509	528	474	529	420	546	545	564	618	565	600	654	653	672	342	673	1	439	438	455	366	456	455	367	366	383	510	384	383	511	510	527	474	528	527	475	474	491	402	492	491	403	402	419	546	420	419	547	546	563	618	564	563	619	618	635	582	636	635	583	582	599	654	600	599	655	654	671	342	672	383	512	511	526	475	527	419	548	547	562	619	563	599	656	655	670	342	671	1	440	439	454	367	455	454	368	367	382	512	383	526	476	475	490	403	491	490	404	403	418	548	419	562	620	619	634	583	635	634	584	583	598	656	599	382	513	512	525	476	526	418	549	548	561	620	562	598	657	656	669	342	670	1	441	440	453	368	454	453	369	368	381	513	382	525	477	476	489	404	490	489	405	404	417	549	418	561	621	620	633	584	634	633	585	584	597	657	598	381	514	513	524	477	525	417	550	549	560	621	561	597	658	657	668	342	669	1	442	441	452	369	453	452	370	369	380	514	381	524	478	477	488	405	489	488	406	405	416	550	417	560	622	621	632	585	633	632	586	585	596	658	597	380	515	514	523	478	524	416	551	550	559	622	560	596	659	658	667	342	668	380	516	515	522	478	523	416	552	551	558	622	559	596	660	659	666	342	667	1	443	442	451	370	452	451	371	370	379	516	380	522	479	478	487	406	488	487	407	406	415	552	416	558	623	622	631	586	632	631	587	586	595	660	596	379	517	516	521	479	522	415	553	552	557	623	558	595	661	660	665	342	666	379	518	517	520	479	521	415	554	553	556	623	557	595	662	661	664	342	665	1	444	443	450	371	451	450	372	371	378	518	379	520	480	479	486	407	487	486	408	407	414	554	415	556	624	623	630	587	631	630	588	587	594	662	595	378	519	518	519	480	520	414	555	554	555	624	556	594	663	662	663	342	664	378	480	519	414	624	555	594	342	663	1	445	444	449	372	450	449	373	372	377	480	378	377	481	480	485	408	486	485	409	408	413	624	414	413	625	624	629	588	630	629	589	588	593	342	594	1	446	445	448	373	449	448	374	373	376	481	377	376	482	481	484	409	485	484	410	409	412	625	413	412	626	625	628	589	629	628	590	589	592	342	593	1	447	446	447	374	448	447	375	374	375	482	376	375	483	482	483	410	484	483	411	410	411	626	412	411	627	626	627	590	628	627	591	590	591	342	592	1	375	447	1	483	375	1	411	483	1	627	411	1	591	627	1	342	591
0	5	3	343	5	0	6	344	345	7	344	6	351	13	350	12	13	351	355	17	354	16	17	355
2	342	1	4	342	2	8	346	347	9	346	8	349	11	348	10	11	349	353	15	352	14	15	353
357	19	356	18	19	357	393	55	392	54	55	393	429	91	428	90	91	429	465	127	464	126	127	465	573	235	572	234	235	573	609	271	608	270	271	609
356	20	391	19	20	356	392	56	427	55	56	392	428	92	463	91	92	428	464	128	499	127	128	464	572	236	607	235	236	572	608	272	643	271	272	608
391	21	390	20	21	391	427	57	426	56	57	427	463	93	462	92	93	463	499	129	498	128	129	499	607	237	606	236	237	607	643	273	642	272	273	643
390	22	389	21	22	390	426	58	425	57	58	426	462	94	461	93	94	462	498	130	497	129	130	498
389	23	388	22	23	389	425	59	424	58	59	425	461	95	460	94	95	461	497	131	496	130	131	497	605	239	604	238	239	605	641	275	640	274	275	641
388	24	387	23	24	388	424	60	423	59	60	424	460	96	459	95	96	460	496	132	495	131	132	496	604	240	603	239	240	604	640	276	639	275	276	640
387	25	386	24	25	387	423	61	422	60	61	423	459	97	458	96	97	459	495	133	494	132	133	495	603	241	602	240	241	603	639	277	638	276	277	639
386	26	385	25	26	386	422	62	421	61	62	422	458	98	457	97	98	458	494	134	493	133	134	494	602	242	601	241	242	602	638	278	637	277	278	638
385	27	384	26	27	385	421	63	420	62	63	421	457	99	456	98	99	457	493	135	492	134	135	493
384	28	383	27	28	384	420	64	419	63	64	420	456	100	455	99	100	456	492	136	491	135	136	492
383	29	382	28	29	383	419	65	418	64	65	419	455	101	454	100	101	455	491	137	490	136	137	491	599	245	598	244	245	599	635	281	634	280	281	635
382	30	381	29	30	382	418	66	417	65	66	418	454	102	453	101	102	454	490	138	489	137	138	490	598	246	597	245	246	598	634	282	633	281	282	634
381	31	380	30	31	381	417	67	416	66	67	417	453	103	452	102	103	453	489	139	488	138	139	489	597	247	596	246	247	597	633	283	632	282	283	633
380	32	379	31	32	380	416	68	415	67	68	416	452	104	451	103	104	452	488	140	487	139	140	488	596	248	595	247	248	596	632	284	631	283	284	632
379	33	378	32	33	379	415	69	414	68	69	415	451	105	450	104	105	451	487	141	486	140	141	487
378	34	377	33	34	378	414	70	413	69	70	414	450	106	449	105	106	450	486	142	485	141	142	486	594	250	593	249	250	594	630	286	629	285	286	630
377	35	376	34	35	377	413	71	412	70	71	413	449	107	448	106	107	449	485	143	484	142	143	485	593	251	592	250	251	593	629	287	628	286	287	629
376	36	375	35	36	376	412	72	411	71	72	412	448	108	447	107	108	448	484	144	483	143	144	484	592	252	591	251	252	592	628	288	627	287	288	628
375	37	374	36	37	375	411	73	410	72	73	411	447	109	446	108	109	447	483	145	482	144	145	483
374	38	373	37	38	374	410	74	409	73	74	410	446	110	445	109	110	446	482	146	481	145	146	482	626	290	625	289	290	626
373	39	372	38	39	373	409	75	408	74	75	409	445	111	444	110	111	445	481	147	480	146	147	481	589	255	588	254	255	589
372	40	371	39	40	372	444	112	443	111	112	444	480	148	479	147	148	480	588	256	587	255	256	588	624	292	623	291	292	624
371	41	370	40	41	371	407	77	406	76	77	407	443	113	442	112	113	443	587	257	586	256	257	587	623	293	622	292	293	623
370	42	369	41	42	370	442	114	441	113	114	442	586	258	585	257	258	586	622	294	621	293	294	622
369	43	368	42	43	369	405	79	404	78	79	405	441	115	440	114	115	441	477	151	476	150	151	477	585	259	584	258	259	585	621	295	620	294	295	621
368	44	367	43	44	368	404	80	403	79	80	404	440	116	439	115	116	440	476	152	475	151	152	476	584	260	583	259	260	584	620	296	619	295	296	620
367	45	366	44	45	367	403	81	402	80	81	403	439	117	438	116	117	439	475	153	474	152	153	475	583	261	582	260	261	583	619	297	618	296	297	619
366	46	365	45	46	366	402	82	401	81	82	402	438	118	437	117	118	438	474	154	473	153	154	474	582	262	581	261	262	582	618	298	617	297	298	618
365	47	364	46	47	365	401	83	400	82	83	401	437	119	436	118	119	437	473	155	472	154	155	473	581	263	580	262	263	581	617	299	616	298	299	617
364	48	363	47	48	364	400	84	399	83	84	400	436	120	435	119	120	436	472	156	471	155	156	472	580	264	579	263	264	580	616	300	615	299	300	616
363	49	362	48	49	363	435	121	434	120	121	435	579	265	578	264	265	579	615	301	614	300	301	615
362	50	361	49	50	362	398	86	397	85	86	398	434	122	433	121	122	434	578	266	577	265	266	578	614	302	613	301	302	614
361	51	360	50	51	361	433	123	432	122	123	433	469	159	468	158	159	469	577	267	576	266	267	577	613	303	612	302	303	613
360	52	359	51	52	360	396	88	395	87	88	396	432	124	431	123	124	432	468	160	467	159	160	468	576	268	575	267	268	576
359	53	358	52	53	359	395	89	394	88	89	395	431	125	430	124	125	431	467	161	466	160	161	467	611	305	610	304	305	611
358	18	357	53	18	358	394	54	393	89	54	394	430	90	429	125	90	430	466	126	465	161	126	466
408	76	407	75	76	408
406	78	405	77	78	406	478	150	477	149	150	478
399	85	398	84	85	399	471	157	470	156	157	471
397	87	396	86	87	397
479	149	478	148	149	479
470	158	469	157	158	470
501	163	500	162	163	501
500	164	535	163	164	500	536	200	571	199	200	536	644	308	679	307	308	644
535	165	534	164	165	535
534	166	533	165	166	534	570	202	569	201	202	570	678	310	677	309	310	678
533	167	532	166	167	533	569	203	568	202	203	569
532	168	531	167	168	532	568	204	567	203	204	568	676	312	675	311	312	676
531	169	530	168	169	531	567	205	566	204	205	567
530	170	529	169	170	530	566	206	565	205	206	566
529	171	528	170	171	529	565	207	564	206	207	565
528	172	527	171	172	528	564	208	563	207	208	564
527	173	526	172	173	527	563	209	562	208	209	563
526	174	525	173	174	526	562	210	561	209	210	562
525	175	524	174	175	525	561	211	560	210	211	561	669	319	668	318	319	669
524	176	523	175	176	524	560	212	559	211	212	560
523	177	522	176	177	523	559	213	558	212	213	559	667	321	666	320	321	667
522	178	521	177	178	522
521	179	520	178	179	521	557	215	556	214	215	557	665	323	664	322	323	665
520	180	519	179	180	520
519	181	518	180	181	519	555	217	554	216	217	555
518	182	517	181	182	518	662	326	661	325	326	662
517	183	516	182	183	517
516	184	515	183	184	516	552	220	551	219	220	552
515	185	514	184	185	515	659	329	658	328	329	659
514	186	513	185	186	514	550	222	549	221	222	550	658	330	657	329	330	658
513	187	512	186	187	513
512	188	511	187	188	512
511	189	510	188	189	511
510	190	509	189	190	510
509	191	508	190	191	509
508	192	507	191	192	508
507	193	506	192	193	507	543	229	542	228	229	543	651	337	650	336	337	651
506	194	505	193	194	506	650	338	649	337	338	650
505	195	504	194	195	505	541	231	540	230	231	541
504	196	503	195	196	504
503	197	502	196	197	503	647	341	646	340	341	647
502	162	501	197	162	502	538	198	537	233	198	538
537	199	536	198	199	537	645	307	644	306	307	645
571	201	570	200	201	571	679	309	678	308	309	679
558	214	557	213	214	558	666	322	665	321	322	666
556	216	555	215	216	556	664	324	663	323	324	664
554	218	553	217	218	554
553	219	552	218	219	553	661	327	660	326	327	661
551	221	550	220	221	551
549	223	548	222	223	549	657	331	656	330	331	657
548	224	547	223	224	548	656	332	655	331	332	656
547	225	546	224	225	547	655	333	654	332	333	655
546	226	545	225	226	546	654	334	653	333	334	654
545	227	544	226	227	545	653	335	652	334	335	653
544	228	543	227	228	544	652	336	651	335	336	652
542	230	541	229	230	542
540	232	539	231	232	540	648	340	647	339	340	648
539	233	538	232	233	539
606	238	605	237	238	606	642	274	641	273	274	642
601	243	600	242	243	601	637	279	636	278	279	637
600	244	599	243	244	600	636	280	635	279	280	636
595	249	594	248	249	595	631	285	630	284	285	631
591	253	590	252	253	591	627	289	626	288	289	627
590	254	589	253	254	590
575	269	574	268	269	575
574	234	573	269	234	574	610	270	609	305	270	610
625	291	624	290	291	625
612	304	611	303	304	612
677	311	676	310	311	677
675	313	674	312	313	675
674	314	673	313	314	674
673	315	672	314	315	673
672	316	671	315	316	672
671	317	670	316	317	671
670	318	669	317	318	670
668	320	667	319	320	668
663	325	662	324	325	663
660	328	659	327	328	660
649	339	648	338	339	649
646	306	645	341	306	646

#	Normal	122
-1	0	0
0	-1	0
1	0	0
0	1	-0
0	0	1
0	0	-1
-0.087167	0	-0.996194
-0.258819	0	-0.965926
-0.422574	0	-0.906328
-0.573391	0	-0.819282
-0.707062	0	-0.707151
-0.819249	0	-0.573438
-0.906328	0	-0.422574
-0.965892	0	-0.258946
-0.996226	0	-0.0867985
-0.996226	0	0.0867985
-0.965892	0	0.258946
-0.906328	0	0.422574
-0.819249	0	0.573438
-0.707062	0	0.707151
-0.573391	0	0.819282
-0.422574	0	0.906328
-0.258819	0	0.965926
-0.087167	0	0.996194
0.087167	-0	0.996194
0.258819	-0	0.965926
0.422574	-0	0.906328
0.573391	-0	0.819282
0.707062	-0	0.707151
0.819249	-0	0.573438
0.906328	-0	0.422574
0.965892	-0	0.258946
0.996226	-0	0.0867985
0.996226	0	-0.0867985
0.965892	0	-0.258946
0.906328	0	-0.422574
0.819249	0	-0.573438
0.707062	0	-0.707151
0.573391	0	-0.819282
0.422574	0	-0.906328
0.258819	0	-0.965926
0.087167	0	-0.996194
0.57406	-0	0.818814
0.81858	-0	0.574392
0.81858	0	-0.574392
0.57406	0	-0.818814
0.707774	-0	0.706439
0.707774	0	-0.706439
-0.0872783	0	-0.996184
-0.258736	0	-0.965948
-0.422229	0	-0.906489
-0.573583	0	-0.819148
-0.707443	0	-0.70677
-0.819111	0	-0.573635
-0.906134	0	-0.42299
-0.966086	0	-0.258221
-0.996135	0	-0.0878382
-0.996135	0	0.0878382
-0.966086	0	0.258221
-0.906134	0	0.42299
-0.819111	0	0.573635
-0.707443	0	0.70677
-0.573583	0	0.819148
-0.422229	0	0.906489
-0.258736	0	0.965948
-0.0872783	0	0.996184
0.0871225	-0	0.996198
0.258736	-0	0.965948
0.422916	-0	0.906169
0.573583	-0	0.819148
0.706547	-0	0.707666
0.819111	-0	0.573635
0.906821	-0	0.421516
0.965637	-0	0.259893
0.99629	-0	0.086059
0.99629	0	-0.086059
0.965637	0	-0.259893
0.906821	0	-0.421516
0.819111	0	-0.573635
0.706547	0	-0.707666
0.573583	0	-0.819148
0.422916	0	-0.906169
0.258736	0	-0.965948
0.0871225	0	-0.996198
-0.0871225	0	-0.996198
-0.422916	0	-0.906169
-0.422916	0	0.906169
-0.0871225	0	0.996198
0.259185	-0	0.965828
0.422229	-0	0.906489
0.707443	-0	0.70677
0.906134	-0	0.42299
0.966086	-0	0.258221
0.996135	-0	0.0878382
0.996135	0	-0.0878382
0.966086	0	-0.258221
0.906134	0	-0.42299
0.707443	0	-0.70677
0.422229	0	-0.906489
0.259185	0	-0.965828
-0.57406	0	-0.818814
-0.996102	0	-0.0882104
-0.996102	0	0.0882104
-0.57406	0	0.818814
0.0870435	-0	0.996205
0.259175	-0	0.96583
0.259175	0	-0.96583
0.0870435	0	-0.996205
0.423119	-0	0.906074
0.423119	0	-0.906074
-0.706547	0	-0.707666
-0.906821	0	-0.421516
-0.965637	0	-0.259893
-0.99629	0	-0.086059
-0.99629	0	0.086059
-0.965637	0	0.259893
-0.906821	0	0.421516
-0.706547	0	0.707666
0.0872783	-0	0.996184
0.574426	-0	0.818557
0.574426	0	-0.818557
0.0872783	0	-0.996184

#	Mesh	0	End

