#	Mesh	0	Begin

#	Vertex	232
-80881.7	51864.5	-50
-80881.7	51864.5	4650
-80681.7	51864.5	4650
-80681.7	51864.5	-50
-80681.7	59564.5	4650
-80681.7	59564.5	-50
-80681.7	58523.3	4130
-80681.7	59253.3	4130
-80681.7	59253.3	4550
-80681.7	58523.3	4550
-80681.7	57432.1	4219.9
-80681.7	57446.8	4221.19
-80681.7	57461.1	4225.03
-80681.7	57474.6	4231.29
-80681.7	57486.7	4239.79
-80681.7	57497.2	4250.27
-80681.7	57505.7	4262.4
-80681.7	57511.9	4275.83
-80681.7	57515.8	4290.14
-80681.7	57517.1	4304.9
-80681.7	57515.8	4319.66
-80681.7	57511.9	4333.97
-80681.7	57505.7	4347.4
-80681.7	57497.2	4359.54
-80681.7	57486.7	4370.02
-80681.7	57474.6	4378.51
-80681.7	57461.1	4384.78
-80681.7	57446.8	4388.61
-80681.7	57432.1	4389.9
-80681.7	57417.3	4388.61
-80681.7	57403	4384.78
-80681.7	57389.6	4378.51
-80681.7	57377.4	4370.02
-80681.7	57366.9	4359.54
-80681.7	57358.4	4347.4
-80681.7	57352.2	4333.97
-80681.7	57348.3	4319.66
-80681.7	57347.1	4304.9
-80681.7	57348.3	4290.14
-80681.7	57352.2	4275.83
-80681.7	57358.4	4262.4
-80681.7	57366.9	4250.27
-80681.7	57377.4	4239.79
-80681.7	57389.6	4231.29
-80681.7	57403	4225.03
-80681.7	57417.3	4221.19
-80681.7	57665.4	4219.9
-80681.7	57680.2	4221.2
-80681.7	57694.5	4225.03
-80681.7	57707.9	4231.29
-80681.7	57720	4239.79
-80681.7	57730.5	4250.27
-80681.7	57739	4262.4
-80681.7	57745.3	4275.83
-80681.7	57749.1	4290.14
-80681.7	57750.4	4304.9
-80681.7	57749.1	4319.66
-80681.7	57745.3	4333.98
-80681.7	57739	4347.4
-80681.7	57730.5	4359.54
-80681.7	57720	4370.02
-80681.7	57707.9	4378.52
-80681.7	57694.5	4384.78
-80681.7	57680.2	4388.61
-80681.7	57665.4	4389.9
-80681.7	57650.6	4388.61
-80681.7	57636.3	4384.78
-80681.7	57622.9	4378.52
-80681.7	57610.8	4370.02
-80681.7	57600.3	4359.54
-80681.7	57591.8	4347.4
-80681.7	57585.5	4333.98
-80681.7	57581.7	4319.66
-80681.7	57580.4	4304.9
-80681.7	57581.7	4290.14
-80681.7	57585.5	4275.83
-80681.7	57591.8	4262.4
-80681.7	57600.3	4250.27
-80681.7	57610.8	4239.79
-80681.7	57622.9	4231.29
-80681.7	57636.3	4225.03
-80681.7	57650.6	4221.2
-80681.7	57904.5	4272.79
-80681.7	57910	4273.27
-80681.7	57915.3	4274.69
-80681.7	57920.3	4277.01
-80681.7	57924.8	4280.16
-80681.7	57928.6	4284.05
-80681.7	57931.8	4288.54
-80681.7	57934.1	4293.52
-80681.7	57935.5	4298.82
-80681.7	57936	4304.29
-80681.7	57935.5	4309.76
-80681.7	57934.1	4315.07
-80681.7	57931.8	4320.04
-80681.7	57928.6	4324.54
-80681.7	57924.8	4328.42
-80681.7	57920.3	4331.57
-80681.7	57915.3	4333.89
-80681.7	57910	4335.32
-80681.7	57904.5	4335.79
-80681.7	57899	4335.32
-80681.7	57893.7	4333.89
-80681.7	57888.8	4331.57
-80681.7	57884.3	4328.42
-80681.7	57880.4	4324.54
-80681.7	57877.2	4320.04
-80681.7	57874.9	4315.07
-80681.7	57873.5	4309.76
-80681.7	57873	4304.29
-80681.7	57873.5	4298.82
-80681.7	57874.9	4293.52
-80681.7	57877.2	4288.54
-80681.7	57880.4	4284.05
-80681.7	57884.3	4280.16
-80681.7	57888.8	4277.01
-80681.7	57893.7	4274.69
-80681.7	57899	4273.27
-80881.7	59564.5	4650
-80881.7	59564.5	-50
-80881.7	59253.3	4130
-80881.7	58523.3	4130
-80881.7	58523.3	4550
-80881.7	59253.3	4550
-80881.7	57446.8	4221.19
-80881.7	57432.1	4219.9
-80881.7	57417.3	4221.19
-80881.7	57403	4225.03
-80881.7	57389.6	4231.29
-80881.7	57377.4	4239.79
-80881.7	57366.9	4250.27
-80881.7	57358.4	4262.4
-80881.7	57352.2	4275.83
-80881.7	57348.3	4290.14
-80881.7	57347.1	4304.9
-80881.7	57348.3	4319.66
-80881.7	57352.2	4333.97
-80881.7	57358.4	4347.4
-80881.7	57366.9	4359.54
-80881.7	57377.4	4370.02
-80881.7	57389.6	4378.51
-80881.7	57403	4384.78
-80881.7	57417.3	4388.61
-80881.7	57432.1	4389.9
-80881.7	57446.8	4388.61
-80881.7	57461.1	4384.78
-80881.7	57474.6	4378.51
-80881.7	57486.7	4370.02
-80881.7	57497.2	4359.54
-80881.7	57505.7	4347.4
-80881.7	57511.9	4333.97
-80881.7	57515.8	4319.66
-80881.7	57517.1	4304.9
-80881.7	57515.8	4290.14
-80881.7	57511.9	4275.83
-80881.7	57505.7	4262.4
-80881.7	57497.2	4250.27
-80881.7	57486.7	4239.79
-80881.7	57474.6	4231.29
-80881.7	57461.1	4225.03
-80881.7	57680.2	4221.2
-80881.7	57665.4	4219.9
-80881.7	57650.6	4221.2
-80881.7	57636.3	4225.03
-80881.7	57622.9	4231.29
-80881.7	57610.8	4239.79
-80881.7	57600.3	4250.27
-80881.7	57591.8	4262.4
-80881.7	57585.5	4275.83
-80881.7	57581.7	4290.14
-80881.7	57580.4	4304.9
-80881.7	57581.7	4319.66
-80881.7	57585.5	4333.98
-80881.7	57591.8	4347.4
-80881.7	57600.3	4359.54
-80881.7	57610.8	4370.02
-80881.7	57622.9	4378.52
-80881.7	57636.3	4384.78
-80881.7	57650.6	4388.61
-80881.7	57665.4	4389.9
-80881.7	57680.2	4388.61
-80881.7	57694.5	4384.78
-80881.7	57707.9	4378.52
-80881.7	57720	4370.02
-80881.7	57730.5	4359.54
-80881.7	57739	4347.4
-80881.7	57745.3	4333.98
-80881.7	57749.1	4319.66
-80881.7	57750.4	4304.9
-80881.7	57749.1	4290.14
-80881.7	57745.3	4275.83
-80881.7	57739	4262.4
-80881.7	57730.5	4250.27
-80881.7	57720	4239.79
-80881.7	57707.9	4231.29
-80881.7	57694.5	4225.03
-80881.7	57910	4273.27
-80881.7	57904.5	4272.79
-80881.7	57899	4273.27
-80881.7	57893.7	4274.69
-80881.7	57888.8	4277.01
-80881.7	57884.3	4280.16
-80881.7	57880.4	4284.05
-80881.7	57877.2	4288.54
-80881.7	57874.9	4293.52
-80881.7	57873.5	4298.82
-80881.7	57873	4304.29
-80881.7	57873.5	4309.76
-80881.7	57874.9	4315.07
-80881.7	57877.2	4320.04
-80881.7	57880.4	4324.54
-80881.7	57884.3	4328.42
-80881.7	57888.8	4331.57
-80881.7	57893.7	4333.89
-80881.7	57899	4335.32
-80881.7	57904.5	4335.79
-80881.7	57910	4335.32
-80881.7	57915.3	4333.89
-80881.7	57920.3	4331.57
-80881.7	57924.8	4328.42
-80881.7	57928.6	4324.54
-80881.7	57931.8	4320.04
-80881.7	57934.1	4315.07
-80881.7	57935.5	4309.76
-80881.7	57936	4304.29
-80881.7	57935.5	4298.82
-80881.7	57934.1	4293.52
-80881.7	57931.8	4288.54
-80881.7	57928.6	4284.05
-80881.7	57924.8	4280.16
-80881.7	57920.3	4277.01
-80881.7	57915.3	4274.69

#	Triangle	95
0	2	1	3	2	0	120	8	123	7	8	120
4	7	5	7	3	5	7	6	3	6	2	3	4	8	7	9	84	6	84	83	6	83	82	6	82	48	6	48	47	6	47	46	6	46	10	6	10	2	6	46	11	10	45	2	10	81	11	46	81	12	11	44	2	45	80	12	81	80	13	12	43	2	44	82	49	48	79	13	80	79	14	13	42	2	43	82	50	49	78	14	79	78	15	14	41	2	42	82	51	50	77	15	78	77	16	15	40	2	41	82	52	51	76	16	77	76	17	16	39	2	40	82	53	52	75	17	76	117	53	82	116	53	117	9	85	84	115	53	116	75	18	17	38	2	39	115	54	53	74	18	75	9	86	85	114	54	115	9	87	86	113	54	114	9	88	87	112	54	113	9	89	88	111	54	112	74	19	18	37	2	38	111	55	54	73	19	74	9	90	89	110	55	111	9	91	90	109	55	110	9	92	91	108	55	109	73	20	19	36	2	37	108	56	55	72	20	73	9	93	92	107	56	108	9	94	93	106	56	107	72	21	20	35	2	36	106	57	56	71	21	72	9	95	94	105	57	106	9	96	95	104	57	105	9	97	96	103	57	104	9	98	97	102	57	103	9	99	98	101	57	102	71	22	21	34	2	35	101	58	57	70	22	71	9	100	99	100	58	101	9	58	100	70	23	22	33	2	34	9	59	58	69	23	70	69	24	23	32	2	33	9	60	59	68	24	69	68	25	24	31	2	32	9	61	60	67	25	68	67	26	25	30	2	31	9	62	61	66	26	67	66	27	26	29	2	30	9	63	62	65	27	66	65	28	27	28	2	29	9	64	63	64	28	65	64	2	28	9	2	64	4	9	8	4	2	9
5	118	4	119	118	5	122	6	121	9	6	122
1	119	0	1	121	119	121	120	119	120	118	119	1	125	121	125	161	121	161	160	121	160	195	121	195	197	121	197	196	121	196	231	121	231	122	121	123	118	120	1	126	125	124	161	125	124	162	161	1	127	126	159	162	124	159	163	162	1	128	127	158	163	159	158	164	163	194	197	195	1	129	128	157	164	158	157	165	164	193	197	194	1	130	129	156	165	157	156	166	165	192	197	193	1	131	130	155	166	156	155	167	166	191	197	192	1	132	131	154	167	155	154	168	167	190	197	191	190	198	197	190	199	198	190	200	199	230	122	231	1	133	132	153	168	154	153	169	168	189	200	190	189	201	200	229	122	230	189	202	201	228	122	229	189	203	202	227	122	228	189	204	203	226	122	227	1	134	133	152	169	153	152	170	169	188	204	189	188	205	204	225	122	226	188	206	205	224	122	225	188	207	206	223	122	224	1	135	134	151	170	152	151	171	170	187	207	188	187	208	207	222	122	223	187	209	208	221	122	222	1	136	135	150	171	151	150	172	171	186	209	187	186	210	209	220	122	221	186	211	210	219	122	220	186	212	211	218	122	219	186	213	212	217	122	218	186	214	213	216	122	217	1	137	136	149	172	150	149	173	172	185	214	186	185	215	214	215	122	216	185	122	215	1	138	137	148	173	149	148	174	173	184	122	185	1	139	138	147	174	148	147	175	174	183	122	184	1	140	139	146	175	147	146	176	175	182	122	183	1	141	140	145	176	146	145	177	176	181	122	182	1	142	141	144	177	145	144	178	177	180	122	181	1	143	142	143	178	144	143	179	178	179	122	180	1	179	143	1	122	179	1	123	122	1	118	123
0	5	3	119	5	0	123	9	122	8	9	123
2	118	1	4	118	2	121	7	120	6	7	121
125	11	124	10	11	125
124	12	159	11	12	124
159	13	158	12	13	159	195	49	194	48	49	195
158	14	157	13	14	158	194	50	193	49	50	194
157	15	156	14	15	157	229	87	228	86	87	229
156	16	155	15	16	156
155	17	154	16	17	155	191	53	190	52	53	191
154	18	153	17	18	154
153	19	152	18	19	153	189	55	188	54	55	189
152	20	151	19	20	152
151	21	150	20	21	151
150	22	149	21	22	150	186	58	185	57	58	186
149	23	148	22	23	149
148	24	147	23	24	148
147	25	146	24	25	147	183	61	182	60	61	183
146	26	145	25	26	146	182	62	181	61	62	182
145	27	144	26	27	145	181	63	180	62	63	181
144	28	143	27	28	144	180	64	179	63	64	180
143	29	142	28	29	143	179	65	178	64	65	179
142	30	141	29	30	142	178	66	177	65	66	178
141	31	140	30	31	141	177	67	176	66	67	177
140	32	139	31	32	140
139	33	138	32	33	139
138	34	137	33	34	138
137	35	136	34	35	137	173	71	172	70	71	173
136	36	135	35	36	136
135	37	134	36	37	135
134	38	133	37	38	134	170	74	169	73	74	170
133	39	132	38	39	133	169	75	168	74	75	169
132	40	131	39	40	132	168	76	167	75	76	168
131	41	130	40	41	131
130	42	129	41	42	130	202	114	201	113	114	202
129	43	128	42	43	129
128	44	127	43	44	128	164	80	163	79	80	164
127	45	126	44	45	127
126	10	125	45	10	126
161	47	160	46	47	161
160	48	195	47	48	160
193	51	192	50	51	193
192	52	191	51	52	192
190	54	189	53	54	190
188	56	187	55	56	188
187	57	186	56	57	187
185	59	184	58	59	185
184	60	183	59	60	184
176	68	175	67	68	176
175	69	174	68	69	175
174	70	173	69	70	174
172	72	171	71	72	172
171	73	170	72	73	171
167	77	166	76	77	167
166	78	165	77	78	166
165	79	164	78	79	165
163	81	162	80	81	163
162	46	161	81	46	162
197	83	196	82	83	197
196	84	231	83	84	196
231	85	230	84	85	231
230	86	229	85	86	230
228	88	227	87	88	228
227	89	226	88	89	227
226	90	225	89	90	226
225	91	224	90	91	225
224	92	223	91	92	224
223	93	222	92	93	223
222	94	221	93	94	222
221	95	220	94	95	221
220	96	219	95	96	220
219	97	218	96	97	219
218	98	217	97	98	218
217	99	216	98	99	217
216	100	215	99	100	216
215	101	214	100	101	215
214	102	213	101	102	214
213	103	212	102	103	213
212	104	211	103	104	212
211	105	210	104	105	211
210	106	209	105	106	210
209	107	208	106	107	209
208	108	207	107	108	208
207	109	206	108	109	207
206	110	205	109	110	206
205	111	204	110	111	205
204	112	203	111	112	204
203	113	202	112	113	203
201	115	200	114	115	201
200	116	199	115	116	200
199	117	198	116	117	199
198	82	197	117	82	198

#	Normal	95
-0	1	0
-1	0	0
-0	-1	-0
1	0	0
0	-0	1
0	0	-1
0	0.0871473	-0.996195
0	0.258815	-0.965927
0	0.422582	-0.906325
0	0.573591	-0.819142
0	0.707107	-0.707107
0	0.81923	-0.573465
0	0.906307	-0.42262
0	0.965906	-0.258893
0	0.996185	-0.0872638
-0	0.996185	0.0872667
-0	0.965908	0.258885
-0	0.906307	0.42262
-0	0.81922	0.57348
-0	0.707123	0.70709
-0	0.573591	0.819142
-0	0.422582	0.906325
-0	0.258784	0.965935
-0	0.08718	0.996193
0	-0.0871571	0.996195
0	-0.258784	0.965935
0	-0.422683	0.906277
0	-0.573467	0.819229
0	-0.707123	0.70709
0	-0.81922	0.57348
0	-0.906307	0.42262
0	-0.965908	0.258885
0	-0.996208	0.0870051
0	-0.996208	-0.0870022
0	-0.965906	-0.258893
0	-0.906307	-0.42262
0	-0.81923	-0.573465
0	-0.707107	-0.707107
0	-0.573467	-0.819229
0	-0.422683	-0.906277
0	-0.258815	-0.965927
0	-0.0871244	-0.996197
0	0.08718	-0.996193
0	0.258784	-0.965935
0	0.707123	-0.70709
0	0.819096	-0.573657
0	0.965972	-0.258647
-0	0.996185	0.0872638
-0	0.965972	0.258647
-0	0.819107	0.573641
-0	0.707107	0.707107
0	-0.573591	0.819142
0	-0.707107	0.707107
0	-0.819107	0.573641
0	-0.965906	0.258893
0	-0.996208	0.0870022
0	-0.819096	-0.573657
0	-0.707123	-0.70709
0	-0.573591	-0.819142
0	-0.258784	-0.965935
0	-0.0871571	-0.996195
0	0.087167	-0.996194
0	0.258819	-0.965926
0	0.422574	-0.906328
0	0.573725	-0.819048
0	0.819219	-0.57348
0	0.906056	-0.423158
0	0.966069	-0.258283
0	0.996164	-0.0875045
-0	0.996164	0.0875045
-0	0.966069	0.258283
-0	0.906056	0.423158
-0	0.819249	0.573438
-0	0.707062	0.707151
-0	0.573725	0.819048
-0	0.422574	0.906328
-0	0.258819	0.965926
-0	0.087167	0.996194
0	-0.087167	0.996194
0	-0.258819	0.965926
0	-0.422574	0.906328
0	-0.573391	0.819282
0	-0.707062	0.707151
0	-0.819249	0.573438
0	-0.906328	0.422574
0	-0.965892	0.258946
0	-0.996226	0.0867985
0	-0.996226	-0.0867985
0	-0.965892	-0.258946
0	-0.906328	-0.422574
0	-0.819219	-0.57348
0	-0.573391	-0.819282
0	-0.422574	-0.906328
0	-0.258819	-0.965926
0	-0.087167	-0.996194

#	Mesh	0	End

