#	Mesh	0	Begin

#	Vertex	232
-72281.7	59564.5	-50
-72281.7	59564.5	4650
-72481.7	59564.5	4650
-72481.7	59564.5	-50
-72481.7	51864.5	4650
-72481.7	51864.5	-50
-72481.7	59253.3	4050
-72481.7	58523.3	4050
-72481.7	58523.3	4550
-72481.7	59253.3	4550
-72481.7	57432.1	4209.71
-72481.7	57419.9	4210.77
-72481.7	57408.1	4213.93
-72481.7	57397.1	4219.08
-72481.7	57387.1	4226.08
-72481.7	57378.4	4234.71
-72481.7	57371.4	4244.71
-72481.7	57366.3	4255.76
-72481.7	57363.1	4267.55
-72481.7	57362.1	4279.71
-72481.7	57363.1	4291.86
-72481.7	57366.3	4303.65
-72481.7	57371.4	4314.71
-72481.7	57378.4	4324.7
-72481.7	57387.1	4333.33
-72481.7	57397.1	4340.33
-72481.7	57408.1	4345.48
-72481.7	57419.9	4348.64
-72481.7	57432.1	4349.71
-72481.7	57444.2	4348.64
-72481.7	57456	4345.48
-72481.7	57467.1	4340.33
-72481.7	57477	4333.33
-72481.7	57485.7	4324.7
-72481.7	57492.7	4314.71
-72481.7	57497.8	4303.65
-72481.7	57501	4291.86
-72481.7	57502.1	4279.71
-72481.7	57501	4267.55
-72481.7	57497.8	4255.76
-72481.7	57492.7	4244.71
-72481.7	57485.7	4234.71
-72481.7	57477	4226.08
-72481.7	57467.1	4219.08
-72481.7	57456	4213.93
-72481.7	57444.2	4210.77
-72481.7	57904.5	4247.59
-72481.7	57899	4248.07
-72481.7	57893.7	4249.49
-72481.7	57888.8	4251.81
-72481.7	57884.3	4254.96
-72481.7	57880.4	4258.85
-72481.7	57877.2	4263.34
-72481.7	57874.9	4268.32
-72481.7	57873.5	4273.62
-72481.7	57873	4279.09
-72481.7	57873.5	4284.56
-72481.7	57874.9	4289.87
-72481.7	57877.2	4294.84
-72481.7	57880.4	4299.34
-72481.7	57884.3	4303.22
-72481.7	57888.8	4306.37
-72481.7	57893.7	4308.69
-72481.7	57899	4310.12
-72481.7	57904.5	4310.59
-72481.7	57910	4310.12
-72481.7	57915.3	4308.69
-72481.7	57920.3	4306.37
-72481.7	57924.8	4303.22
-72481.7	57928.6	4299.34
-72481.7	57931.8	4294.84
-72481.7	57934.1	4289.87
-72481.7	57935.5	4284.56
-72481.7	57936	4279.09
-72481.7	57935.5	4273.62
-72481.7	57934.1	4268.32
-72481.7	57931.8	4263.34
-72481.7	57928.6	4258.85
-72481.7	57924.8	4254.96
-72481.7	57920.3	4251.81
-72481.7	57915.3	4249.49
-72481.7	57910	4248.07
-72481.7	57665.4	4209.7
-72481.7	57653.3	4210.77
-72481.7	57641.5	4213.93
-72481.7	57630.4	4219.08
-72481.7	57620.4	4226.08
-72481.7	57611.8	4234.71
-72481.7	57604.8	4244.7
-72481.7	57599.6	4255.76
-72481.7	57596.5	4267.55
-72481.7	57595.4	4279.7
-72481.7	57596.5	4291.86
-72481.7	57599.6	4303.65
-72481.7	57604.8	4314.7
-72481.7	57611.8	4324.7
-72481.7	57620.4	4333.33
-72481.7	57630.4	4340.33
-72481.7	57641.5	4345.48
-72481.7	57653.3	4348.64
-72481.7	57665.4	4349.7
-72481.7	57677.6	4348.64
-72481.7	57689.3	4345.48
-72481.7	57700.4	4340.33
-72481.7	57710.4	4333.33
-72481.7	57719	4324.7
-72481.7	57726	4314.7
-72481.7	57731.2	4303.65
-72481.7	57734.3	4291.86
-72481.7	57735.4	4279.7
-72481.7	57734.3	4267.55
-72481.7	57731.2	4255.76
-72481.7	57726	4244.7
-72481.7	57719	4234.71
-72481.7	57710.4	4226.08
-72481.7	57700.4	4219.08
-72481.7	57689.3	4213.93
-72481.7	57677.6	4210.77
-72281.7	51864.5	4650
-72281.7	51864.5	-50
-72281.7	58523.3	4050
-72281.7	59253.3	4050
-72281.7	59253.3	4550
-72281.7	58523.3	4550
-72281.7	57419.9	4210.77
-72281.7	57432.1	4209.71
-72281.7	57444.2	4210.77
-72281.7	57456	4213.93
-72281.7	57467.1	4219.08
-72281.7	57477	4226.08
-72281.7	57485.7	4234.71
-72281.7	57492.7	4244.71
-72281.7	57497.8	4255.76
-72281.7	57501	4267.55
-72281.7	57502.1	4279.71
-72281.7	57501	4291.86
-72281.7	57497.8	4303.65
-72281.7	57492.7	4314.71
-72281.7	57485.7	4324.7
-72281.7	57477	4333.33
-72281.7	57467.1	4340.33
-72281.7	57456	4345.48
-72281.7	57444.2	4348.64
-72281.7	57432.1	4349.71
-72281.7	57419.9	4348.64
-72281.7	57408.1	4345.48
-72281.7	57397.1	4340.33
-72281.7	57387.1	4333.33
-72281.7	57378.4	4324.7
-72281.7	57371.4	4314.71
-72281.7	57366.3	4303.65
-72281.7	57363.1	4291.86
-72281.7	57362.1	4279.71
-72281.7	57363.1	4267.55
-72281.7	57366.3	4255.76
-72281.7	57371.4	4244.71
-72281.7	57378.4	4234.71
-72281.7	57387.1	4226.08
-72281.7	57397.1	4219.08
-72281.7	57408.1	4213.93
-72281.7	57899	4248.07
-72281.7	57904.5	4247.59
-72281.7	57910	4248.07
-72281.7	57915.3	4249.49
-72281.7	57920.3	4251.81
-72281.7	57924.8	4254.96
-72281.7	57928.6	4258.85
-72281.7	57931.8	4263.34
-72281.7	57934.1	4268.32
-72281.7	57935.5	4273.62
-72281.7	57936	4279.09
-72281.7	57935.5	4284.56
-72281.7	57934.1	4289.87
-72281.7	57931.8	4294.84
-72281.7	57928.6	4299.34
-72281.7	57924.8	4303.22
-72281.7	57920.3	4306.37
-72281.7	57915.3	4308.69
-72281.7	57910	4310.12
-72281.7	57904.5	4310.59
-72281.7	57899	4310.12
-72281.7	57893.7	4308.69
-72281.7	57888.8	4306.37
-72281.7	57884.3	4303.22
-72281.7	57880.4	4299.34
-72281.7	57877.2	4294.84
-72281.7	57874.9	4289.87
-72281.7	57873.5	4284.56
-72281.7	57873	4279.09
-72281.7	57873.5	4273.62
-72281.7	57874.9	4268.32
-72281.7	57877.2	4263.34
-72281.7	57880.4	4258.85
-72281.7	57884.3	4254.96
-72281.7	57888.8	4251.81
-72281.7	57893.7	4249.49
-72281.7	57653.3	4210.77
-72281.7	57665.4	4209.7
-72281.7	57677.6	4210.77
-72281.7	57689.3	4213.93
-72281.7	57700.4	4219.08
-72281.7	57710.4	4226.08
-72281.7	57719	4234.71
-72281.7	57726	4244.7
-72281.7	57731.2	4255.76
-72281.7	57734.3	4267.55
-72281.7	57735.4	4279.7
-72281.7	57734.3	4291.86
-72281.7	57731.2	4303.65
-72281.7	57726	4314.7
-72281.7	57719	4324.7
-72281.7	57710.4	4333.33
-72281.7	57700.4	4340.33
-72281.7	57689.3	4345.48
-72281.7	57677.6	4348.64
-72281.7	57665.4	4349.7
-72281.7	57653.3	4348.64
-72281.7	57641.5	4345.48
-72281.7	57630.4	4340.33
-72281.7	57620.4	4333.33
-72281.7	57611.8	4324.7
-72281.7	57604.8	4314.7
-72281.7	57599.6	4303.65
-72281.7	57596.5	4291.86
-72281.7	57595.4	4279.7
-72281.7	57596.5	4267.55
-72281.7	57599.6	4255.76
-72281.7	57604.8	4244.7
-72281.7	57611.8	4234.71
-72281.7	57620.4	4226.08
-72281.7	57630.4	4219.08
-72281.7	57641.5	4213.93

#	Triangle	97
0	2	1	3	2	0	120	8	123	7	8	120
4	3	5	4	7	3	7	6	3	6	2	3	4	10	7	10	82	7	82	117	7	117	116	7	116	46	7	46	81	7	81	80	7	80	79	7	79	8	7	9	2	6	10	83	82	4	11	10	45	83	10	45	84	83	4	12	11	44	84	45	44	85	84	115	46	116	4	13	12	43	85	44	43	86	85	114	46	115	4	14	13	42	86	43	42	87	86	113	46	114	4	15	14	41	87	42	41	88	87	112	46	113	4	16	15	40	88	41	40	89	88	111	46	112	4	17	16	39	89	40	111	47	46	111	48	47	111	49	48	111	50	49	78	8	79	111	51	50	77	8	78	39	90	89	110	51	111	4	18	17	38	90	39	110	52	51	76	8	77	110	53	52	75	8	76	38	91	90	109	53	110	4	19	18	37	91	38	109	54	53	74	8	75	109	55	54	73	8	74	109	56	55	72	8	73	37	92	91	108	56	109	4	20	19	36	92	37	108	57	56	71	8	72	108	58	57	70	8	71	36	93	92	107	58	108	4	21	20	35	93	36	107	59	58	69	8	70	107	60	59	68	8	69	107	61	60	67	8	68	35	94	93	106	61	107	4	22	21	34	94	35	106	62	61	66	8	67	106	63	62	65	8	66	106	64	63	64	8	65	106	8	64	34	95	94	105	8	106	4	23	22	33	95	34	33	96	95	104	8	105	4	24	23	32	96	33	32	97	96	103	8	104	4	25	24	31	97	32	31	98	97	102	8	103	4	26	25	30	98	31	30	99	98	101	8	102	4	27	26	29	99	30	29	100	99	100	8	101	4	28	27	28	100	29	28	8	100	4	8	28	4	9	8	4	2	9
5	118	4	119	118	5	122	6	121	9	6	122
1	121	0	121	119	0	121	120	119	120	118	119	1	122	121	123	164	120	164	163	120	163	162	120	162	161	120	161	199	120	199	198	120	198	197	120	197	125	120	125	118	120	196	125	197	196	126	125	124	118	125	231	126	196	231	127	126	159	118	124	161	200	199	230	127	231	230	128	127	158	118	159	161	201	200	229	128	230	229	129	128	157	118	158	161	202	201	228	129	229	228	130	129	156	118	157	161	203	202	227	130	228	227	131	130	155	118	156	161	204	203	226	131	227	226	132	131	154	118	155	160	204	161	195	204	160	194	204	195	123	165	164	193	204	194	123	166	165	192	204	193	192	205	204	225	132	226	225	133	132	153	118	154	123	167	166	191	205	192	123	168	167	190	205	191	190	206	205	224	133	225	224	134	133	152	118	153	123	169	168	189	206	190	123	170	169	188	206	189	123	171	170	187	206	188	187	207	206	223	134	224	223	135	134	151	118	152	123	172	171	186	207	187	123	173	172	185	207	186	185	208	207	222	135	223	222	136	135	150	118	151	123	174	173	184	208	185	123	175	174	183	208	184	123	176	175	182	208	183	182	209	208	221	136	222	221	137	136	149	118	150	123	177	176	181	209	182	123	178	177	180	209	181	123	179	178	179	209	180	123	209	179	123	210	209	220	137	221	220	138	137	148	118	149	123	211	210	219	138	220	219	139	138	147	118	148	123	212	211	218	139	219	218	140	139	146	118	147	123	213	212	217	140	218	217	141	140	145	118	146	123	214	213	216	141	217	216	142	141	144	118	145	123	215	214	215	142	216	215	143	142	143	118	144	123	143	215	123	118	143	1	123	122	1	118	123
0	5	3	119	5	0	123	9	122	8	9	123
2	118	1	4	118	2	121	7	120	6	7	121
125	11	124	10	11	125
124	12	159	11	12	124	196	84	231	83	84	196
159	13	158	12	13	159	231	85	230	84	85	231
158	14	157	13	14	158	230	86	229	85	86	230
157	15	156	14	15	157
156	16	155	15	16	156
155	17	154	16	17	155	227	89	226	88	89	227
154	18	153	17	18	154
153	19	152	18	19	153
152	20	151	19	20	152	224	92	223	91	92	224
151	21	150	20	21	151
150	22	149	21	22	150	222	94	221	93	94	222
149	23	148	22	23	149
148	24	147	23	24	148	220	96	219	95	96	220
147	25	146	24	25	147	219	97	218	96	97	219
146	26	145	25	26	146	218	98	217	97	98	218
145	27	144	26	27	145	217	99	216	98	99	217
144	28	143	27	28	144	216	100	215	99	100	216
143	29	142	28	29	143
142	30	141	29	30	142
141	31	140	30	31	141	213	103	212	102	103	213
140	32	139	31	32	140
139	33	138	32	33	139
138	34	137	33	34	138	210	106	209	105	106	210
137	35	136	34	35	137	209	107	208	106	107	209
136	36	135	35	36	136
135	37	134	36	37	135
134	38	133	37	38	134
133	39	132	38	39	133
132	40	131	39	40	132	204	112	203	111	112	204
131	41	130	40	41	131	203	113	202	112	113	203
130	42	129	41	42	130
129	43	128	42	43	129
128	44	127	43	44	128	200	116	199	115	116	200
127	45	126	44	45	127
126	10	125	45	10	126
161	47	160	46	47	161
160	48	195	47	48	160
195	49	194	48	49	195
194	50	193	49	50	194
193	51	192	50	51	193
192	52	191	51	52	192
191	53	190	52	53	191
190	54	189	53	54	190
189	55	188	54	55	189
188	56	187	55	56	188
187	57	186	56	57	187
186	58	185	57	58	186
185	59	184	58	59	185
184	60	183	59	60	184
183	61	182	60	61	183
182	62	181	61	62	182
181	63	180	62	63	181
180	64	179	63	64	180
179	65	178	64	65	179
178	66	177	65	66	178
177	67	176	66	67	177
176	68	175	67	68	176
175	69	174	68	69	175
174	70	173	69	70	174
173	71	172	70	71	173
172	72	171	71	72	172
171	73	170	72	73	171
170	74	169	73	74	170
169	75	168	74	75	169
168	76	167	75	76	168
167	77	166	76	77	167
166	78	165	77	78	166
165	79	164	78	79	165
164	80	163	79	80	164
163	81	162	80	81	163
162	46	161	81	46	162
197	83	196	82	83	197
229	87	228	86	87	229
228	88	227	87	88	228
226	90	225	89	90	226
225	91	224	90	91	225
223	93	222	92	93	223
221	95	220	94	95	221
215	101	214	100	101	215
214	102	213	101	102	214
212	104	211	103	104	212
211	105	210	104	105	211
208	108	207	107	108	208
207	109	206	108	109	207
206	110	205	109	110	206
205	111	204	110	111	205
202	114	201	113	114	202
201	115	200	114	115	201
199	117	198	116	117	199
198	82	197	117	82	198

#	Normal	97
-0	-1	-0
1	0	0
-0	1	0
-1	0	0
-0	0	1
-0	-0	-1
-0	-0.0871511	-0.996195
-0	-0.258848	-0.965918
-0	-0.42262	-0.906307
-0	-0.573532	-0.819183
-0	-0.707067	-0.707147
-0	-0.8191	-0.57365
-0	-0.906322	-0.422588
-0	-0.965963	-0.258679
-0	-0.996201	-0.0870786
0	-0.996201	0.0870786
0	-0.965963	0.258679
0	-0.906322	0.422588
0	-0.8191	0.57365
0	-0.707067	0.707147
0	-0.573532	0.819183
0	-0.42262	0.906307
0	-0.258848	0.965918
0	-0.0871511	0.996195
0	0.0871789	0.996193
0	0.258768	0.965939
0	0.42262	0.906307
0	0.573683	0.819078
0	0.707067	0.707147
0	0.8191	0.57365
0	0.906322	0.422588
0	0.965963	0.258679
0	0.996174	0.0873963
0	0.996174	-0.0873963
0	0.965963	-0.258679
0	0.906322	-0.422588
0	0.8191	-0.57365
0	0.707067	-0.707147
0	0.573683	-0.819078
0	0.42262	-0.906307
0	0.258768	-0.965939
0	0.0871789	-0.996193
-0	-0.087167	-0.996194
-0	-0.258819	-0.965926
-0	-0.422574	-0.906328
-0	-0.573391	-0.819282
-0	-0.707107	-0.707107
-0	-0.819219	-0.57348
-0	-0.906328	-0.422574
-0	-0.965892	-0.258946
-0	-0.996226	-0.0867985
0	-0.996227	0.0867908
0	-0.965892	0.258946
0	-0.906313	0.422608
0	-0.819249	0.573438
0	-0.707062	0.707151
0	-0.573391	0.819282
0	-0.422647	0.906294
0	-0.258736	0.965948
0	-0.087167	0.996194
0	0.087167	0.996194
0	0.258736	0.965948
0	0.422647	0.906294
0	0.573725	0.819048
0	0.707062	0.707151
0	0.819249	0.573438
0	0.90604	0.423192
0	0.966069	0.258283
0	0.996165	0.0874968
0	0.996164	-0.0875045
0	0.966069	-0.258283
0	0.906056	-0.423158
0	0.819219	-0.57348
0	0.707107	-0.707107
0	0.573725	-0.819048
0	0.422574	-0.906328
0	0.258819	-0.965926
0	0.087167	-0.996194
-0	-0.0871114	-0.996199
-0	-0.707087	-0.707127
-0	-0.819251	-0.573435
-0	-0.965881	-0.258987
-0	-0.996202	-0.0870751
0	-0.965883	0.258977
0	-0.819251	0.573435
0	0.0871511	0.996195
0	0.258848	0.965918
0	0.573532	0.819183
0	0.707227	0.706987
0	0.965883	0.258977
0	0.996201	0.0870786
0	0.996202	-0.0870751
0	0.965881	-0.258987
0	0.707247	-0.706967
0	0.573532	-0.819183
0	0.258848	-0.965918
0	0.0871114	-0.996199

#	Mesh	0	End

