#	Mesh	0	Begin

#	Vertex	40
-59931.7	66164.5	-50
-59931.7	66164.5	5230
-59931.7	65964.5	5230
-59931.7	65964.5	-50
-53381.7	65964.5	5230
-53381.7	65964.5	-50
-53731.7	65964.5	2100
-54931.7	65964.5	2100
-54931.7	65964.5	200
-53731.7	65964.5	200
-57081.7	65964.5	2100
-58281.7	65964.5	2100
-58281.7	65964.5	200
-57081.7	65964.5	200
-59105.6	65964.5	3850
-58805.6	65964.5	3850
-58805.6	65964.5	4050
-59105.6	65964.5	4050
-59477.8	65964.5	3850
-59177.8	65964.5	3850
-59177.8	65964.5	4050
-59477.8	65964.5	4050
-53381.7	66164.5	5230
-53381.7	66164.5	-50
-54931.7	66164.5	2100
-53731.7	66164.5	2100
-53731.7	66164.5	200
-54931.7	66164.5	200
-58281.7	66164.5	2100
-57081.7	66164.5	2100
-57081.7	66164.5	200
-58281.7	66164.5	200
-58805.6	66164.5	3850
-59105.6	66164.5	3850
-59105.6	66164.5	4050
-58805.6	66164.5	4050
-59177.8	66164.5	3850
-59477.8	66164.5	3850
-59477.8	66164.5	4050
-59177.8	66164.5	4050

#	Triangle	6
0	2	1	3	2	0	9	25	26	6	25	9	13	29	30	10	29	13	32	16	35	15	16	32	36	20	39	19	20	36
4	9	5	9	3	5	9	8	3	8	13	3	13	12	3	12	2	3	4	6	9	7	13	8	7	10	13	11	18	12	18	2	12	4	7	6	4	10	7	4	11	10	4	15	11	15	14	11	14	19	11	19	18	11	4	16	15	17	19	14	17	20	19	21	2	18	4	17	16	4	20	17	4	21	20	4	2	21
5	22	4	23	22	5	7	27	24	8	27	7	11	31	28	12	31	11	34	14	33	17	14	34	38	18	37	21	18	38
1	31	0	31	23	0	31	30	23	30	27	23	27	26	23	26	22	23	1	37	31	37	28	31	29	27	30	29	24	27	25	22	26	37	29	28	37	24	29	37	25	24	37	36	25	36	33	25	33	32	25	32	22	25	1	38	37	39	33	36	39	34	33	35	22	32	1	39	38	1	34	39	1	35	34	1	22	35
0	5	3	23	5	0	6	24	25	7	24	6	10	28	29	11	28	10	35	17	34	16	17	35	39	21	38	20	21	39
2	22	1	4	22	2	8	26	27	9	26	8	12	30	31	13	30	12	33	15	32	14	15	33	37	19	36	18	19	37

#	Normal	6
1	0	0
0	1	-0
-1	0	0
0	-1	0
0	0	1
0	0	-1

#	Mesh	0	End

