#	Mesh	0	Begin

#	Vertex	232
-64081.7	51864.5	-50
-64081.7	51864.5	5230
-63881.7	51864.5	5230
-63881.7	51864.5	-50
-63881.7	59564.5	5230
-63881.7	59564.5	-50
-63881.7	58438.3	4050
-63881.7	59338.3	4050
-63881.7	59338.3	4550
-63881.7	58438.3	4550
-63881.7	57665.4	4184.5
-63881.7	57677.6	4185.57
-63881.7	57689.3	4188.73
-63881.7	57700.4	4193.88
-63881.7	57710.4	4200.88
-63881.7	57719	4209.51
-63881.7	57726	4219.5
-63881.7	57731.2	4230.56
-63881.7	57734.3	4242.35
-63881.7	57735.4	4254.5
-63881.7	57734.3	4266.66
-63881.7	57731.2	4278.45
-63881.7	57726	4289.5
-63881.7	57719	4299.5
-63881.7	57710.4	4308.13
-63881.7	57700.4	4315.13
-63881.7	57689.3	4320.28
-63881.7	57677.6	4323.44
-63881.7	57665.4	4324.5
-63881.7	57653.3	4323.44
-63881.7	57641.5	4320.28
-63881.7	57630.4	4315.13
-63881.7	57620.4	4308.13
-63881.7	57611.8	4299.5
-63881.7	57604.8	4289.5
-63881.7	57599.6	4278.45
-63881.7	57596.5	4266.66
-63881.7	57595.4	4254.5
-63881.7	57596.5	4242.35
-63881.7	57599.6	4230.56
-63881.7	57604.8	4219.5
-63881.7	57611.8	4209.51
-63881.7	57620.4	4200.88
-63881.7	57630.4	4193.88
-63881.7	57641.5	4188.73
-63881.7	57653.3	4185.57
-63881.7	57432.1	4184.5
-63881.7	57444.2	4185.57
-63881.7	57456	4188.72
-63881.7	57467.1	4193.88
-63881.7	57477	4200.88
-63881.7	57485.7	4209.51
-63881.7	57492.7	4219.5
-63881.7	57497.8	4230.56
-63881.7	57501	4242.35
-63881.7	57502.1	4254.5
-63881.7	57501	4266.66
-63881.7	57497.8	4278.44
-63881.7	57492.7	4289.5
-63881.7	57485.7	4299.5
-63881.7	57477	4308.13
-63881.7	57467.1	4315.12
-63881.7	57456	4320.28
-63881.7	57444.2	4323.44
-63881.7	57432.1	4324.5
-63881.7	57419.9	4323.44
-63881.7	57408.1	4320.28
-63881.7	57397.1	4315.12
-63881.7	57387.1	4308.13
-63881.7	57378.4	4299.5
-63881.7	57371.4	4289.5
-63881.7	57366.3	4278.44
-63881.7	57363.1	4266.66
-63881.7	57362.1	4254.5
-63881.7	57363.1	4242.35
-63881.7	57366.3	4230.56
-63881.7	57371.4	4219.5
-63881.7	57378.4	4209.51
-63881.7	57387.1	4200.88
-63881.7	57397.1	4193.88
-63881.7	57408.1	4188.72
-63881.7	57419.9	4185.57
-63881.7	57904.5	4216.39
-63881.7	57911	4216.96
-63881.7	57917.3	4218.66
-63881.7	57923.3	4221.42
-63881.7	57928.6	4225.17
-63881.7	57933.2	4229.79
-63881.7	57937	4235.14
-63881.7	57939.7	4241.07
-63881.7	57941.4	4247.38
-63881.7	57942	4253.89
-63881.7	57941.4	4260.41
-63881.7	57939.7	4266.72
-63881.7	57937	4272.64
-63881.7	57933.2	4278
-63881.7	57928.6	4282.62
-63881.7	57923.3	4286.37
-63881.7	57917.3	4289.13
-63881.7	57911	4290.82
-63881.7	57904.5	4291.39
-63881.7	57898	4290.82
-63881.7	57891.7	4289.13
-63881.7	57885.8	4286.37
-63881.7	57880.4	4282.62
-63881.7	57875.8	4278
-63881.7	57872	4272.64
-63881.7	57869.3	4266.72
-63881.7	57867.6	4260.41
-63881.7	57867	4253.89
-63881.7	57867.6	4247.38
-63881.7	57869.3	4241.07
-63881.7	57872	4235.14
-63881.7	57875.8	4229.79
-63881.7	57880.4	4225.17
-63881.7	57885.8	4221.42
-63881.7	57891.7	4218.66
-63881.7	57898	4216.96
-64081.7	59564.5	5230
-64081.7	59564.5	-50
-64081.7	59338.3	4050
-64081.7	58438.3	4050
-64081.7	58438.3	4550
-64081.7	59338.3	4550
-64081.7	57677.6	4185.57
-64081.7	57665.4	4184.5
-64081.7	57653.3	4185.57
-64081.7	57641.5	4188.73
-64081.7	57630.4	4193.88
-64081.7	57620.4	4200.88
-64081.7	57611.8	4209.51
-64081.7	57604.8	4219.5
-64081.7	57599.6	4230.56
-64081.7	57596.5	4242.35
-64081.7	57595.4	4254.5
-64081.7	57596.5	4266.66
-64081.7	57599.6	4278.45
-64081.7	57604.8	4289.5
-64081.7	57611.8	4299.5
-64081.7	57620.4	4308.13
-64081.7	57630.4	4315.13
-64081.7	57641.5	4320.28
-64081.7	57653.3	4323.44
-64081.7	57665.4	4324.5
-64081.7	57677.6	4323.44
-64081.7	57689.3	4320.28
-64081.7	57700.4	4315.13
-64081.7	57710.4	4308.13
-64081.7	57719	4299.5
-64081.7	57726	4289.5
-64081.7	57731.2	4278.45
-64081.7	57734.3	4266.66
-64081.7	57735.4	4254.5
-64081.7	57734.3	4242.35
-64081.7	57731.2	4230.56
-64081.7	57726	4219.5
-64081.7	57719	4209.51
-64081.7	57710.4	4200.88
-64081.7	57700.4	4193.88
-64081.7	57689.3	4188.73
-64081.7	57444.2	4185.57
-64081.7	57432.1	4184.5
-64081.7	57419.9	4185.57
-64081.7	57408.1	4188.72
-64081.7	57397.1	4193.88
-64081.7	57387.1	4200.88
-64081.7	57378.4	4209.51
-64081.7	57371.4	4219.5
-64081.7	57366.3	4230.56
-64081.7	57363.1	4242.35
-64081.7	57362.1	4254.5
-64081.7	57363.1	4266.66
-64081.7	57366.3	4278.44
-64081.7	57371.4	4289.5
-64081.7	57378.4	4299.5
-64081.7	57387.1	4308.13
-64081.7	57397.1	4315.12
-64081.7	57408.1	4320.28
-64081.7	57419.9	4323.44
-64081.7	57432.1	4324.5
-64081.7	57444.2	4323.44
-64081.7	57456	4320.28
-64081.7	57467.1	4315.12
-64081.7	57477	4308.13
-64081.7	57485.7	4299.5
-64081.7	57492.7	4289.5
-64081.7	57497.8	4278.44
-64081.7	57501	4266.66
-64081.7	57502.1	4254.5
-64081.7	57501	4242.35
-64081.7	57497.8	4230.56
-64081.7	57492.7	4219.5
-64081.7	57485.7	4209.51
-64081.7	57477	4200.88
-64081.7	57467.1	4193.88
-64081.7	57456	4188.72
-64081.7	57911	4216.96
-64081.7	57904.5	4216.39
-64081.7	57898	4216.96
-64081.7	57891.7	4218.66
-64081.7	57885.8	4221.42
-64081.7	57880.4	4225.17
-64081.7	57875.8	4229.79
-64081.7	57872	4235.14
-64081.7	57869.3	4241.07
-64081.7	57867.6	4247.38
-64081.7	57867	4253.89
-64081.7	57867.6	4260.41
-64081.7	57869.3	4266.72
-64081.7	57872	4272.64
-64081.7	57875.8	4278
-64081.7	57880.4	4282.62
-64081.7	57885.8	4286.37
-64081.7	57891.7	4289.13
-64081.7	57898	4290.82
-64081.7	57904.5	4291.39
-64081.7	57911	4290.82
-64081.7	57917.3	4289.13
-64081.7	57923.3	4286.37
-64081.7	57928.6	4282.62
-64081.7	57933.2	4278
-64081.7	57937	4272.64
-64081.7	57939.7	4266.72
-64081.7	57941.4	4260.41
-64081.7	57942	4253.89
-64081.7	57941.4	4247.38
-64081.7	57939.7	4241.07
-64081.7	57937	4235.14
-64081.7	57933.2	4229.79
-64081.7	57928.6	4225.17
-64081.7	57923.3	4221.42
-64081.7	57917.3	4218.66

#	Triangle	97
0	2	1	3	2	0	120	8	123	7	8	120
4	7	5	7	3	5	7	6	3	6	46	3	46	81	3	81	2	3	4	8	7	9	85	6	85	84	6	84	83	6	83	82	6	82	13	6	13	12	6	12	11	6	11	10	6	10	46	6	10	47	46	45	47	10	45	48	47	80	2	81	44	48	45	44	49	48	79	2	80	43	49	44	43	50	49	78	2	79	82	14	13	42	50	43	42	51	50	77	2	78	82	15	14	41	51	42	41	52	51	76	2	77	82	16	15	40	52	41	117	16	82	116	16	117	115	16	116	40	53	52	75	2	76	115	17	16	39	53	40	9	86	85	114	17	115	9	87	86	113	17	114	9	88	87	112	17	113	39	54	53	74	2	75	112	18	17	38	54	39	9	89	88	111	18	112	9	90	89	110	18	111	38	55	54	73	2	74	110	19	18	37	55	38	9	91	90	109	19	110	9	92	91	108	19	109	37	56	55	72	2	73	108	20	19	36	56	37	9	93	92	107	20	108	36	57	56	71	2	72	107	21	20	35	57	36	9	94	93	106	21	107	9	95	94	105	21	106	9	96	95	104	21	105	35	58	57	70	2	71	104	22	21	34	58	35	9	97	96	103	22	104	9	98	97	102	22	103	9	99	98	101	22	102	34	59	58	69	2	70	101	23	22	33	59	34	9	100	99	100	23	101	9	23	100	33	60	59	68	2	69	9	24	23	32	60	33	32	61	60	67	2	68	9	25	24	31	61	32	31	62	61	66	2	67	9	26	25	30	62	31	30	63	62	65	2	66	9	27	26	29	63	30	29	64	63	64	2	65	9	28	27	28	64	29	28	2	64	9	2	28	4	9	8	4	2	9
5	118	4	119	118	5	122	6	121	9	6	122
1	119	0	1	162	119	162	161	119	161	121	119	121	120	119	120	118	119	161	125	121	125	124	121	124	159	121	159	158	121	158	197	121	197	196	121	196	231	121	231	230	121	230	122	121	123	118	120	160	125	161	160	126	125	1	163	162	195	126	160	195	127	126	1	164	163	194	127	195	194	128	127	1	165	164	193	128	194	193	129	128	157	197	158	1	166	165	192	129	193	192	130	129	156	197	157	1	167	166	191	130	192	191	131	130	155	197	156	155	198	197	155	199	198	155	200	199	1	168	167	190	131	191	190	132	131	154	200	155	154	201	200	229	122	230	154	202	201	228	122	229	154	203	202	227	122	228	1	169	168	189	132	190	189	133	132	153	203	154	153	204	203	226	122	227	153	205	204	225	122	226	1	170	169	188	133	189	188	134	133	152	205	153	152	206	205	224	122	225	152	207	206	223	122	224	1	171	170	187	134	188	187	135	134	151	207	152	151	208	207	222	122	223	1	172	171	186	135	187	186	136	135	150	208	151	150	209	208	221	122	222	150	210	209	220	122	221	150	211	210	219	122	220	1	173	172	185	136	186	185	137	136	149	211	150	149	212	211	218	122	219	149	213	212	217	122	218	149	214	213	216	122	217	1	174	173	184	137	185	184	138	137	148	214	149	148	215	214	215	122	216	148	122	215	1	175	174	183	138	184	183	139	138	147	122	148	1	176	175	182	139	183	182	140	139	146	122	147	1	177	176	181	140	182	181	141	140	145	122	146	1	178	177	180	141	181	180	142	141	144	122	145	1	179	178	179	142	180	179	143	142	143	122	144	1	143	179	1	122	143	1	123	122	1	118	123
0	5	3	119	5	0	123	9	122	8	9	123
2	118	1	4	118	2	121	7	120	6	7	121
125	11	124	10	11	125
124	12	159	11	12	124
159	13	158	12	13	159	195	49	194	48	49	195
158	14	157	13	14	158
157	15	156	14	15	157
156	16	155	15	16	156	192	52	191	51	52	192
155	17	154	16	17	155	191	53	190	52	53	191
154	18	153	17	18	154
153	19	152	18	19	153
152	20	151	19	20	152
151	21	150	20	21	151
150	22	149	21	22	150	186	58	185	57	58	186
149	23	148	22	23	149	185	59	184	58	59	185
148	24	147	23	24	148
147	25	146	24	25	147
146	26	145	25	26	146	182	62	181	61	62	182
145	27	144	26	27	145
144	28	143	27	28	144
143	29	142	28	29	143	179	65	178	64	65	179
142	30	141	29	30	142	178	66	177	65	66	178
141	31	140	30	31	141	177	67	176	66	67	177
140	32	139	31	32	140	176	68	175	67	68	176
139	33	138	32	33	139	175	69	174	68	69	175
138	34	137	33	34	138
137	35	136	34	35	137	173	71	172	70	71	173
136	36	135	35	36	136
135	37	134	36	37	135	171	73	170	72	73	171
134	38	133	37	38	134
133	39	132	38	39	133
132	40	131	39	40	132	168	76	167	75	76	168
131	41	130	40	41	131
130	42	129	41	42	130
129	43	128	42	43	129	165	79	164	78	79	165
128	44	127	43	44	128	164	80	163	79	80	164
127	45	126	44	45	127
126	10	125	45	10	126	162	46	161	81	46	162
161	47	160	46	47	161
160	48	195	47	48	160
194	50	193	49	50	194
193	51	192	50	51	193
190	54	189	53	54	190
189	55	188	54	55	189
188	56	187	55	56	188
187	57	186	56	57	187
184	60	183	59	60	184
183	61	182	60	61	183
181	63	180	62	63	181
180	64	179	63	64	180
174	70	173	69	70	174
172	72	171	71	72	172
170	74	169	73	74	170
169	75	168	74	75	169
167	77	166	76	77	167
166	78	165	77	78	166
163	81	162	80	81	163
197	83	196	82	83	197
196	84	231	83	84	196
231	85	230	84	85	231
230	86	229	85	86	230
229	87	228	86	87	229
228	88	227	87	88	228
227	89	226	88	89	227
226	90	225	89	90	226
225	91	224	90	91	225
224	92	223	91	92	224
223	93	222	92	93	223
222	94	221	93	94	222
221	95	220	94	95	221
220	96	219	95	96	220
219	97	218	96	97	219
218	98	217	97	98	218
217	99	216	98	99	217
216	100	215	99	100	216
215	101	214	100	101	215
214	102	213	101	102	214
213	103	212	102	103	213
212	104	211	103	104	212
211	105	210	104	105	211
210	106	209	105	106	210
209	107	208	106	107	209
208	108	207	107	108	208
207	109	206	108	109	207
206	110	205	109	110	206
205	111	204	110	111	205
204	112	203	111	112	204
203	113	202	112	113	203
202	114	201	113	114	202
201	115	200	114	115	201
200	116	199	115	116	200
199	117	198	116	117	199
198	82	197	117	82	198

#	Normal	97
-0	1	0
-1	0	0
-0	-1	-0
1	0	0
0	-0	1
0	0	-1
0	0.0871511	-0.996195
0	0.258848	-0.965918
0	0.42262	-0.906307
0	0.573532	-0.819183
0	0.707227	-0.706987
0	0.8191	-0.57365
0	0.906322	-0.422588
0	0.965883	-0.258977
0	0.996201	-0.0870786
-0	0.996201	0.0870786
-0	0.965883	0.258977
-0	0.906322	0.422588
-0	0.8191	0.57365
-0	0.707227	0.706987
-0	0.573532	0.819183
-0	0.42262	0.906307
-0	0.258848	0.965918
-0	0.0871511	0.996195
0	-0.0871511	0.996195
0	-0.258848	0.965918
0	-0.42262	0.906307
0	-0.573532	0.819183
0	-0.707067	0.707147
0	-0.819251	0.573435
0	-0.906322	0.422588
0	-0.965883	0.258977
0	-0.996201	0.0870786
0	-0.996201	-0.0870786
0	-0.965883	-0.258977
0	-0.906322	-0.422588
0	-0.819251	-0.573435
0	-0.707067	-0.707147
0	-0.573532	-0.819183
0	-0.42262	-0.906307
0	-0.258848	-0.965918
0	-0.0871511	-0.996195
0	0.0871789	-0.996193
0	0.258731	-0.965949
0	0.573683	-0.819078
0	0.707087	-0.707127
0	0.965961	-0.258689
0	0.996174	-0.0873928
-0	0.996174	0.0873963
-0	0.965963	0.258679
-0	0.707067	0.707147
-0	0.573683	0.819078
-0	0.258768	0.965939
-0	0.0871789	0.996193
0	-0.8191	0.57365
0	-0.965963	0.258679
0	-0.996202	-0.0870751
0	-0.965961	-0.258689
0	-0.8191	-0.57365
0	-0.707087	-0.707127
0	-0.258811	-0.965928
0	0.0871744	-0.996193
0	0.258816	-0.965927
0	0.42255	-0.90634
0	0.573533	-0.819183
0	0.707181	-0.707032
0	0.819099	-0.573653
0	0.906357	-0.422513
0	0.965942	-0.25876
0	0.996187	-0.0872485
-0	0.996187	0.0872485
-0	0.965942	0.25876
-0	0.906357	0.422513
-0	0.819099	0.573653
-0	0.707181	0.707032
-0	0.573533	0.819183
-0	0.422489	0.906368
-0	0.258885	0.965908
-0	0.0871744	0.996193
0	-0.0871744	0.996193
0	-0.258736	0.965948
0	-0.422718	0.906261
0	-0.573533	0.819183
0	-0.707181	0.707032
0	-0.819099	0.573653
0	-0.906357	0.422513
0	-0.965942	0.25876
0	-0.996187	0.0872485
0	-0.996187	-0.0872485
0	-0.965942	-0.25876
0	-0.906357	-0.422513
0	-0.819099	-0.573653
0	-0.707181	-0.707032
0	-0.573533	-0.819183
0	-0.422779	-0.906233
0	-0.258666	-0.965967
0	-0.0871744	-0.996193

#	Mesh	0	End

