#	Mesh	0	Begin

#	Vertex	232
-55481.7	59564.5	-50
-55481.7	59564.5	4650
-55681.7	59564.5	4650
-55681.7	59564.5	-50
-55681.7	51864.5	4650
-55681.7	51864.5	-50
-55681.7	59338.3	3950
-55681.7	58438.3	3950
-55681.7	58438.3	4550
-55681.7	59338.3	4550
-55681.7	57665.4	4149.29
-55681.7	57651.5	4150.51
-55681.7	57638	4154.12
-55681.7	57625.4	4160.01
-55681.7	57614	4168.01
-55681.7	57604.1	4177.87
-55681.7	57596.1	4189.29
-55681.7	57590.2	4201.93
-55681.7	57586.6	4215.4
-55681.7	57585.4	4229.29
-55681.7	57586.6	4243.19
-55681.7	57590.2	4256.66
-55681.7	57596.1	4269.29
-55681.7	57604.1	4280.72
-55681.7	57614	4290.58
-55681.7	57625.4	4298.58
-55681.7	57638	4304.47
-55681.7	57651.5	4308.08
-55681.7	57665.4	4309.29
-55681.7	57679.3	4308.08
-55681.7	57692.8	4304.47
-55681.7	57705.4	4298.58
-55681.7	57716.8	4290.58
-55681.7	57726.7	4280.72
-55681.7	57734.7	4269.29
-55681.7	57740.6	4256.66
-55681.7	57744.2	4243.19
-55681.7	57745.4	4229.29
-55681.7	57744.2	4215.4
-55681.7	57740.6	4201.93
-55681.7	57734.7	4189.29
-55681.7	57726.7	4177.87
-55681.7	57716.8	4168.01
-55681.7	57705.4	4160.01
-55681.7	57692.8	4154.12
-55681.7	57679.3	4150.51
-55681.7	57432.1	4149.3
-55681.7	57418.2	4150.52
-55681.7	57404.7	4154.13
-55681.7	57392.1	4160.02
-55681.7	57380.6	4168.02
-55681.7	57370.8	4177.88
-55681.7	57362.8	4189.3
-55681.7	57356.9	4201.94
-55681.7	57353.3	4215.41
-55681.7	57352.1	4229.3
-55681.7	57353.3	4243.19
-55681.7	57356.9	4256.66
-55681.7	57362.8	4269.3
-55681.7	57370.8	4280.73
-55681.7	57380.6	4290.59
-55681.7	57392.1	4298.58
-55681.7	57404.7	4304.48
-55681.7	57418.2	4308.09
-55681.7	57432.1	4309.3
-55681.7	57445.9	4308.09
-55681.7	57459.4	4304.48
-55681.7	57472.1	4298.58
-55681.7	57483.5	4290.59
-55681.7	57493.3	4280.73
-55681.7	57501.3	4269.3
-55681.7	57507.2	4256.66
-55681.7	57510.8	4243.19
-55681.7	57512.1	4229.3
-55681.7	57510.8	4215.41
-55681.7	57507.2	4201.94
-55681.7	57501.3	4189.3
-55681.7	57493.3	4177.88
-55681.7	57483.5	4168.02
-55681.7	57472.1	4160.02
-55681.7	57459.4	4154.13
-55681.7	57445.9	4150.52
-55681.7	57904.5	4191.18
-55681.7	57898	4191.75
-55681.7	57891.7	4193.45
-55681.7	57885.8	4196.21
-55681.7	57880.4	4199.96
-55681.7	57875.8	4204.58
-55681.7	57872	4209.93
-55681.7	57869.3	4215.86
-55681.7	57867.6	4222.17
-55681.7	57867	4228.68
-55681.7	57867.6	4235.2
-55681.7	57869.3	4241.51
-55681.7	57872	4247.43
-55681.7	57875.8	4252.79
-55681.7	57880.4	4257.41
-55681.7	57885.8	4261.16
-55681.7	57891.7	4263.92
-55681.7	57898	4265.61
-55681.7	57904.5	4266.18
-55681.7	57911	4265.61
-55681.7	57917.3	4263.92
-55681.7	57923.3	4261.16
-55681.7	57928.6	4257.41
-55681.7	57933.2	4252.79
-55681.7	57937	4247.43
-55681.7	57939.7	4241.51
-55681.7	57941.4	4235.2
-55681.7	57942	4228.68
-55681.7	57941.4	4222.17
-55681.7	57939.7	4215.86
-55681.7	57937	4209.93
-55681.7	57933.2	4204.58
-55681.7	57928.6	4199.96
-55681.7	57923.3	4196.21
-55681.7	57917.3	4193.45
-55681.7	57911	4191.75
-55481.7	51864.5	4650
-55481.7	51864.5	-50
-55481.7	58438.3	3950
-55481.7	59338.3	3950
-55481.7	59338.3	4550
-55481.7	58438.3	4550
-55481.7	57651.5	4150.51
-55481.7	57665.4	4149.29
-55481.7	57679.3	4150.51
-55481.7	57692.8	4154.12
-55481.7	57705.4	4160.01
-55481.7	57716.8	4168.01
-55481.7	57726.7	4177.87
-55481.7	57734.7	4189.29
-55481.7	57740.6	4201.93
-55481.7	57744.2	4215.4
-55481.7	57745.4	4229.29
-55481.7	57744.2	4243.19
-55481.7	57740.6	4256.66
-55481.7	57734.7	4269.29
-55481.7	57726.7	4280.72
-55481.7	57716.8	4290.58
-55481.7	57705.4	4298.58
-55481.7	57692.8	4304.47
-55481.7	57679.3	4308.08
-55481.7	57665.4	4309.29
-55481.7	57651.5	4308.08
-55481.7	57638	4304.47
-55481.7	57625.4	4298.58
-55481.7	57614	4290.58
-55481.7	57604.1	4280.72
-55481.7	57596.1	4269.29
-55481.7	57590.2	4256.66
-55481.7	57586.6	4243.19
-55481.7	57585.4	4229.29
-55481.7	57586.6	4215.4
-55481.7	57590.2	4201.93
-55481.7	57596.1	4189.29
-55481.7	57604.1	4177.87
-55481.7	57614	4168.01
-55481.7	57625.4	4160.01
-55481.7	57638	4154.12
-55481.7	57418.2	4150.52
-55481.7	57432.1	4149.3
-55481.7	57445.9	4150.52
-55481.7	57459.4	4154.13
-55481.7	57472.1	4160.02
-55481.7	57483.5	4168.02
-55481.7	57493.3	4177.88
-55481.7	57501.3	4189.3
-55481.7	57507.2	4201.94
-55481.7	57510.8	4215.41
-55481.7	57512.1	4229.3
-55481.7	57510.8	4243.19
-55481.7	57507.2	4256.66
-55481.7	57501.3	4269.3
-55481.7	57493.3	4280.73
-55481.7	57483.5	4290.59
-55481.7	57472.1	4298.58
-55481.7	57459.4	4304.48
-55481.7	57445.9	4308.09
-55481.7	57432.1	4309.3
-55481.7	57418.2	4308.09
-55481.7	57404.7	4304.48
-55481.7	57392.1	4298.58
-55481.7	57380.6	4290.59
-55481.7	57370.8	4280.73
-55481.7	57362.8	4269.3
-55481.7	57356.9	4256.66
-55481.7	57353.3	4243.19
-55481.7	57352.1	4229.3
-55481.7	57353.3	4215.41
-55481.7	57356.9	4201.94
-55481.7	57362.8	4189.3
-55481.7	57370.8	4177.88
-55481.7	57380.6	4168.02
-55481.7	57392.1	4160.02
-55481.7	57404.7	4154.13
-55481.7	57898	4191.75
-55481.7	57904.5	4191.18
-55481.7	57911	4191.75
-55481.7	57917.3	4193.45
-55481.7	57923.3	4196.21
-55481.7	57928.6	4199.96
-55481.7	57933.2	4204.58
-55481.7	57937	4209.93
-55481.7	57939.7	4215.86
-55481.7	57941.4	4222.17
-55481.7	57942	4228.68
-55481.7	57941.4	4235.2
-55481.7	57939.7	4241.51
-55481.7	57937	4247.43
-55481.7	57933.2	4252.79
-55481.7	57928.6	4257.41
-55481.7	57923.3	4261.16
-55481.7	57917.3	4263.92
-55481.7	57911	4265.61
-55481.7	57904.5	4266.18
-55481.7	57898	4265.61
-55481.7	57891.7	4263.92
-55481.7	57885.8	4261.16
-55481.7	57880.4	4257.41
-55481.7	57875.8	4252.79
-55481.7	57872	4247.43
-55481.7	57869.3	4241.51
-55481.7	57867.6	4235.2
-55481.7	57867	4228.68
-55481.7	57867.6	4222.17
-55481.7	57869.3	4215.86
-55481.7	57872	4209.93
-55481.7	57875.8	4204.58
-55481.7	57880.4	4199.96
-55481.7	57885.8	4196.21
-55481.7	57891.7	4193.45

#	Triangle	99
0	2	1	3	2	0	120	8	123	7	8	120
4	3	5	4	7	3	7	6	3	6	2	3	4	47	7	47	46	7	46	10	7	10	45	7	45	44	7	44	43	7	43	82	7	82	117	7	117	116	7	116	115	7	115	8	7	9	2	6	46	11	10	81	11	46	81	12	11	4	48	47	80	12	81	80	13	12	4	49	48	79	13	80	79	14	13	42	82	43	4	50	49	78	14	79	78	15	14	41	82	42	4	51	50	77	15	78	77	16	15	40	82	41	4	52	51	76	16	77	76	17	16	39	82	40	4	53	52	75	17	76	39	83	82	39	84	83	39	85	84	39	86	85	114	8	115	39	87	86	113	8	114	75	18	17	38	87	39	4	54	53	74	18	75	38	88	87	112	8	113	38	89	88	111	8	112	74	19	18	37	89	38	4	55	54	73	19	74	37	90	89	110	8	111	37	91	90	109	8	110	37	92	91	108	8	109	73	20	19	36	92	37	4	56	55	72	20	73	36	93	92	107	8	108	36	94	93	106	8	107	72	21	20	35	94	36	4	57	56	71	21	72	35	95	94	105	8	106	35	96	95	104	8	105	71	22	21	34	96	35	4	58	57	70	22	71	34	97	96	103	8	104	34	98	97	102	8	103	34	99	98	101	8	102	34	100	99	100	8	101	34	8	100	70	23	22	33	8	34	4	59	58	69	23	70	69	24	23	32	8	33	4	60	59	68	24	69	68	25	24	31	8	32	4	61	60	67	25	68	67	26	25	30	8	31	4	62	61	66	26	67	66	27	26	29	8	30	4	63	62	65	27	66	65	28	27	28	8	29	4	64	63	64	28	65	64	8	28	4	8	64	4	9	8	4	2	9
5	118	4	119	118	5	122	6	121	9	6	122
1	121	0	121	119	0	121	120	119	120	118	119	1	122	121	123	200	120	200	199	120	199	198	120	198	197	120	197	128	120	128	127	120	127	126	120	126	125	120	125	161	120	161	160	120	160	118	120	124	161	125	124	162	161	159	162	124	159	163	162	195	118	160	158	163	159	158	164	163	194	118	195	197	129	128	157	164	158	157	165	164	193	118	194	197	130	129	156	165	157	156	166	165	192	118	193	197	131	130	155	166	156	155	167	166	191	118	192	197	132	131	154	167	155	154	168	167	190	118	191	196	132	197	231	132	196	230	132	231	123	201	200	229	132	230	123	202	201	228	132	229	228	133	132	153	168	154	153	169	168	189	118	190	123	203	202	227	133	228	123	204	203	226	133	227	226	134	133	152	169	153	152	170	169	188	118	189	123	205	204	225	134	226	123	206	205	224	134	225	123	207	206	223	134	224	223	135	134	151	170	152	151	171	170	187	118	188	123	208	207	222	135	223	123	209	208	221	135	222	221	136	135	150	171	151	150	172	171	186	118	187	123	210	209	220	136	221	123	211	210	219	136	220	219	137	136	149	172	150	149	173	172	185	118	186	123	212	211	218	137	219	123	213	212	217	137	218	123	214	213	216	137	217	123	215	214	215	137	216	123	137	215	123	138	137	148	173	149	148	174	173	184	118	185	123	139	138	147	174	148	147	175	174	183	118	184	123	140	139	146	175	147	146	176	175	182	118	183	123	141	140	145	176	146	145	177	176	181	118	182	123	142	141	144	177	145	144	178	177	180	118	181	123	143	142	143	178	144	143	179	178	179	118	180	123	179	143	123	118	179	1	123	122	1	118	123
0	5	3	119	5	0	123	9	122	8	9	123
2	118	1	4	118	2	121	7	120	6	7	121
125	11	124	10	11	125
124	12	159	11	12	124
159	13	158	12	13	159
158	14	157	13	14	158
157	15	156	14	15	157
156	16	155	15	16	156
155	17	154	16	17	155
154	18	153	17	18	154
153	19	152	18	19	153	189	55	188	54	55	189
152	20	151	19	20	152	188	56	187	55	56	188
151	21	150	20	21	151	187	57	186	56	57	187
150	22	149	21	22	150
149	23	148	22	23	149
148	24	147	23	24	148
147	25	146	24	25	147
146	26	145	25	26	146	182	62	181	61	62	182
145	27	144	26	27	145
144	28	143	27	28	144
143	29	142	28	29	143	179	65	178	64	65	179
142	30	141	29	30	142	178	66	177	65	66	178
141	31	140	30	31	141	177	67	176	66	67	177
140	32	139	31	32	140	176	68	175	67	68	176
139	33	138	32	33	139	175	69	174	68	69	175
138	34	137	33	34	138	174	70	173	69	70	174
137	35	136	34	35	137
136	36	135	35	36	136	172	72	171	71	72	172
135	37	134	36	37	135
134	38	133	37	38	134
133	39	132	38	39	133
132	40	131	39	40	132
131	41	130	40	41	131	167	77	166	76	77	167
130	42	129	41	42	130	166	78	165	77	78	166
129	43	128	42	43	129
128	44	127	43	44	128
127	45	126	44	45	127	163	81	162	80	81	163
126	10	125	45	10	126	162	46	161	81	46	162
161	47	160	46	47	161
160	48	195	47	48	160
195	49	194	48	49	195
194	50	193	49	50	194
193	51	192	50	51	193
192	52	191	51	52	192
191	53	190	52	53	191
190	54	189	53	54	190
186	58	185	57	58	186
185	59	184	58	59	185
184	60	183	59	60	184
183	61	182	60	61	183
181	63	180	62	63	181
180	64	179	63	64	180
173	71	172	70	71	173
171	73	170	72	73	171
170	74	169	73	74	170
169	75	168	74	75	169
168	76	167	75	76	168
165	79	164	78	79	165
164	80	163	79	80	164
197	83	196	82	83	197
196	84	231	83	84	196
231	85	230	84	85	231
230	86	229	85	86	230
229	87	228	86	87	229
228	88	227	87	88	228
227	89	226	88	89	227
226	90	225	89	90	226
225	91	224	90	91	225
224	92	223	91	92	224
223	93	222	92	93	223
222	94	221	93	94	222
221	95	220	94	95	221
220	96	219	95	96	220
219	97	218	96	97	219
218	98	217	97	98	218
217	99	216	98	99	217
216	100	215	99	100	216
215	101	214	100	101	215
214	102	213	101	102	214
213	103	212	102	103	213
212	104	211	103	104	212
211	105	210	104	105	211
210	106	209	105	106	210
209	107	208	106	107	209
208	108	207	107	108	208
207	109	206	108	109	207
206	110	205	109	110	206
205	111	204	110	111	205
204	112	203	111	112	204
203	113	202	112	113	203
202	114	201	113	114	202
201	115	200	114	115	201
200	116	199	115	116	200
199	117	198	116	117	199
198	82	197	117	82	198

#	Normal	99
-0	-1	-0
1	0	0
-0	1	0
-1	0	0
-0	0	1
-0	-0	-1
-0	-0.08716	-0.996194
-0	-0.258778	-0.965937
-0	-0.422675	-0.906282
-0	-0.573594	-0.81914
-0	-0.707019	-0.707194
-0	-0.819229	-0.573467
-0	-0.90628	-0.422678
-0	-0.965923	-0.258831
-0	-0.996198	-0.0871192
0	-0.996198	0.0871161
0	-0.965923	0.258831
0	-0.906273	0.422692
0	-0.819229	0.573467
0	-0.707019	0.707194
0	-0.573617	0.819123
0	-0.422646	0.906295
0	-0.258778	0.965937
0	-0.08716	0.996194
0	0.08716	0.996194
0	0.258848	0.965918
0	0.422539	0.906345
0	0.573617	0.819123
0	0.707159	0.707054
0	0.819097	0.573655
0	0.906273	0.422692
0	0.965923	0.258831
0	0.996198	0.0871161
0	0.996198	-0.0871192
0	0.965923	-0.258831
0	0.90628	-0.422678
0	0.819097	-0.573655
0	0.707159	-0.707054
0	0.573594	-0.81914
0	0.422567	-0.906332
0	0.258848	-0.965918
0	0.08716	-0.996194
-0	-0.0871357	-0.996196
-0	-0.258848	-0.965918
-0	-0.422646	-0.906295
-0	-0.573486	-0.819215
-0	-0.707159	-0.707054
-0	-0.819097	-0.573655
-0	-0.906381	-0.422462
-0	-0.965925	-0.258822
0	-0.906381	0.422462
0	-0.819097	0.573655
0	-0.707159	0.707054
0	-0.573486	0.819215
0	-0.258848	0.965918
0	-0.0871357	0.996196
0	0.906381	0.422462
0	0.996174	0.0873941
0	0.996174	-0.0873972
0	0.965925	-0.258822
0	0.906381	-0.422462
0	0.573617	-0.819123
0	0.422539	-0.906345
-0	-0.0871744	-0.996193
-0	-0.258736	-0.965948
-0	-0.422779	-0.906233
-0	-0.573482	-0.819218
-0	-0.707181	-0.707032
-0	-0.819099	-0.573653
-0	-0.906357	-0.422513
-0	-0.965942	-0.25876
-0	-0.996187	-0.0872485
0	-0.996187	0.087242
0	-0.965937	0.258778
0	-0.906357	0.422513
0	-0.819099	0.573653
0	-0.707219	0.706995
0	-0.573482	0.819218
0	-0.422779	0.906233
0	-0.258736	0.965948
0	-0.0871002	0.9962
0	0.0871002	0.9962
0	0.258885	0.965908
0	0.42255	0.90634
0	0.573482	0.819218
0	0.707219	0.706995
0	0.819099	0.573653
0	0.906357	0.422513
0	0.965937	0.258778
0	0.996187	0.087242
0	0.996187	-0.0872485
0	0.965942	-0.25876
0	0.906357	-0.422513
0	0.819099	-0.573653
0	0.707181	-0.707032
0	0.573482	-0.819218
0	0.42255	-0.90634
0	0.258885	-0.965908
0	0.0871744	-0.996193

#	Mesh	0	End

