#	Mesh	0	Begin

#	Vertex	928
-38631.7	64564.5	-50
-38631.7	64564.5	5230
-38631.7	64764.5	5230
-38631.7	64764.5	-50
-63881.7	64764.5	5230
-63881.7	64764.5	-50
-58531.7	64764.5	2100
-57031.7	64764.5	2100
-57031.7	64764.5	0
-58531.7	64764.5	0
-52131.7	64764.5	2100
-50631.7	64764.5	2100
-50631.7	64764.5	0
-52131.7	64764.5	0
-56631.7	64764.5	3850
-56931.7	64764.5	3850
-56931.7	64764.5	4050
-56631.7	64764.5	4050
-56331.7	64764.5	4050
-56031.7	64764.5	4050
-56031.7	64764.5	3850
-56331.7	64764.5	3850
-47756.7	64764.5	3950
-49106.7	64764.5	3950
-49106.7	64764.5	4550
-47756.7	64764.5	4550
-57531.7	64764.5	4400
-58231.7	64764.5	4400
-58231.7	64764.5	4600
-57531.7	64764.5	4600
-45089.6	64764.5	3722.1
-45097.4	64764.5	3722.78
-45105	64764.5	3724.81
-45112.1	64764.5	3728.13
-45118.5	64764.5	3732.63
-45124.1	64764.5	3738.17
-45128.6	64764.5	3744.6
-45131.9	64764.5	3751.71
-45133.9	64764.5	3759.28
-45134.6	64764.5	3767.1
-45133.9	64764.5	3774.91
-45131.9	64764.5	3782.49
-45128.6	64764.5	3789.6
-45124.1	64764.5	3796.02
-45118.5	64764.5	3801.57
-45112.1	64764.5	3806.07
-45105	64764.5	3809.38
-45097.4	64764.5	3811.41
-45089.6	64764.5	3812.1
-45081.8	64764.5	3811.41
-45074.2	64764.5	3809.38
-45067.1	64764.5	3806.07
-45060.7	64764.5	3801.57
-45055.1	64764.5	3796.02
-45050.6	64764.5	3789.6
-45047.3	64764.5	3782.49
-45045.3	64764.5	3774.91
-45044.6	64764.5	3767.1
-45045.3	64764.5	3759.28
-45047.3	64764.5	3751.71
-45050.6	64764.5	3744.6
-45055.1	64764.5	3738.17
-45060.7	64764.5	3732.63
-45067.1	64764.5	3728.13
-45074.2	64764.5	3724.81
-45081.8	64764.5	3722.78
-43981.4	64764.5	3855.77
-43987.9	64764.5	3856.33
-43994.2	64764.5	3858.03
-44000.1	64764.5	3860.79
-44005.5	64764.5	3864.54
-44010.1	64764.5	3869.16
-44013.9	64764.5	3874.52
-44016.6	64764.5	3880.44
-44018.3	64764.5	3886.75
-44018.9	64764.5	3893.27
-44018.3	64764.5	3899.78
-44016.6	64764.5	3906.09
-44013.9	64764.5	3912.02
-44010.1	64764.5	3917.37
-44005.5	64764.5	3921.99
-44000.1	64764.5	3925.74
-43994.2	64764.5	3928.5
-43987.9	64764.5	3930.2
-43981.4	64764.5	3930.77
-43974.9	64764.5	3930.2
-43968.6	64764.5	3928.5
-43962.6	64764.5	3925.74
-43957.3	64764.5	3921.99
-43952.7	64764.5	3917.37
-43948.9	64764.5	3912.02
-43946.2	64764.5	3906.09
-43944.5	64764.5	3899.78
-43943.9	64764.5	3893.27
-43944.5	64764.5	3886.75
-43946.2	64764.5	3880.44
-43948.9	64764.5	3874.52
-43952.7	64764.5	3869.16
-43957.3	64764.5	3864.54
-43962.6	64764.5	3860.79
-43968.6	64764.5	3858.03
-43974.9	64764.5	3856.33
-43723.1	64764.5	3815.48
-43737	64764.5	3816.7
-43750.5	64764.5	3820.31
-43763.1	64764.5	3826.2
-43774.5	64764.5	3834.2
-43784.4	64764.5	3844.06
-43792.4	64764.5	3855.48
-43798.3	64764.5	3868.12
-43801.9	64764.5	3881.59
-43803.1	64764.5	3895.48
-43801.9	64764.5	3909.37
-43798.3	64764.5	3922.84
-43792.4	64764.5	3935.48
-43784.4	64764.5	3946.91
-43774.5	64764.5	3956.77
-43763.1	64764.5	3964.76
-43750.5	64764.5	3970.66
-43737	64764.5	3974.27
-43723.1	64764.5	3975.48
-43709.2	64764.5	3974.27
-43695.7	64764.5	3970.66
-43683.1	64764.5	3964.76
-43671.7	64764.5	3956.77
-43661.8	64764.5	3946.91
-43653.8	64764.5	3935.48
-43647.9	64764.5	3922.84
-43644.3	64764.5	3909.37
-43643.1	64764.5	3895.48
-43644.3	64764.5	3881.59
-43647.9	64764.5	3868.12
-43653.8	64764.5	3855.48
-43661.8	64764.5	3844.06
-43671.7	64764.5	3834.2
-43683.1	64764.5	3826.2
-43695.7	64764.5	3820.31
-43709.2	64764.5	3816.7
-44731.2	64764.5	3698.94
-44745.1	64764.5	3700.16
-44758.6	64764.5	3703.77
-44771.2	64764.5	3709.66
-44782.7	64764.5	3717.66
-44792.5	64764.5	3727.52
-44800.5	64764.5	3738.94
-44806.4	64764.5	3751.58
-44810	64764.5	3765.05
-44811.2	64764.5	3778.94
-44810	64764.5	3792.83
-44806.4	64764.5	3806.3
-44800.5	64764.5	3818.94
-44792.5	64764.5	3830.36
-44782.7	64764.5	3840.22
-44771.2	64764.5	3848.22
-44758.6	64764.5	3854.12
-44745.1	64764.5	3857.73
-44731.2	64764.5	3858.94
-44717.3	64764.5	3857.73
-44703.9	64764.5	3854.12
-44691.2	64764.5	3848.22
-44679.8	64764.5	3840.22
-44670	64764.5	3830.36
-44662	64764.5	3818.94
-44656.1	64764.5	3806.3
-44652.5	64764.5	3792.83
-44651.2	64764.5	3778.94
-44652.5	64764.5	3765.05
-44656.1	64764.5	3751.58
-44662	64764.5	3738.94
-44670	64764.5	3727.52
-44679.8	64764.5	3717.66
-44691.2	64764.5	3709.66
-44703.9	64764.5	3703.77
-44717.3	64764.5	3700.16
-50297.5	64764.5	3718.71
-50303	64764.5	3719.18
-50308.3	64764.5	3720.61
-50313.3	64764.5	3722.93
-50317.8	64764.5	3726.08
-50321.6	64764.5	3729.96
-50324.8	64764.5	3734.46
-50327.1	64764.5	3739.43
-50328.5	64764.5	3744.74
-50329	64764.5	3750.21
-50328.5	64764.5	3755.68
-50327.1	64764.5	3760.98
-50324.8	64764.5	3765.96
-50321.6	64764.5	3770.45
-50317.8	64764.5	3774.34
-50313.3	64764.5	3777.49
-50308.3	64764.5	3779.81
-50303	64764.5	3781.23
-50297.5	64764.5	3781.71
-50292	64764.5	3781.23
-50286.7	64764.5	3779.81
-50281.8	64764.5	3777.49
-50277.3	64764.5	3774.34
-50273.4	64764.5	3770.45
-50270.2	64764.5	3765.96
-50267.9	64764.5	3760.98
-50266.5	64764.5	3755.68
-50266	64764.5	3750.21
-50266.5	64764.5	3744.74
-50267.9	64764.5	3739.43
-50270.2	64764.5	3734.46
-50273.4	64764.5	3729.96
-50277.3	64764.5	3726.08
-50281.8	64764.5	3722.93
-50286.7	64764.5	3720.61
-50292	64764.5	3719.18
-50157.2	64764.5	3718.5
-50162.7	64764.5	3718.98
-50168	64764.5	3720.4
-50172.9	64764.5	3722.72
-50177.4	64764.5	3725.87
-50181.3	64764.5	3729.75
-50184.5	64764.5	3734.25
-50186.8	64764.5	3739.23
-50188.2	64764.5	3744.53
-50188.7	64764.5	3750
-50188.2	64764.5	3755.47
-50186.8	64764.5	3760.77
-50184.5	64764.5	3765.75
-50181.3	64764.5	3770.25
-50177.4	64764.5	3774.13
-50172.9	64764.5	3777.28
-50168	64764.5	3779.6
-50162.7	64764.5	3781.02
-50157.2	64764.5	3781.5
-50151.7	64764.5	3781.02
-50146.4	64764.5	3779.6
-50141.4	64764.5	3777.28
-50136.9	64764.5	3774.13
-50133.1	64764.5	3770.25
-50129.9	64764.5	3765.75
-50127.6	64764.5	3760.77
-50126.2	64764.5	3755.47
-50125.7	64764.5	3750
-50126.2	64764.5	3744.53
-50127.6	64764.5	3739.23
-50129.9	64764.5	3734.25
-50133.1	64764.5	3729.75
-50136.9	64764.5	3725.87
-50141.4	64764.5	3722.72
-50146.4	64764.5	3720.4
-50151.7	64764.5	3718.98
-50443.6	64764.5	3725.16
-50447.9	64764.5	3725.54
-50452.1	64764.5	3726.67
-50456.1	64764.5	3728.51
-50459.6	64764.5	3731.01
-50462.7	64764.5	3734.09
-50465.2	64764.5	3737.66
-50467.1	64764.5	3741.61
-50468.2	64764.5	3745.82
-50468.6	64764.5	3750.16
-50468.2	64764.5	3754.5
-50467.1	64764.5	3758.71
-50465.2	64764.5	3762.66
-50462.7	64764.5	3766.23
-50459.6	64764.5	3769.31
-50456.1	64764.5	3771.81
-50452.1	64764.5	3773.65
-50447.9	64764.5	3774.78
-50443.6	64764.5	3775.16
-50439.2	64764.5	3774.78
-50435	64764.5	3773.65
-50431.1	64764.5	3771.81
-50427.5	64764.5	3769.31
-50424.4	64764.5	3766.23
-50421.9	64764.5	3762.66
-50420.1	64764.5	3758.71
-50418.9	64764.5	3754.5
-50418.6	64764.5	3750.16
-50418.9	64764.5	3745.82
-50420.1	64764.5	3741.61
-50421.9	64764.5	3737.66
-50424.4	64764.5	3734.09
-50427.5	64764.5	3731.01
-50431.1	64764.5	3728.51
-50435	64764.5	3726.67
-50439.2	64764.5	3725.54
-46701.7	64764.5	3718.5
-46707.2	64764.5	3718.98
-46712.5	64764.5	3720.4
-46717.5	64764.5	3722.72
-46722	64764.5	3725.87
-46725.9	64764.5	3729.75
-46729	64764.5	3734.25
-46731.3	64764.5	3739.23
-46732.8	64764.5	3744.53
-46733.2	64764.5	3750
-46732.8	64764.5	3755.47
-46731.3	64764.5	3760.77
-46729	64764.5	3765.75
-46725.9	64764.5	3770.25
-46722	64764.5	3774.13
-46717.5	64764.5	3777.28
-46712.5	64764.5	3779.6
-46707.2	64764.5	3781.02
-46701.7	64764.5	3781.5
-46696.3	64764.5	3781.02
-46691	64764.5	3779.6
-46686	64764.5	3777.28
-46681.5	64764.5	3774.13
-46677.6	64764.5	3770.25
-46674.5	64764.5	3765.75
-46672.1	64764.5	3760.77
-46670.7	64764.5	3755.47
-46670.2	64764.5	3750
-46670.7	64764.5	3744.53
-46672.1	64764.5	3739.23
-46674.5	64764.5	3734.25
-46677.6	64764.5	3729.75
-46681.5	64764.5	3725.87
-46686	64764.5	3722.72
-46691	64764.5	3720.4
-46696.3	64764.5	3718.98
-46519.3	64764.5	3718.5
-46524.8	64764.5	3718.98
-46530.1	64764.5	3720.4
-46535.1	64764.5	3722.72
-46539.6	64764.5	3725.87
-46543.4	64764.5	3729.75
-46546.6	64764.5	3734.25
-46548.9	64764.5	3739.22
-46550.3	64764.5	3744.53
-46550.8	64764.5	3750
-46550.3	64764.5	3755.47
-46548.9	64764.5	3760.77
-46546.6	64764.5	3765.75
-46543.4	64764.5	3770.25
-46539.6	64764.5	3774.13
-46535.1	64764.5	3777.28
-46530.1	64764.5	3779.6
-46524.8	64764.5	3781.02
-46519.3	64764.5	3781.5
-46513.8	64764.5	3781.02
-46508.5	64764.5	3779.6
-46503.6	64764.5	3777.28
-46499.1	64764.5	3774.13
-46495.2	64764.5	3770.25
-46492	64764.5	3765.75
-46489.7	64764.5	3760.77
-46488.3	64764.5	3755.47
-46487.8	64764.5	3750
-46488.3	64764.5	3744.53
-46489.7	64764.5	3739.22
-46492	64764.5	3734.25
-46495.2	64764.5	3729.75
-46499.1	64764.5	3725.87
-46503.6	64764.5	3722.72
-46508.5	64764.5	3720.4
-46513.8	64764.5	3718.98
-46361.7	64764.5	3725
-46366.1	64764.5	3725.38
-46370.3	64764.5	3726.51
-46374.2	64764.5	3728.35
-46377.8	64764.5	3730.85
-46380.9	64764.5	3733.93
-46383.4	64764.5	3737.5
-46385.2	64764.5	3741.45
-46386.4	64764.5	3745.66
-46386.7	64764.5	3750
-46386.4	64764.5	3754.34
-46385.2	64764.5	3758.55
-46383.4	64764.5	3762.5
-46380.9	64764.5	3766.07
-46377.8	64764.5	3769.16
-46374.2	64764.5	3771.65
-46370.3	64764.5	3773.5
-46366.1	64764.5	3774.62
-46361.7	64764.5	3775
-46357.4	64764.5	3774.62
-46353.2	64764.5	3773.5
-46349.2	64764.5	3771.65
-46345.7	64764.5	3769.16
-46342.6	64764.5	3766.07
-46340.1	64764.5	3762.5
-46338.2	64764.5	3758.55
-46337.1	64764.5	3754.34
-46336.7	64764.5	3750
-46337.1	64764.5	3745.66
-46338.2	64764.5	3741.45
-46340.1	64764.5	3737.5
-46342.6	64764.5	3733.93
-46345.7	64764.5	3730.85
-46349.2	64764.5	3728.35
-46353.2	64764.5	3726.51
-46357.4	64764.5	3725.38
-43393.1	64764.5	3815.71
-43407	64764.5	3816.93
-43420.4	64764.5	3820.53
-43433.1	64764.5	3826.43
-43444.5	64764.5	3834.43
-43454.4	64764.5	3844.29
-43462.4	64764.5	3855.71
-43468.3	64764.5	3868.35
-43471.9	64764.5	3881.82
-43473.1	64764.5	3895.71
-43471.9	64764.5	3909.6
-43468.3	64764.5	3923.07
-43462.4	64764.5	3935.71
-43454.4	64764.5	3947.13
-43444.5	64764.5	3956.99
-43433.1	64764.5	3964.99
-43420.4	64764.5	3970.89
-43407	64764.5	3974.49
-43393.1	64764.5	3975.71
-43379.2	64764.5	3974.49
-43365.7	64764.5	3970.89
-43353.1	64764.5	3964.99
-43341.7	64764.5	3956.99
-43331.8	64764.5	3947.13
-43323.8	64764.5	3935.71
-43317.9	64764.5	3923.07
-43314.3	64764.5	3909.6
-43313.1	64764.5	3895.71
-43314.3	64764.5	3881.82
-43317.9	64764.5	3868.35
-43323.8	64764.5	3855.71
-43331.8	64764.5	3844.29
-43341.7	64764.5	3834.43
-43353.1	64764.5	3826.43
-43365.7	64764.5	3820.53
-43379.2	64764.5	3816.93
-44361.8	64764.5	3697.04
-44375.7	64764.5	3698.25
-44389.1	64764.5	3701.86
-44401.8	64764.5	3707.76
-44413.2	64764.5	3715.76
-44423.1	64764.5	3725.62
-44431.1	64764.5	3737.04
-44437	64764.5	3749.68
-44440.6	64764.5	3763.15
-44441.8	64764.5	3777.04
-44440.6	64764.5	3790.93
-44437	64764.5	3804.4
-44431.1	64764.5	3817.04
-44423.1	64764.5	3828.46
-44413.2	64764.5	3838.32
-44401.8	64764.5	3846.32
-44389.1	64764.5	3852.21
-44375.7	64764.5	3855.82
-44361.8	64764.5	3857.04
-44347.9	64764.5	3855.82
-44334.4	64764.5	3852.21
-44321.8	64764.5	3846.32
-44310.4	64764.5	3838.32
-44300.5	64764.5	3828.46
-44292.5	64764.5	3817.04
-44286.6	64764.5	3804.4
-44283	64764.5	3790.93
-44281.8	64764.5	3777.04
-44283	64764.5	3763.15
-44286.6	64764.5	3749.68
-44292.5	64764.5	3737.04
-44300.5	64764.5	3725.62
-44310.4	64764.5	3715.76
-44321.8	64764.5	3707.76
-44334.4	64764.5	3701.86
-44347.9	64764.5	3698.25
-63881.7	64564.5	5230
-63881.7	64564.5	-50
-57031.7	64564.5	2100
-58531.7	64564.5	2100
-58531.7	64564.5	0
-57031.7	64564.5	0
-50631.7	64564.5	2100
-52131.7	64564.5	2100
-52131.7	64564.5	0
-50631.7	64564.5	0
-56931.7	64564.5	3850
-56631.7	64564.5	3850
-56331.7	64564.5	3850
-56031.7	64564.5	3850
-56031.7	64564.5	4050
-56331.7	64564.5	4050
-56631.7	64564.5	4050
-56931.7	64564.5	4050
-54790	64742.1	1900
-54790	64564.5	1900
-55490	64742.1	1900
-55490	64564.5	1900
-55490	64742.1	100
-55490	64564.5	100
-54790	64742.1	100
-54790	64564.5	100
-49106.7	64564.5	3950
-47756.7	64564.5	3950
-47756.7	64564.5	4550
-49106.7	64564.5	4550
-58231.7	64564.5	4400
-57531.7	64564.5	4400
-57531.7	64564.5	4600
-58231.7	64564.5	4600
-45097.4	64564.5	3722.78
-45089.6	64564.5	3722.1
-45081.8	64564.5	3722.78
-45074.2	64564.5	3724.81
-45067.1	64564.5	3728.13
-45060.7	64564.5	3732.63
-45055.1	64564.5	3738.17
-45050.6	64564.5	3744.6
-45047.3	64564.5	3751.71
-45045.3	64564.5	3759.28
-45044.6	64564.5	3767.1
-45045.3	64564.5	3774.91
-45047.3	64564.5	3782.49
-45050.6	64564.5	3789.6
-45055.1	64564.5	3796.02
-45060.7	64564.5	3801.57
-45067.1	64564.5	3806.07
-45074.2	64564.5	3809.38
-45081.8	64564.5	3811.41
-45089.6	64564.5	3812.1
-45097.4	64564.5	3811.41
-45105	64564.5	3809.38
-45112.1	64564.5	3806.07
-45118.5	64564.5	3801.57
-45124.1	64564.5	3796.02
-45128.6	64564.5	3789.6
-45131.9	64564.5	3782.49
-45133.9	64564.5	3774.91
-45134.6	64564.5	3767.1
-45133.9	64564.5	3759.28
-45131.9	64564.5	3751.71
-45128.6	64564.5	3744.6
-45124.1	64564.5	3738.17
-45118.5	64564.5	3732.63
-45112.1	64564.5	3728.13
-45105	64564.5	3724.81
-43987.9	64564.5	3856.33
-43981.4	64564.5	3855.77
-43974.9	64564.5	3856.33
-43968.6	64564.5	3858.03
-43962.6	64564.5	3860.79
-43957.3	64564.5	3864.54
-43952.7	64564.5	3869.16
-43948.9	64564.5	3874.52
-43946.2	64564.5	3880.44
-43944.5	64564.5	3886.75
-43943.9	64564.5	3893.27
-43944.5	64564.5	3899.78
-43946.2	64564.5	3906.09
-43948.9	64564.5	3912.02
-43952.7	64564.5	3917.37
-43957.3	64564.5	3921.99
-43962.6	64564.5	3925.74
-43968.6	64564.5	3928.5
-43974.9	64564.5	3930.2
-43981.4	64564.5	3930.77
-43987.9	64564.5	3930.2
-43994.2	64564.5	3928.5
-44000.1	64564.5	3925.74
-44005.5	64564.5	3921.99
-44010.1	64564.5	3917.37
-44013.9	64564.5	3912.02
-44016.6	64564.5	3906.09
-44018.3	64564.5	3899.78
-44018.9	64564.5	3893.27
-44018.3	64564.5	3886.75
-44016.6	64564.5	3880.44
-44013.9	64564.5	3874.52
-44010.1	64564.5	3869.16
-44005.5	64564.5	3864.54
-44000.1	64564.5	3860.79
-43994.2	64564.5	3858.03
-43737	64564.5	3816.7
-43723.1	64564.5	3815.48
-43709.2	64564.5	3816.7
-43695.7	64564.5	3820.31
-43683.1	64564.5	3826.2
-43671.7	64564.5	3834.2
-43661.8	64564.5	3844.06
-43653.8	64564.5	3855.48
-43647.9	64564.5	3868.12
-43644.3	64564.5	3881.59
-43643.1	64564.5	3895.48
-43644.3	64564.5	3909.37
-43647.9	64564.5	3922.84
-43653.8	64564.5	3935.48
-43661.8	64564.5	3946.91
-43671.7	64564.5	3956.77
-43683.1	64564.5	3964.76
-43695.7	64564.5	3970.66
-43709.2	64564.5	3974.27
-43723.1	64564.5	3975.48
-43737	64564.5	3974.27
-43750.5	64564.5	3970.66
-43763.1	64564.5	3964.76
-43774.5	64564.5	3956.77
-43784.4	64564.5	3946.91
-43792.4	64564.5	3935.48
-43798.3	64564.5	3922.84
-43801.9	64564.5	3909.37
-43803.1	64564.5	3895.48
-43801.9	64564.5	3881.59
-43798.3	64564.5	3868.12
-43792.4	64564.5	3855.48
-43784.4	64564.5	3844.06
-43774.5	64564.5	3834.2
-43763.1	64564.5	3826.2
-43750.5	64564.5	3820.31
-44745.1	64564.5	3700.16
-44731.2	64564.5	3698.94
-44717.3	64564.5	3700.16
-44703.9	64564.5	3703.77
-44691.2	64564.5	3709.66
-44679.8	64564.5	3717.66
-44670	64564.5	3727.52
-44662	64564.5	3738.94
-44656.1	64564.5	3751.58
-44652.5	64564.5	3765.05
-44651.2	64564.5	3778.94
-44652.5	64564.5	3792.83
-44656.1	64564.5	3806.3
-44662	64564.5	3818.94
-44670	64564.5	3830.36
-44679.8	64564.5	3840.22
-44691.2	64564.5	3848.22
-44703.9	64564.5	3854.12
-44717.3	64564.5	3857.73
-44731.2	64564.5	3858.94
-44745.1	64564.5	3857.73
-44758.6	64564.5	3854.12
-44771.2	64564.5	3848.22
-44782.7	64564.5	3840.22
-44792.5	64564.5	3830.36
-44800.5	64564.5	3818.94
-44806.4	64564.5	3806.3
-44810	64564.5	3792.83
-44811.2	64564.5	3778.94
-44810	64564.5	3765.05
-44806.4	64564.5	3751.58
-44800.5	64564.5	3738.94
-44792.5	64564.5	3727.52
-44782.7	64564.5	3717.66
-44771.2	64564.5	3709.66
-44758.6	64564.5	3703.77
-50303	64564.5	3719.18
-50297.5	64564.5	3718.71
-50292	64564.5	3719.18
-50286.7	64564.5	3720.61
-50281.8	64564.5	3722.93
-50277.3	64564.5	3726.08
-50273.4	64564.5	3729.96
-50270.2	64564.5	3734.46
-50267.9	64564.5	3739.43
-50266.5	64564.5	3744.74
-50266	64564.5	3750.21
-50266.5	64564.5	3755.68
-50267.9	64564.5	3760.98
-50270.2	64564.5	3765.96
-50273.4	64564.5	3770.45
-50277.3	64564.5	3774.34
-50281.8	64564.5	3777.49
-50286.7	64564.5	3779.81
-50292	64564.5	3781.23
-50297.5	64564.5	3781.71
-50303	64564.5	3781.23
-50308.3	64564.5	3779.81
-50313.3	64564.5	3777.49
-50317.8	64564.5	3774.34
-50321.6	64564.5	3770.45
-50324.8	64564.5	3765.96
-50327.1	64564.5	3760.98
-50328.5	64564.5	3755.68
-50329	64564.5	3750.21
-50328.5	64564.5	3744.74
-50327.1	64564.5	3739.43
-50324.8	64564.5	3734.46
-50321.6	64564.5	3729.96
-50317.8	64564.5	3726.08
-50313.3	64564.5	3722.93
-50308.3	64564.5	3720.61
-50162.7	64564.5	3718.98
-50157.2	64564.5	3718.5
-50151.7	64564.5	3718.98
-50146.4	64564.5	3720.4
-50141.4	64564.5	3722.72
-50136.9	64564.5	3725.87
-50133.1	64564.5	3729.75
-50129.9	64564.5	3734.25
-50127.6	64564.5	3739.23
-50126.2	64564.5	3744.53
-50125.7	64564.5	3750
-50126.2	64564.5	3755.47
-50127.6	64564.5	3760.77
-50129.9	64564.5	3765.75
-50133.1	64564.5	3770.25
-50136.9	64564.5	3774.13
-50141.4	64564.5	3777.28
-50146.4	64564.5	3779.6
-50151.7	64564.5	3781.02
-50157.2	64564.5	3781.5
-50162.7	64564.5	3781.02
-50168	64564.5	3779.6
-50172.9	64564.5	3777.28
-50177.4	64564.5	3774.13
-50181.3	64564.5	3770.25
-50184.5	64564.5	3765.75
-50186.8	64564.5	3760.77
-50188.2	64564.5	3755.47
-50188.7	64564.5	3750
-50188.2	64564.5	3744.53
-50186.8	64564.5	3739.23
-50184.5	64564.5	3734.25
-50181.3	64564.5	3729.75
-50177.4	64564.5	3725.87
-50172.9	64564.5	3722.72
-50168	64564.5	3720.4
-50447.9	64564.5	3725.54
-50443.6	64564.5	3725.16
-50439.2	64564.5	3725.54
-50435	64564.5	3726.67
-50431.1	64564.5	3728.51
-50427.5	64564.5	3731.01
-50424.4	64564.5	3734.09
-50421.9	64564.5	3737.66
-50420.1	64564.5	3741.61
-50418.9	64564.5	3745.82
-50418.6	64564.5	3750.16
-50418.9	64564.5	3754.5
-50420.1	64564.5	3758.71
-50421.9	64564.5	3762.66
-50424.4	64564.5	3766.23
-50427.5	64564.5	3769.31
-50431.1	64564.5	3771.81
-50435	64564.5	3773.65
-50439.2	64564.5	3774.78
-50443.6	64564.5	3775.16
-50447.9	64564.5	3774.78
-50452.1	64564.5	3773.65
-50456.1	64564.5	3771.81
-50459.6	64564.5	3769.31
-50462.7	64564.5	3766.23
-50465.2	64564.5	3762.66
-50467.1	64564.5	3758.71
-50468.2	64564.5	3754.5
-50468.6	64564.5	3750.16
-50468.2	64564.5	3745.82
-50467.1	64564.5	3741.61
-50465.2	64564.5	3737.66
-50462.7	64564.5	3734.09
-50459.6	64564.5	3731.01
-50456.1	64564.5	3728.51
-50452.1	64564.5	3726.67
-46707.2	64564.5	3718.98
-46701.7	64564.5	3718.5
-46696.3	64564.5	3718.98
-46691	64564.5	3720.4
-46686	64564.5	3722.72
-46681.5	64564.5	3725.87
-46677.6	64564.5	3729.75
-46674.5	64564.5	3734.25
-46672.1	64564.5	3739.23
-46670.7	64564.5	3744.53
-46670.2	64564.5	3750
-46670.7	64564.5	3755.47
-46672.1	64564.5	3760.77
-46674.5	64564.5	3765.75
-46677.6	64564.5	3770.25
-46681.5	64564.5	3774.13
-46686	64564.5	3777.28
-46691	64564.5	3779.6
-46696.3	64564.5	3781.02
-46701.7	64564.5	3781.5
-46707.2	64564.5	3781.02
-46712.5	64564.5	3779.6
-46717.5	64564.5	3777.28
-46722	64564.5	3774.13
-46725.9	64564.5	3770.25
-46729	64564.5	3765.75
-46731.3	64564.5	3760.77
-46732.8	64564.5	3755.47
-46733.2	64564.5	3750
-46732.8	64564.5	3744.53
-46731.3	64564.5	3739.23
-46729	64564.5	3734.25
-46725.9	64564.5	3729.75
-46722	64564.5	3725.87
-46717.5	64564.5	3722.72
-46712.5	64564.5	3720.4
-46524.8	64564.5	3718.98
-46519.3	64564.5	3718.5
-46513.8	64564.5	3718.98
-46508.5	64564.5	3720.4
-46503.6	64564.5	3722.72
-46499.1	64564.5	3725.87
-46495.2	64564.5	3729.75
-46492	64564.5	3734.25
-46489.7	64564.5	3739.22
-46488.3	64564.5	3744.53
-46487.8	64564.5	3750
-46488.3	64564.5	3755.47
-46489.7	64564.5	3760.77
-46492	64564.5	3765.75
-46495.2	64564.5	3770.25
-46499.1	64564.5	3774.13
-46503.6	64564.5	3777.28
-46508.5	64564.5	3779.6
-46513.8	64564.5	3781.02
-46519.3	64564.5	3781.5
-46524.8	64564.5	3781.02
-46530.1	64564.5	3779.6
-46535.1	64564.5	3777.28
-46539.6	64564.5	3774.13
-46543.4	64564.5	3770.25
-46546.6	64564.5	3765.75
-46548.9	64564.5	3760.77
-46550.3	64564.5	3755.47
-46550.8	64564.5	3750
-46550.3	64564.5	3744.53
-46548.9	64564.5	3739.22
-46546.6	64564.5	3734.25
-46543.4	64564.5	3729.75
-46539.6	64564.5	3725.87
-46535.1	64564.5	3722.72
-46530.1	64564.5	3720.4
-46366.1	64564.5	3725.38
-46361.7	64564.5	3725
-46357.4	64564.5	3725.38
-46353.2	64564.5	3726.51
-46349.2	64564.5	3728.35
-46345.7	64564.5	3730.85
-46342.6	64564.5	3733.93
-46340.1	64564.5	3737.5
-46338.2	64564.5	3741.45
-46337.1	64564.5	3745.66
-46336.7	64564.5	3750
-46337.1	64564.5	3754.34
-46338.2	64564.5	3758.55
-46340.1	64564.5	3762.5
-46342.6	64564.5	3766.07
-46345.7	64564.5	3769.16
-46349.2	64564.5	3771.65
-46353.2	64564.5	3773.5
-46357.4	64564.5	3774.62
-46361.7	64564.5	3775
-46366.1	64564.5	3774.62
-46370.3	64564.5	3773.5
-46374.2	64564.5	3771.65
-46377.8	64564.5	3769.16
-46380.9	64564.5	3766.07
-46383.4	64564.5	3762.5
-46385.2	64564.5	3758.55
-46386.4	64564.5	3754.34
-46386.7	64564.5	3750
-46386.4	64564.5	3745.66
-46385.2	64564.5	3741.45
-46383.4	64564.5	3737.5
-46380.9	64564.5	3733.93
-46377.8	64564.5	3730.85
-46374.2	64564.5	3728.35
-46370.3	64564.5	3726.51
-43407	64564.5	3816.93
-43393.1	64564.5	3815.71
-43379.2	64564.5	3816.93
-43365.7	64564.5	3820.53
-43353.1	64564.5	3826.43
-43341.7	64564.5	3834.43
-43331.8	64564.5	3844.29
-43323.8	64564.5	3855.71
-43317.9	64564.5	3868.35
-43314.3	64564.5	3881.82
-43313.1	64564.5	3895.71
-43314.3	64564.5	3909.6
-43317.9	64564.5	3923.07
-43323.8	64564.5	3935.71
-43331.8	64564.5	3947.13
-43341.7	64564.5	3956.99
-43353.1	64564.5	3964.99
-43365.7	64564.5	3970.89
-43379.2	64564.5	3974.49
-43393.1	64564.5	3975.71
-43407	64564.5	3974.49
-43420.4	64564.5	3970.89
-43433.1	64564.5	3964.99
-43444.5	64564.5	3956.99
-43454.4	64564.5	3947.13
-43462.4	64564.5	3935.71
-43468.3	64564.5	3923.07
-43471.9	64564.5	3909.6
-43473.1	64564.5	3895.71
-43471.9	64564.5	3881.82
-43468.3	64564.5	3868.35
-43462.4	64564.5	3855.71
-43454.4	64564.5	3844.29
-43444.5	64564.5	3834.43
-43433.1	64564.5	3826.43
-43420.4	64564.5	3820.53
-44375.7	64564.5	3698.25
-44361.8	64564.5	3697.04
-44347.9	64564.5	3698.25
-44334.4	64564.5	3701.86
-44321.8	64564.5	3707.76
-44310.4	64564.5	3715.76
-44300.5	64564.5	3725.62
-44292.5	64564.5	3737.04
-44286.6	64564.5	3749.68
-44283	64564.5	3763.15
-44281.8	64564.5	3777.04
-44283	64564.5	3790.93
-44286.6	64564.5	3804.4
-44292.5	64564.5	3817.04
-44300.5	64564.5	3828.46
-44310.4	64564.5	3838.32
-44321.8	64564.5	3846.32
-44334.4	64564.5	3852.21
-44347.9	64564.5	3855.82
-44361.8	64564.5	3857.04
-44375.7	64564.5	3855.82
-44389.1	64564.5	3852.21
-44401.8	64564.5	3846.32
-44413.2	64564.5	3838.32
-44423.1	64564.5	3828.46
-44431.1	64564.5	3817.04
-44437	64564.5	3804.4
-44440.6	64564.5	3790.93
-44441.8	64564.5	3777.04
-44440.6	64564.5	3763.15
-44437	64564.5	3749.68
-44431.1	64564.5	3737.04
-44423.1	64564.5	3725.62
-44413.2	64564.5	3715.76
-44401.8	64564.5	3707.76
-44389.1	64564.5	3701.86

#	Triangle	285
0	2	1	3	2	0	472	16	479	15	16	472	482	485	484	483	485	482	465	9	6	466	9	465	469	13	10	470	13	469	488	24	491	23	24	488	492	28	495	27	28	492
4	9	5	9	3	5	9	8	3	8	13	3	13	12	3	12	2	3	4	6	9	7	13	8	7	10	13	11	426	12	426	461	12	461	460	12	460	102	12	102	390	12	390	425	12	425	424	12	424	2	12	4	7	6	4	10	7	4	11	10	4	15	11	15	247	11	247	246	11	246	175	11	175	174	11	174	210	11	210	318	11	318	138	11	138	426	11	138	427	426	138	428	427	318	139	138	173	428	138	318	140	139	172	428	173	172	429	428	459	102	460	318	141	140	171	429	172	171	430	429	458	102	459	318	142	141	170	430	171	170	431	430	457	102	458	318	30	142	30	143	142	169	431	170	210	282	318	282	319	318	353	30	318	174	211	210	245	282	210	245	283	282	317	319	282	209	211	174	317	320	319	352	30	353	209	212	211	244	283	245	244	284	283	316	320	317	246	176	175	208	212	209	316	321	320	351	30	352	208	213	212	243	284	244	243	285	284	315	321	316	246	177	176	207	213	208	351	31	30	65	143	30	315	322	321	350	354	351	354	31	351	207	214	213	242	285	243	242	286	285	314	322	315	354	32	31	64	143	65	246	178	177	206	214	207	354	33	32	63	143	64	350	355	354	389	33	354	281	178	246	350	356	355	388	33	389	15	248	247	280	178	281	169	432	431	456	102	457	314	323	322	349	356	350	206	215	214	241	286	242	241	287	286	313	323	314	280	179	178	205	215	206	349	357	356	387	33	388	15	249	248	279	179	280	63	144	143	168	432	169	387	34	33	62	144	63	349	358	357	386	34	387	15	250	249	278	179	279	313	324	323	348	358	349	205	216	215	240	287	241	240	288	287	312	324	313	278	180	179	204	216	205	348	359	358	385	34	386	15	251	250	277	180	278	385	35	34	61	144	62	348	360	359	384	35	385	15	252	251	276	180	277	312	325	324	347	360	348	204	217	216	239	288	240	239	289	288	311	325	312	276	181	180	203	217	204	168	433	432	455	102	456	347	361	360	383	35	384	15	253	252	275	181	276	383	36	35	60	144	61	60	145	144	167	433	168	311	326	325	346	361	347	203	218	217	238	289	239	238	290	289	310	326	311	275	182	181	202	218	203	346	362	361	382	36	383	15	254	253	274	182	275	310	327	326	345	362	346	202	219	218	237	290	238	237	291	290	309	327	310	382	37	36	59	145	60	274	183	182	201	219	202	345	363	362	381	37	382	15	255	254	273	183	274	167	434	433	454	102	455	309	328	327	344	363	345	201	220	219	236	291	237	236	292	291	308	328	309	344	364	363	380	37	381	15	256	255	272	183	273	272	184	183	200	220	201	59	146	145	166	434	167	380	38	37	58	146	59	344	365	364	379	38	380	15	257	256	271	184	272	308	329	328	343	365	344	200	221	220	235	292	236	235	293	292	307	329	308	271	185	184	199	221	200	343	366	365	378	38	379	15	258	257	270	185	271	378	39	38	57	146	58	307	330	329	342	366	343	199	222	221	234	293	235	234	294	293	306	330	307	270	186	185	198	222	199	342	367	366	377	39	378	15	259	258	269	186	270	166	435	434	453	102	454	57	147	146	165	435	166	306	331	330	341	367	342	198	223	222	233	294	234	233	295	294	305	331	306	269	187	186	197	223	198	341	368	367	376	39	377	15	260	259	268	187	269	376	40	39	56	147	57	341	369	368	375	40	376	15	261	260	267	187	268	305	332	331	340	369	341	197	224	223	232	295	233	232	296	295	304	332	305	267	188	187	196	224	197	340	370	369	374	40	375	15	262	261	266	188	267	340	371	370	373	40	374	15	263	262	265	188	266	304	333	332	339	371	340	196	225	224	231	296	232	231	297	296	303	333	304	265	189	188	195	225	196	339	372	371	372	40	373	15	264	263	264	189	265	372	41	40	55	147	56	339	41	372	15	189	264	165	436	435	452	102	453	303	334	333	338	41	339	195	226	225	230	297	231	230	298	297	302	334	303	15	190	189	194	226	195	55	148	147	164	436	165	302	335	334	337	41	338	194	227	226	229	298	230	229	299	298	301	335	302	15	191	190	193	227	194	301	336	335	336	41	337	193	228	227	228	299	229	228	300	299	300	336	301	15	192	191	192	228	193	300	41	336	192	300	228	192	41	300	15	41	192	15	42	41	54	148	55	15	43	42	53	148	54	164	437	436	451	102	452	53	149	148	163	437	164	15	44	43	52	149	53	15	45	44	51	149	52	163	438	437	450	102	451	15	46	45	50	149	51	50	150	149	162	438	163	15	47	46	49	150	50	15	48	47	48	150	49	15	150	48	450	103	102	137	390	102	137	391	390	450	104	103	136	391	137	136	392	391	162	439	438	449	104	450	15	151	150	161	439	162	449	105	104	135	392	136	135	393	392	423	2	424	449	106	105	134	393	135	134	394	393	422	2	423	161	440	439	448	106	449	15	152	151	160	440	161	448	107	106	133	394	134	133	395	394	421	2	422	160	441	440	447	107	448	15	153	152	159	441	160	447	108	107	132	395	133	132	396	395	420	2	421	159	442	441	446	108	447	15	14	153	14	21	153	21	20	153	20	154	153	158	442	159	4	16	15	19	154	20	158	443	442	445	108	446	19	155	154	157	443	158	445	66	108	66	109	108	131	396	132	131	397	396	419	2	420	445	67	66	101	109	66	157	444	443	444	67	445	444	68	67	100	109	101	157	68	444	19	156	155	156	68	157	156	69	68	99	109	100	19	69	156	19	70	69	98	109	99	19	71	70	97	109	98	97	110	109	130	397	131	130	398	397	418	2	419	19	72	71	96	110	97	19	23	72	23	73	72	95	110	96	23	74	73	94	110	95	94	111	110	129	398	130	129	399	398	417	2	418	23	75	74	93	111	94	23	76	75	92	111	93	92	112	111	128	399	129	128	400	399	416	2	417	23	77	76	91	112	92	23	78	77	90	112	91	90	113	112	127	400	128	127	401	400	415	2	416	23	79	78	89	113	90	23	80	79	88	113	89	23	81	80	87	113	88	87	114	113	126	401	127	126	402	401	414	2	415	23	82	81	86	114	87	23	83	82	85	114	86	23	84	83	84	114	85	23	114	84	23	115	114	125	402	126	125	403	402	413	2	414	23	22	115	22	116	115	124	403	125	124	404	403	412	2	413	19	24	23	25	116	22	25	117	116	123	404	124	123	405	404	411	2	412	25	118	117	122	405	123	122	406	405	410	2	411	25	119	118	121	406	122	121	407	406	409	2	410	25	120	119	120	407	121	120	408	407	408	2	409	25	408	120	25	2	408	4	17	16	4	18	17	4	19	18	4	27	19	27	26	19	26	24	19	4	28	27	29	24	26	29	25	24	29	2	25	4	29	28	4	2	29
5	462	4	463	462	5	476	20	475	19	20	476	486	481	480	487	481	486	467	7	8	464	7	467	471	11	12	468	11	471	490	22	489	25	22	490	494	26	493	29	26	494
1	471	0	471	463	0	471	470	463	470	467	463	467	466	463	466	462	463	1	859	471	859	858	471	858	857	471	857	569	471	569	895	471	895	894	471	894	893	471	893	468	471	469	487	470	487	467	470	487	485	467	485	464	467	465	462	466	469	481	487	483	464	485	469	483	481	469	464	483	893	469	468	893	464	469	893	465	464	893	605	465	605	785	465	785	749	465	749	677	465	677	641	465	641	640	465	640	713	465	713	712	465	712	475	465	475	474	465	474	473	465	473	472	465	472	462	465	892	605	893	927	605	892	927	606	605	604	785	605	927	607	606	639	785	604	569	896	895	926	607	927	926	608	607	638	785	639	569	897	896	925	608	926	925	609	608	637	785	638	569	898	897	924	609	925	924	610	609	636	497	637	497	785	637	497	786	785	784	749	785	784	750	749	748	677	749	748	678	677	676	641	677	676	642	641	497	787	786	819	750	784	819	751	750	783	678	748	783	679	678	711	642	676	711	643	642	675	713	640	497	788	787	818	751	819	818	752	751	782	679	783	782	680	679	710	643	711	710	644	643	674	713	675	636	498	497	496	788	497	496	821	788	821	789	788	817	752	818	817	753	752	781	680	782	781	681	680	709	644	710	636	499	498	531	821	496	709	645	644	673	713	674	636	500	499	530	821	531	530	822	821	820	789	821	673	714	713	530	823	822	855	789	820	673	715	714	747	475	712	569	899	898	923	610	924	855	790	789	816	753	817	816	754	753	780	681	781	780	682	681	708	645	709	708	646	645	672	715	673	530	824	823	854	790	855	672	716	715	746	475	747	923	611	610	635	500	636	635	501	500	529	824	530	529	825	824	853	790	854	672	717	716	745	475	746	853	791	790	815	754	816	815	755	754	779	682	780	779	683	682	707	646	708	707	647	646	671	717	672	529	826	825	852	791	853	671	718	717	744	475	745	635	502	501	528	826	529	528	827	826	851	791	852	671	719	718	743	475	744	851	792	791	814	755	815	814	756	755	778	683	779	778	684	683	706	647	707	706	648	647	670	719	671	569	900	899	922	611	923	528	828	827	850	792	851	670	720	719	742	475	743	635	503	502	527	828	528	922	612	611	634	503	635	850	793	792	813	756	814	813	757	756	777	684	778	777	685	684	705	648	706	705	649	648	669	720	670	527	829	828	849	793	850	669	721	720	741	475	742	849	794	793	812	757	813	812	758	757	776	685	777	776	686	685	704	649	705	634	504	503	526	829	527	704	650	649	668	721	669	526	830	829	848	794	849	668	722	721	740	475	741	569	901	900	921	612	922	848	795	794	811	758	812	811	759	758	775	686	776	775	687	686	703	650	704	526	831	830	847	795	848	668	723	722	739	475	740	703	651	650	667	723	668	921	613	612	633	504	634	633	505	504	525	831	526	525	832	831	846	795	847	667	724	723	738	475	739	846	796	795	810	759	811	810	760	759	774	687	775	774	688	687	702	651	703	702	652	651	666	724	667	525	833	832	845	796	846	666	725	724	737	475	738	633	506	505	524	833	525	845	797	796	809	760	810	809	761	760	773	688	774	773	689	688	701	652	702	701	653	652	665	725	666	524	834	833	844	797	845	665	726	725	736	475	737	569	902	901	920	613	921	920	614	613	632	506	633	844	798	797	808	761	809	808	762	761	772	689	773	772	690	689	700	653	701	700	654	653	664	726	665	524	835	834	843	798	844	664	727	726	735	475	736	632	507	506	523	835	524	523	836	835	842	798	843	664	728	727	734	475	735	842	799	798	807	762	808	807	763	762	771	690	772	771	691	690	699	654	700	699	655	654	663	728	664	523	837	836	841	799	842	663	729	728	733	475	734	523	838	837	840	799	841	663	730	729	732	475	733	840	800	799	806	763	807	806	764	763	770	691	771	770	692	691	698	655	699	698	656	655	662	730	663	523	839	838	839	800	840	662	731	730	731	475	732	632	508	507	522	839	523	522	800	839	662	475	731	569	903	902	919	614	920	522	801	800	805	764	806	805	765	764	769	692	770	769	693	692	697	656	698	697	657	656	661	475	662	919	615	614	631	508	632	522	802	801	804	765	805	804	766	765	768	693	769	768	694	693	696	657	697	696	658	657	660	475	661	522	803	802	803	766	804	803	767	766	767	694	768	767	695	694	695	658	696	695	659	658	659	475	660	522	767	803	522	695	767	522	659	695	522	475	659	631	509	508	521	475	522	631	510	509	520	475	521	569	904	903	918	615	919	918	616	615	630	510	631	630	511	510	519	475	520	630	512	511	518	475	519	569	905	904	917	616	918	630	513	512	517	475	518	917	617	616	629	513	630	629	514	513	516	475	517	629	515	514	515	475	516	629	475	515	857	570	569	568	905	569	856	570	857	856	571	570	603	905	568	891	571	856	603	906	905	916	617	917	916	618	617	628	475	629	891	572	571	602	906	603	1	860	859	890	572	891	890	573	572	601	906	602	1	861	860	889	573	890	601	907	906	915	618	916	915	619	618	627	475	628	889	574	573	600	907	601	1	862	861	888	574	889	600	908	907	914	619	915	914	620	619	626	475	627	888	575	574	599	908	600	1	863	862	887	575	888	599	909	908	913	620	914	913	621	620	625	475	626	625	476	475	479	462	472	599	910	909	912	621	913	912	622	621	624	476	625	887	576	575	598	533	599	533	910	599	1	864	863	886	576	887	598	534	533	532	910	533	532	911	910	911	622	912	598	535	534	567	911	532	567	622	911	567	623	622	623	476	624	598	536	535	566	623	567	566	476	623	598	537	536	565	476	566	598	538	537	564	476	565	886	577	576	597	538	598	1	865	864	885	577	886	597	539	538	563	476	564	597	540	539	562	488	563	488	476	563	597	541	540	561	488	562	885	578	577	596	541	597	1	866	865	884	578	885	596	542	541	560	488	561	596	543	542	559	488	560	884	579	578	595	543	596	1	867	866	883	579	884	595	544	543	558	488	559	595	545	544	557	488	558	883	580	579	594	545	595	1	868	867	882	580	883	594	546	545	556	488	557	594	547	546	555	488	556	594	548	547	554	488	555	882	581	580	593	548	594	1	869	868	881	581	882	593	549	548	553	488	554	593	550	549	552	488	553	593	551	550	551	488	552	593	488	551	881	582	581	592	488	593	1	870	869	880	582	881	880	583	582	591	489	592	489	488	592	1	871	870	879	583	880	591	490	489	491	476	488	879	584	583	590	490	591	1	872	871	878	584	879	878	585	584	589	490	590	1	873	872	877	585	878	877	586	585	588	490	589	1	874	873	876	586	877	876	587	586	587	490	588	1	875	874	875	587	876	875	490	587	1	490	875	491	477	476	491	478	477	491	479	478	491	493	479	493	492	479	492	462	479	491	494	493	495	462	492	1	491	490	1	494	491	1	495	494	1	462	495	486	482	484	480	482	486
0	5	3	463	5	0	479	17	478	16	17	479	477	19	476	18	19	477	478	18	477	17	18	478	480	483	482	481	483	480	464	6	7	465	6	464	468	10	11	469	10	468	491	25	490	24	25	491	495	29	494	28	29	495
2	462	1	4	462	2	473	15	472	14	15	473	475	21	474	20	21	475	474	14	473	21	14	474	484	487	486	485	487	484	466	8	9	467	8	466	470	12	13	471	12	470	489	23	488	22	23	489	493	27	492	26	27	493
497	31	496	30	31	497
496	32	531	31	32	496
531	33	530	32	33	531
530	34	529	33	34	530
529	35	528	34	35	529
528	36	527	35	36	528
527	37	526	36	37	527
526	38	525	37	38	526
525	39	524	38	39	525
524	40	523	39	40	524
523	41	522	40	41	523
522	42	521	41	42	522
521	43	520	42	43	521
520	44	519	43	44	520
519	45	518	44	45	519
518	46	517	45	46	518
517	47	516	46	47	517
516	48	515	47	48	516
515	49	514	48	49	515	659	193	658	192	193	659	695	229	694	228	229	695	803	337	802	336	337	803
514	50	513	49	50	514
513	51	512	50	51	513
512	52	511	51	52	512
511	53	510	52	53	511
510	54	509	53	54	510
509	55	508	54	55	509
508	56	507	55	56	508
507	57	506	56	57	507
506	58	505	57	58	506
505	59	504	58	59	505
504	60	503	59	60	504
503	61	502	60	61	503
502	62	501	61	62	502
501	63	500	62	63	501
500	64	499	63	64	500
499	65	498	64	65	499
498	30	497	65	30	498	642	174	641	209	174	642	678	210	677	245	210	678	786	318	785	353	318	786
533	67	532	66	67	533
532	68	567	67	68	532
567	69	566	68	69	567
566	70	565	69	70	566	854	358	853	357	358	854
565	71	564	70	71	565
564	72	563	71	72	564
563	73	562	72	73	563
562	74	561	73	74	562
561	75	560	74	75	561
560	76	559	75	76	560
559	77	558	76	77	559
558	78	557	77	78	558
557	79	556	78	79	557
556	80	555	79	80	556
555	81	554	80	81	555
554	82	553	81	82	554
553	83	552	82	83	553
552	84	551	83	84	552
551	85	550	84	85	551
550	86	549	85	86	550
549	87	548	86	87	549
548	88	547	87	88	548
547	89	546	88	89	547
546	90	545	89	90	546
545	91	544	90	91	545
544	92	543	91	92	544
543	93	542	92	93	543
542	94	541	93	94	542
541	95	540	94	95	541
540	96	539	95	96	540
539	97	538	96	97	539
538	98	537	97	98	538
537	99	536	98	99	537	717	279	716	278	279	717	825	387	824	386	387	825
536	100	535	99	100	536
535	101	534	100	101	535
534	66	533	101	66	534
569	103	568	102	103	569	857	391	856	390	391	857
568	104	603	103	104	568	856	392	891	391	392	856	892	428	927	427	428	892
603	105	602	104	105	603	639	141	638	140	141	639	891	393	890	392	393	891
602	106	601	105	106	602	638	142	637	141	142	638	890	394	889	393	394	890
601	107	600	106	107	601	889	395	888	394	395	889
600	108	599	107	108	600	888	396	887	395	396	888
599	109	598	108	109	599	635	145	634	144	145	635
598	110	597	109	110	598	886	398	885	397	398	886	922	434	921	433	434	922
597	111	596	110	111	597	921	435	920	434	435	921
596	112	595	111	112	596	920	436	919	435	436	920
595	113	594	112	113	595	883	401	882	400	401	883
594	114	593	113	114	594
593	115	592	114	115	593	629	151	628	150	151	629	881	403	880	402	403	881	917	439	916	438	439	917
592	116	591	115	116	592	628	152	627	151	152	628	880	404	879	403	404	880
591	117	590	116	117	591	879	405	878	404	405	879
590	118	589	117	118	590	878	406	877	405	406	878
589	119	588	118	119	589	625	155	624	154	155	625	877	407	876	406	407	877
588	120	587	119	120	588	624	156	623	155	156	624	876	408	875	407	408	876
587	121	586	120	121	587	911	445	910	444	445	911
586	122	585	121	122	586
585	123	584	122	123	585	873	411	872	410	411	873
584	124	583	123	124	584	908	448	907	447	448	908
583	125	582	124	125	583
582	126	581	125	126	582	654	198	653	197	198	654	762	306	761	305	306	762	798	342	797	341	342	798
581	127	580	126	127	581
580	128	579	127	128	580	868	416	867	415	416	868
579	129	578	128	129	579	615	165	614	164	165	615	867	417	866	416	417	867
578	130	577	129	130	578	614	166	613	165	166	614	866	418	865	417	418	866
577	131	576	130	131	577	613	167	612	166	167	613	865	419	864	418	419	865	901	455	900	454	455	901
576	132	575	131	132	576
575	133	574	132	133	575
574	134	573	133	134	574
573	135	572	134	135	573	897	459	896	458	459	897
572	136	571	135	136	572	608	172	607	171	172	608	860	424	859	423	424	860
571	137	570	136	137	571
570	102	569	137	102	570
605	139	604	138	139	605
604	140	639	139	140	604
637	143	636	142	143	637	925	431	924	430	431	925
636	144	635	143	144	636	924	432	923	431	432	924
634	146	633	145	146	634
633	147	632	146	147	633	885	399	884	398	399	885
632	148	631	147	148	632	884	400	883	399	400	884
631	149	630	148	149	631
630	150	629	149	150	630
627	153	626	152	153	627
626	154	625	153	154	626
623	157	622	156	157	623	875	409	874	408	409	875
622	158	621	157	158	622	874	410	873	409	410	874
621	159	620	158	159	621
620	160	619	159	160	620
619	161	618	160	161	619	871	413	870	412	413	871
618	162	617	161	162	618	870	414	869	413	414	870	906	450	905	449	450	906
617	163	616	162	163	617	905	451	904	450	451	905
616	164	615	163	164	616	904	452	903	451	452	904
612	168	611	167	168	612	864	420	863	419	420	864	900	456	899	455	456	900
611	169	610	168	169	611	899	457	898	456	457	899
610	170	609	169	170	610	898	458	897	457	458	898
609	171	608	170	171	609	861	423	860	422	423	861
607	173	606	172	173	607
606	138	605	173	138	606
641	175	640	174	175	641	785	319	784	318	319	785
640	176	675	175	176	640
675	177	674	176	177	675	711	213	710	212	213	711	783	285	782	284	285	783
674	178	673	177	178	674	818	322	817	321	322	818
673	179	672	178	179	673	709	215	708	214	215	709	781	287	780	286	287	781	817	323	816	322	323	817
672	180	671	179	180	672	780	288	779	287	288	780	816	324	815	323	324	816
671	181	670	180	181	671	707	217	706	216	217	707	779	289	778	288	289	779	815	325	814	324	325	815
670	182	669	181	182	670	778	290	777	289	290	778	814	326	813	325	326	814
669	183	668	182	183	669	813	327	812	326	327	813
668	184	667	183	184	668	812	328	811	327	328	812
667	185	666	184	185	667	775	293	774	292	293	775	811	329	810	328	329	811
666	186	665	185	186	666	702	222	701	221	222	702	774	294	773	293	294	774	810	330	809	329	330	810
665	187	664	186	187	665	773	295	772	294	295	773	809	331	808	330	331	809
664	188	663	187	188	664	700	224	699	223	224	700	772	296	771	295	296	772	808	332	807	331	332	808
663	189	662	188	189	663	807	333	806	332	333	807
662	190	661	189	190	662	698	226	697	225	226	698	770	298	769	297	298	770
661	191	660	190	191	661
660	192	659	191	192	660	804	336	803	335	336	804
658	194	657	193	194	658	694	230	693	229	230	694	802	338	801	337	338	802
657	195	656	194	195	657	693	231	692	230	231	693	765	303	764	302	303	765	801	339	800	338	339	801
656	196	655	195	196	656	800	340	799	339	340	800
655	197	654	196	197	655	763	305	762	304	305	763	799	341	798	340	341	799
653	199	652	198	199	653	689	235	688	234	235	689	761	307	760	306	307	761	797	343	796	342	343	797
652	200	651	199	200	652	688	236	687	235	236	688	760	308	759	307	308	760	796	344	795	343	344	796
651	201	650	200	201	651	795	345	794	344	345	795
650	202	649	201	202	650	794	346	793	345	346	794
649	203	648	202	203	649	685	239	684	238	239	685	757	311	756	310	311	757	793	347	792	346	347	793
648	204	647	203	204	648	684	240	683	239	240	684	756	312	755	311	312	756	792	348	791	347	348	792
647	205	646	204	205	647	755	313	754	312	313	755	791	349	790	348	349	791
646	206	645	205	206	646	754	314	753	313	314	754	790	350	789	349	350	790
645	207	644	206	207	645	789	351	788	350	351	789
644	208	643	207	208	644	680	244	679	243	244	680	752	316	751	315	316	752	788	352	787	351	352	788
643	209	642	208	209	643	679	245	678	244	245	679	787	353	786	352	353	787
677	211	676	210	211	677	749	283	748	282	283	749
676	212	711	211	212	676	748	284	783	283	284	748	784	320	819	319	320	784
710	214	709	213	214	710	782	286	781	285	286	782
708	216	707	215	216	708
706	218	705	217	218	706
705	219	704	218	219	705	777	291	776	290	291	777
704	220	703	219	220	704	776	292	775	291	292	776
703	221	702	220	221	703
701	223	700	222	223	701
699	225	698	224	225	699	771	297	770	296	297	771
697	227	696	226	227	697	769	299	768	298	299	769	805	335	804	334	335	805
696	228	695	227	228	696	768	300	767	299	300	768
692	232	691	231	232	692	764	304	763	303	304	764
691	233	690	232	233	691
690	234	689	233	234	690
687	237	686	236	237	687	759	309	758	308	309	759
686	238	685	237	238	686	758	310	757	309	310	758
683	241	682	240	241	683
682	242	681	241	242	682
681	243	680	242	243	681	753	315	752	314	315	753
713	247	712	246	247	713
712	248	747	247	248	712
747	249	746	248	249	747
746	250	745	249	250	746
745	251	744	250	251	745
744	252	743	251	252	744
743	253	742	252	253	743	851	361	850	360	361	851
742	254	741	253	254	742
741	255	740	254	255	741
740	256	739	255	256	740
739	257	738	256	257	739	847	365	846	364	365	847
738	258	737	257	258	738
737	259	736	258	259	737
736	260	735	259	260	736
735	261	734	260	261	735
734	262	733	261	262	734
733	263	732	262	263	733
732	264	731	263	264	732
731	265	730	264	265	731
730	266	729	265	266	730	838	374	837	373	374	838
729	267	728	266	267	729
728	268	727	267	268	728	836	376	835	375	376	836
727	269	726	268	269	727
726	270	725	269	270	726
725	271	724	270	271	725
724	272	723	271	272	724	832	380	831	379	380	832
723	273	722	272	273	723
722	274	721	273	274	722
721	275	720	274	275	721
720	276	719	275	276	720	828	384	827	383	384	828
719	277	718	276	277	719
718	278	717	277	278	718
716	280	715	279	280	716
715	281	714	280	281	715	823	389	822	388	389	823
714	246	713	281	246	714
767	301	766	300	301	767
766	302	765	301	302	766
751	317	750	316	317	751
750	282	749	317	282	750
819	321	818	320	321	819
806	334	805	333	334	806
821	355	820	354	355	821
820	356	855	355	356	820
855	357	854	356	357	855
853	359	852	358	359	853
852	360	851	359	360	852
850	362	849	361	362	850
849	363	848	362	363	849
848	364	847	363	364	848
846	366	845	365	366	846
845	367	844	366	367	845
844	368	843	367	368	844
843	369	842	368	369	843
842	370	841	369	370	842
841	371	840	370	371	841
840	372	839	371	372	840
839	373	838	372	373	839
837	375	836	374	375	837
835	377	834	376	377	835
834	378	833	377	378	834
833	379	832	378	379	833
831	381	830	380	381	831
830	382	829	381	382	830
829	383	828	382	383	829
827	385	826	384	385	827
826	386	825	385	386	826
824	388	823	387	388	824
822	354	821	389	354	822
887	397	886	396	397	887	923	433	922	432	433	923
882	402	881	401	402	882
872	412	871	411	412	872
869	415	868	414	415	869
863	421	862	420	421	863
862	422	861	421	422	862
859	425	858	424	425	859	895	461	894	460	461	895
858	390	857	425	390	858
893	427	892	426	427	893
927	429	926	428	429	927
926	430	925	429	430	926
919	437	918	436	437	919
918	438	917	437	438	918
916	440	915	439	440	916
915	441	914	440	441	915
914	442	913	441	442	914
913	443	912	442	443	913
912	444	911	443	444	912
910	446	909	445	446	910
909	447	908	446	447	909
907	449	906	448	449	907
903	453	902	452	453	903
902	454	901	453	454	902
896	460	895	459	460	896
894	426	893	461	426	894

#	Normal	285
-1	0	0
0	-1	0
1	0	0
0	1	-0
0	0	1
0	0	-1
-0.0871237	0	-0.996197
-0.25891	0	-0.965901
-0.422596	0	-0.906318
-0.573546	0	-0.819173
-0.707091	0	-0.707122
-0.819105	0	-0.573644
-0.906432	0	-0.422352
-0.965891	0	-0.258949
-0.996195	0	-0.087148
-0.996195	0	0.087148
-0.965891	0	0.258949
-0.906432	0	0.422352
-0.819094	0	0.573659
-0.707091	0	0.707122
-0.573567	0	0.819159
-0.422596	0	0.906318
-0.25891	0	0.965901
-0.0871237	0	0.996197
0.087167	-0	0.996194
0.258786	-0	0.965935
0.422596	-0	0.906318
0.573567	-0	0.819159
0.707091	-0	0.707122
0.819328	-0	0.573324
0.906241	-0	0.422761
0.965891	-0	0.258949
0.996195	-0	0.087148
0.996195	0	-0.087148
0.965891	0	-0.258949
0.906241	0	-0.422761
0.819339	0	-0.57331
0.707091	0	-0.707122
0.573546	0	-0.819173
0.422596	0	-0.906318
0.258786	0	-0.965935
0.087167	0	-0.996194
-0.0871744	0	-0.996193
-0.258851	0	-0.965917
-0.42255	0	-0.90634
-0.573507	0	-0.8192
-0.707181	0	-0.707032
-0.819099	0	-0.573653
-0.906357	0	-0.422513
-0.965942	0	-0.25876
-0.996187	0	-0.0872485
-0.996187	0	0.0872485
-0.965942	0	0.25876
-0.906357	0	0.422513
-0.819099	0	0.573653
-0.707181	0	0.707032
-0.573533	0	0.819183
-0.42252	0	0.906354
-0.258851	0	0.965917
-0.0871744	0	0.996193
0.0871744	-0	0.996193
0.258851	-0	0.965917
0.42252	-0	0.906354
0.573533	-0	0.819183
0.707181	-0	0.707032
0.819099	-0	0.573653
0.906357	-0	0.422513
0.965942	-0	0.25876
0.996187	-0	0.0872485
0.996187	0	-0.0872485
0.965942	0	-0.25876
0.906357	0	-0.422513
0.819099	0	-0.573653
0.707181	0	-0.707032
0.573507	0	-0.8192
0.42255	0	-0.90634
0.258851	0	-0.965917
0.0871744	0	-0.996193
-0.0871774	0	-0.996193
-0.258832	0	-0.965922
-0.422553	0	-0.906338
-0.573617	0	-0.819123
-0.707151	0	-0.707063
-0.819097	0	-0.573655
-0.906277	0	-0.422685
-0.965923	0	-0.258831
-0.996198	0	-0.0871176
-0.996198	0	0.0871176
-0.965924	0	0.258826
-0.906273	0	0.422692
-0.819103	0	0.573647
-0.707151	0	0.707063
-0.573617	0	0.819123
-0.422553	0	0.906338
-0.258832	0	0.965922
-0.08716	0	0.996194
0.08716	-0	0.996194
0.258762	-0	0.965941
0.42266	-0	0.906288
0.573617	-0	0.819123
0.70701	-0	0.707203
0.819234	-0	0.573459
0.906273	-0	0.422692
0.965924	-0	0.258826
0.996198	-0	0.0871176
0.996198	0	-0.0871176
0.965923	0	-0.258831
0.906277	0	-0.422685
0.819229	0	-0.573467
0.70701	0	-0.707203
0.573617	0	-0.819123
0.42266	0	-0.906288
0.258762	0	-0.965941
0.0871774	0	-0.996193
-0.08716	0	-0.996194
-0.258848	0	-0.965918
-0.707142	0	-0.707072
-0.819103	0	-0.573647
-0.965993	0	-0.258569
-0.996174	0	-0.0873956
-0.996174	0	0.0873956
-0.965993	0	0.258569
-0.906277	0	0.422685
-0.573606	0	0.819132
-0.422567	0	0.906332
0.0871357	-0	0.996196
0.258832	-0	0.965922
0.422675	-0	0.906282
0.573474	-0	0.819224
0.707151	-0	0.707063
0.819103	-0	0.573647
0.906384	-0	0.422455
0.965923	-0	0.258831
0.906384	0	-0.422455
0.819103	0	-0.573647
0.707142	0	-0.707072
0.573486	0	-0.819215
0.258848	0	-0.965918
0.0871357	0	-0.996196
-0.0871052	0	-0.996199
-0.258955	0	-0.965889
-0.42261	0	-0.906311
-0.573391	0	-0.819282
-0.707085	0	-0.707129
-0.819234	0	-0.573459
-0.906321	0	-0.422591
-0.965892	0	-0.258946
-0.996226	0	-0.0867946
-0.996226	0	0.0867946
-0.965892	0	0.258946
-0.906321	0	0.422591
-0.819234	0	0.573459
-0.707085	0	0.707129
-0.573391	0	0.819282
-0.42261	0	0.906311
-0.258955	0	0.965889
-0.0871052	0	0.996199
0.258778	-0	0.965937
0.42261	-0	0.906311
0.573725	-0	0.819048
0.707085	-0	0.707129
0.906321	-0	0.422591
0.965892	-0	0.258946
0.996164	-0	0.0875006
0.996164	0	-0.0875006
0.965892	0	-0.258946
0.906321	0	-0.422591
0.819234	0	-0.573459
0.707085	0	-0.707129
0.573725	0	-0.819048
0.42261	0	-0.906311
0.258778	0	-0.965937
-0.087167	0	-0.996194
-0.258778	0	-0.965937
-0.573725	0	-0.819048
-0.8189	0	-0.573937
-0.966069	0	-0.258283
-0.996164	0	-0.0875006
-0.996164	0	0.0875006
-0.966069	0	0.258283
-0.8189	0	0.573937
-0.573725	0	0.819048
-0.258778	0	0.965937
-0.087167	0	0.996194
0.573391	-0	0.819282
0.70744	-0	0.706773
0.8189	-0	0.573937
0.996226	-0	0.0867946
0.996226	0	-0.0867946
0.8189	0	-0.573937
0.70744	0	-0.706773
0.573391	0	-0.819282
-0.0872003	0	-0.996191
-0.25896	0	-0.965888
-0.422275	0	-0.906468
-0.573929	0	-0.818905
-0.707051	0	-0.707163
-0.819092	0	-0.573662
-0.906124	0	-0.423011
-0.966093	0	-0.258193
-0.996134	0	-0.0878431
-0.996135	0	0.0878382
-0.96609	0	0.258207
-0.906124	0	0.423011
-0.819111	0	0.573635
-0.707023	0	0.707191
-0.573929	0	0.818905
-0.422321	0	0.906446
-0.25896	0	0.965888
-0.0871447	0	0.996196
0.0870669	-0	0.996202
0.25896	-0	0.965888
0.422665	-0	0.906286
0.573507	-0	0.8192
0.707023	-0	0.707191
0.819111	-0	0.573635
0.906468	-0	0.422275
0.965866	-0	0.259043
0.996213	-0	0.0869487
0.996212	0	-0.0869536
0.96587	0	-0.259029
0.906468	0	-0.422275
0.819092	0	-0.573662
0.707051	0	-0.707163
0.422619	0	-0.906308
0.25896	0	-0.965888
0.0871225	0	-0.996198
0.0871052	-0	0.996199
0.258955	-0	0.965889
0.258955	0	-0.965889
0.0871052	0	-0.996199
-0.422883	0	-0.906184
-0.422883	0	0.906184
-0.0871447	0	-0.996196
-0.258736	0	-0.965948
-0.422665	0	-0.906286
-0.707471	0	-0.706742
-0.819111	0	-0.573635
-0.96609	0	-0.258207
-0.996135	0	-0.0878382
-0.996134	0	0.0878431
-0.906134	0	0.42299
-0.819092	0	0.573662
-0.707499	0	0.706714
-0.573507	0	0.8192
-0.422619	0	0.906308
-0.258736	0	0.965948
-0.0872003	0	0.996191
0.0871225	-0	0.996198
0.422619	-0	0.906308
0.707051	-0	0.707163
0.819092	-0	0.573662
0.906478	-0	0.422253
0.996212	-0	0.0869536
0.996213	0	-0.0869487
0.965866	0	-0.259043
0.819111	0	-0.573635
0.707023	0	-0.707191
0.422665	0	-0.906286
0.0870669	0	-0.996202
-0.906384	0	-0.422455
-0.906381	0	0.422462
0.573486	-0	0.819215
0.906381	-0	0.422462
0.819097	0	-0.573655
0.707151	0	-0.707063
0.258832	0	-0.965922
0.0871531	0	-0.996195
-0.0871357	0	-0.996196
-0.422675	0	-0.906282
-0.573486	0	-0.819215
-0.965923	0	0.258831
-0.906384	0	0.422455
-0.707142	0	0.707072
-0.573486	0	0.819215
-0.42266	0	0.906288
-0.258848	0	0.965918
-0.0871357	0	0.996196
0.258848	-0	0.965918
0.422553	-0	0.906338
0.707142	-0	0.707072
0.996174	-0	0.0873956
0.996174	0	-0.0873956
0.422567	0	-0.906332
0.08716	0	-0.996194

#	Mesh	0	End

