#	Mesh	0	Begin

#	Vertex	224
-47281.7	60264.5	-50
-47281.7	60264.5	4650
-47081.7	60264.5	4650
-47081.7	60264.5	-50
-47081.7	64564.5	4650
-47081.7	64564.5	-50
-47081.7	64102.8	3718.5
-47081.7	64108.2	3718.98
-47081.7	64113.5	3720.4
-47081.7	64118.5	3722.72
-47081.7	64123	3725.87
-47081.7	64126.9	3729.75
-47081.7	64130	3734.25
-47081.7	64132.3	3739.23
-47081.7	64133.8	3744.53
-47081.7	64134.3	3750
-47081.7	64133.8	3755.47
-47081.7	64132.3	3760.77
-47081.7	64130	3765.75
-47081.7	64126.9	3770.25
-47081.7	64123	3774.13
-47081.7	64118.5	3777.28
-47081.7	64113.5	3779.6
-47081.7	64108.2	3781.02
-47081.7	64102.8	3781.5
-47081.7	64097.3	3781.02
-47081.7	64092	3779.6
-47081.7	64087	3777.28
-47081.7	64082.5	3774.13
-47081.7	64078.6	3770.25
-47081.7	64075.5	3765.75
-47081.7	64073.1	3760.77
-47081.7	64071.7	3755.47
-47081.7	64071.3	3750
-47081.7	64071.7	3744.53
-47081.7	64073.1	3739.23
-47081.7	64075.5	3734.25
-47081.7	64078.6	3729.75
-47081.7	64082.5	3725.87
-47081.7	64087	3722.72
-47081.7	64092	3720.4
-47081.7	64097.3	3718.98
-47081.7	63959.6	3718.5
-47081.7	63965.1	3718.97
-47081.7	63970.4	3720.4
-47081.7	63975.4	3722.72
-47081.7	63979.9	3725.86
-47081.7	63983.8	3729.75
-47081.7	63986.9	3734.25
-47081.7	63989.2	3739.22
-47081.7	63990.6	3744.53
-47081.7	63991.1	3750
-47081.7	63990.6	3755.47
-47081.7	63989.2	3760.77
-47081.7	63986.9	3765.75
-47081.7	63983.8	3770.24
-47081.7	63979.9	3774.13
-47081.7	63975.4	3777.28
-47081.7	63970.4	3779.6
-47081.7	63965.1	3781.02
-47081.7	63959.6	3781.5
-47081.7	63954.2	3781.02
-47081.7	63948.9	3779.6
-47081.7	63943.9	3777.28
-47081.7	63939.4	3774.13
-47081.7	63935.5	3770.24
-47081.7	63932.3	3765.75
-47081.7	63930	3760.77
-47081.7	63928.6	3755.47
-47081.7	63928.1	3750
-47081.7	63928.6	3744.53
-47081.7	63930	3739.22
-47081.7	63932.3	3734.25
-47081.7	63935.5	3729.75
-47081.7	63939.4	3725.86
-47081.7	63943.9	3722.72
-47081.7	63948.9	3720.4
-47081.7	63954.2	3718.97
-47081.7	63805.9	3725
-47081.7	63810.3	3725.38
-47081.7	63814.5	3726.51
-47081.7	63818.4	3728.35
-47081.7	63822	3730.85
-47081.7	63825.1	3733.93
-47081.7	63827.6	3737.5
-47081.7	63829.4	3741.45
-47081.7	63830.5	3745.66
-47081.7	63830.9	3750
-47081.7	63830.5	3754.34
-47081.7	63829.4	3758.55
-47081.7	63827.6	3762.5
-47081.7	63825.1	3766.07
-47081.7	63822	3769.16
-47081.7	63818.4	3771.65
-47081.7	63814.5	3773.5
-47081.7	63810.3	3774.62
-47081.7	63805.9	3775
-47081.7	63801.6	3774.62
-47081.7	63797.4	3773.5
-47081.7	63793.4	3771.65
-47081.7	63789.8	3769.16
-47081.7	63786.8	3766.07
-47081.7	63784.3	3762.5
-47081.7	63782.4	3758.55
-47081.7	63781.3	3754.34
-47081.7	63780.9	3750
-47081.7	63781.3	3745.66
-47081.7	63782.4	3741.45
-47081.7	63784.3	3737.5
-47081.7	63786.8	3733.93
-47081.7	63789.8	3730.85
-47081.7	63793.4	3728.35
-47081.7	63797.4	3726.51
-47081.7	63801.6	3725.38
-47281.7	64564.5	4650
-47281.7	64564.5	-50
-47281.7	64108.2	3718.98
-47281.7	64102.8	3718.5
-47281.7	64097.3	3718.98
-47281.7	64092	3720.4
-47281.7	64087	3722.72
-47281.7	64082.5	3725.87
-47281.7	64078.6	3729.75
-47281.7	64075.5	3734.25
-47281.7	64073.1	3739.23
-47281.7	64071.7	3744.53
-47281.7	64071.3	3750
-47281.7	64071.7	3755.47
-47281.7	64073.1	3760.77
-47281.7	64075.5	3765.75
-47281.7	64078.6	3770.25
-47281.7	64082.5	3774.13
-47281.7	64087	3777.28
-47281.7	64092	3779.6
-47281.7	64097.3	3781.02
-47281.7	64102.8	3781.5
-47281.7	64108.2	3781.02
-47281.7	64113.5	3779.6
-47281.7	64118.5	3777.28
-47281.7	64123	3774.13
-47281.7	64126.9	3770.25
-47281.7	64130	3765.75
-47281.7	64132.3	3760.77
-47281.7	64133.8	3755.47
-47281.7	64134.3	3750
-47281.7	64133.8	3744.53
-47281.7	64132.3	3739.23
-47281.7	64130	3734.25
-47281.7	64126.9	3729.75
-47281.7	64123	3725.87
-47281.7	64118.5	3722.72
-47281.7	64113.5	3720.4
-47281.7	63965.1	3718.97
-47281.7	63959.6	3718.5
-47281.7	63954.2	3718.97
-47281.7	63948.9	3720.4
-47281.7	63943.9	3722.72
-47281.7	63939.4	3725.86
-47281.7	63935.5	3729.75
-47281.7	63932.3	3734.25
-47281.7	63930	3739.22
-47281.7	63928.6	3744.53
-47281.7	63928.1	3750
-47281.7	63928.6	3755.47
-47281.7	63930	3760.77
-47281.7	63932.3	3765.75
-47281.7	63935.5	3770.24
-47281.7	63939.4	3774.13
-47281.7	63943.9	3777.28
-47281.7	63948.9	3779.6
-47281.7	63954.2	3781.02
-47281.7	63959.6	3781.5
-47281.7	63965.1	3781.02
-47281.7	63970.4	3779.6
-47281.7	63975.4	3777.28
-47281.7	63979.9	3774.13
-47281.7	63983.8	3770.24
-47281.7	63986.9	3765.75
-47281.7	63989.2	3760.77
-47281.7	63990.6	3755.47
-47281.7	63991.1	3750
-47281.7	63990.6	3744.53
-47281.7	63989.2	3739.22
-47281.7	63986.9	3734.25
-47281.7	63983.8	3729.75
-47281.7	63979.9	3725.86
-47281.7	63975.4	3722.72
-47281.7	63970.4	3720.4
-47281.7	63810.3	3725.38
-47281.7	63805.9	3725
-47281.7	63801.6	3725.38
-47281.7	63797.4	3726.51
-47281.7	63793.4	3728.35
-47281.7	63789.8	3730.85
-47281.7	63786.8	3733.93
-47281.7	63784.3	3737.5
-47281.7	63782.4	3741.45
-47281.7	63781.3	3745.66
-47281.7	63780.9	3750
-47281.7	63781.3	3754.34
-47281.7	63782.4	3758.55
-47281.7	63784.3	3762.5
-47281.7	63786.8	3766.07
-47281.7	63789.8	3769.16
-47281.7	63793.4	3771.65
-47281.7	63797.4	3773.5
-47281.7	63801.6	3774.62
-47281.7	63805.9	3775
-47281.7	63810.3	3774.62
-47281.7	63814.5	3773.5
-47281.7	63818.4	3771.65
-47281.7	63822	3769.16
-47281.7	63825.1	3766.07
-47281.7	63827.6	3762.5
-47281.7	63829.4	3758.55
-47281.7	63830.5	3754.34
-47281.7	63830.9	3750
-47281.7	63830.5	3745.66
-47281.7	63829.4	3741.45
-47281.7	63827.6	3737.5
-47281.7	63825.1	3733.93
-47281.7	63822	3730.85
-47281.7	63818.4	3728.35
-47281.7	63814.5	3726.51

#	Triangle	78
0	2	1	3	2	0
4	12	5	12	11	5	11	10	5	10	9	5	9	8	5	8	7	5	7	6	5	6	42	5	42	3	5	42	77	3	77	78	3	78	113	3	113	2	3	6	43	42	41	43	6	41	44	43	76	78	77	40	44	41	40	45	44	75	78	76	39	45	40	39	46	45	74	78	75	38	46	39	74	79	78	74	80	79	112	2	113	38	47	46	73	80	74	37	47	38	73	81	80	111	2	112	73	82	81	110	2	111	37	48	47	72	82	73	36	48	37	72	83	82	109	2	110	72	84	83	108	2	109	36	49	48	71	84	72	4	13	12	35	49	36	71	85	84	107	2	108	35	50	49	70	85	71	4	14	13	34	50	35	70	86	85	106	2	107	34	51	50	69	86	70	4	15	14	33	51	34	69	87	86	105	2	106	33	52	51	68	87	69	4	16	15	32	52	33	68	88	87	104	2	105	68	89	88	103	2	104	32	53	52	67	89	68	4	17	16	31	53	32	67	90	89	102	2	103	31	54	53	66	90	67	4	18	17	30	54	31	66	91	90	101	2	102	30	55	54	65	91	66	4	19	18	29	55	30	65	92	91	100	2	101	65	93	92	99	2	100	29	56	55	64	93	65	4	20	19	28	56	29	64	94	93	98	2	99	64	95	94	97	2	98	28	57	56	63	95	64	4	21	20	27	57	28	63	96	95	96	2	97	63	2	96	27	58	57	62	2	63	4	22	21	26	58	27	26	59	58	61	2	62	4	23	22	25	59	26	25	60	59	60	2	61	4	24	23	24	60	25	24	2	60	4	2	24
5	114	4	115	114	5
1	115	0	1	190	115	190	189	115	189	154	115	154	153	115	153	117	115	117	116	115	116	151	115	151	150	115	150	149	115	149	148	115	148	147	115	147	114	115	152	117	153	152	118	117	189	155	154	187	118	152	187	119	118	189	156	155	186	119	187	186	120	119	189	157	156	185	120	186	185	121	120	188	157	189	1	191	190	223	157	188	223	158	157	184	121	185	184	122	121	1	192	191	222	158	223	1	193	192	221	158	222	221	159	158	183	122	184	183	123	122	1	194	193	220	159	221	1	195	194	219	159	220	219	160	159	182	123	183	182	124	123	146	114	147	1	196	195	218	160	219	218	161	160	181	124	182	181	125	124	145	114	146	1	197	196	217	161	218	217	162	161	180	125	181	180	126	125	144	114	145	1	198	197	216	162	217	216	163	162	179	126	180	179	127	126	143	114	144	1	199	198	215	163	216	1	200	199	214	163	215	214	164	163	178	127	179	178	128	127	142	114	143	1	201	200	213	164	214	213	165	164	177	128	178	177	129	128	141	114	142	1	202	201	212	165	213	212	166	165	176	129	177	176	130	129	140	114	141	1	203	202	211	166	212	1	204	203	210	166	211	210	167	166	175	130	176	175	131	130	139	114	140	1	205	204	209	167	210	1	206	205	208	167	209	208	168	167	174	131	175	174	132	131	138	114	139	1	207	206	207	168	208	1	168	207	1	169	168	173	132	174	173	133	132	137	114	138	1	170	169	172	133	173	172	134	133	136	114	137	1	171	170	171	134	172	171	135	134	135	114	136	1	135	171	1	114	135
0	5	3	115	5	0
2	114	1	4	114	2
117	7	116	6	7	117	153	43	152	42	43	153
116	8	151	7	8	116	152	44	187	43	44	152
151	9	150	8	9	151	187	45	186	44	45	187
150	10	149	9	10	150	186	46	185	45	46	186
149	11	148	10	11	149	185	47	184	46	47	185
148	12	147	11	12	148	184	48	183	47	48	184
147	13	146	12	13	147	183	49	182	48	49	183
146	14	145	13	14	146	182	50	181	49	50	182
145	15	144	14	15	145	181	51	180	50	51	181
144	16	143	15	16	144	180	52	179	51	52	180
143	17	142	16	17	143	179	53	178	52	53	179
142	18	141	17	18	142	178	54	177	53	54	178
141	19	140	18	19	141	177	55	176	54	55	177
140	20	139	19	20	140	176	56	175	55	56	176
139	21	138	20	21	139	175	57	174	56	57	175
138	22	137	21	22	138	174	58	173	57	58	174
137	23	136	22	23	137	173	59	172	58	59	173
136	24	135	23	24	136	172	60	171	59	60	172
135	25	134	24	25	135	171	61	170	60	61	171
134	26	133	25	26	134	170	62	169	61	62	170
133	27	132	26	27	133	169	63	168	62	63	169
132	28	131	27	28	132	168	64	167	63	64	168
131	29	130	28	29	131	167	65	166	64	65	167
130	30	129	29	30	130	166	66	165	65	66	166
129	31	128	30	31	129	165	67	164	66	67	165
128	32	127	31	32	128	164	68	163	67	68	164
127	33	126	32	33	127	163	69	162	68	69	163
126	34	125	33	34	126	162	70	161	69	70	162
125	35	124	34	35	125	161	71	160	70	71	161
124	36	123	35	36	124	160	72	159	71	72	160
123	37	122	36	37	123	159	73	158	72	73	159
122	38	121	37	38	122	158	74	157	73	74	158
121	39	120	38	39	121	157	75	156	74	75	157
120	40	119	39	40	120	156	76	155	75	76	156
119	41	118	40	41	119	155	77	154	76	77	155
118	6	117	41	6	118	154	42	153	77	42	154
189	79	188	78	79	189
188	80	223	79	80	188
223	81	222	80	81	223
222	82	221	81	82	222
221	83	220	82	83	221
220	84	219	83	84	220
219	85	218	84	85	219
218	86	217	85	86	218
217	87	216	86	87	217
216	88	215	87	88	216
215	89	214	88	89	215
214	90	213	89	90	214
213	91	212	90	91	213
212	92	211	91	92	212
211	93	210	92	93	211
210	94	209	93	94	210
209	95	208	94	95	209
208	96	207	95	96	208
207	97	206	96	97	207
206	98	205	97	98	206
205	99	204	98	99	205
204	100	203	99	100	204
203	101	202	100	101	203
202	102	201	101	102	202
201	103	200	102	103	201
200	104	199	103	104	200
199	105	198	104	105	199
198	106	197	105	106	198
197	107	196	106	107	197
196	108	195	107	108	196
195	109	194	108	109	195
194	110	193	109	110	194
193	111	192	110	111	193
192	112	191	111	112	192
191	113	190	112	113	191
190	78	189	113	78	190

#	Normal	78
-0	1	0
-1	0	0
-0	-1	-0
1	0	0
0	-0	1
0	0	-1
0	0.087167	-0.996194
0	0.258778	-0.965937
0	0.42261	-0.906311
0	0.573725	-0.819048
0	0.707085	-0.707129
0	0.819234	-0.573459
0	0.906321	-0.422591
0	0.965892	-0.258946
0	0.996164	-0.0875006
-0	0.996164	0.0875006
-0	0.965892	0.258946
-0	0.906321	0.422591
-0	0.819234	0.573459
-0	0.707085	0.707129
-0	0.573725	0.819048
-0	0.42261	0.906311
-0	0.258778	0.965937
-0	0.087167	0.996194
0	-0.0871052	0.996199
0	-0.258955	0.965889
0	-0.42261	0.906311
0	-0.573391	0.819282
0	-0.707085	0.707129
0	-0.819234	0.573459
0	-0.906321	0.422591
0	-0.965892	0.258946
0	-0.996226	0.0867946
0	-0.996226	-0.0867946
0	-0.965892	-0.258946
0	-0.906321	-0.422591
0	-0.819234	-0.573459
0	-0.707085	-0.707129
0	-0.573391	-0.819282
0	-0.42261	-0.906311
0	-0.258955	-0.965889
0	-0.0871052	-0.996199
0	0.0871447	-0.996196
0	0.258736	-0.965948
0	0.422665	-0.906286
0	0.573929	-0.818905
0	0.707023	-0.707191
0	0.819111	-0.573635
0	0.906124	-0.423011
0	0.96609	-0.258207
0	0.996135	-0.0878382
-0	0.996134	0.0878431
-0	0.96609	0.258207
-0	0.906134	0.42299
-0	0.819092	0.573662
-0	0.707051	0.707163
-0	0.573929	0.818905
-0	0.422619	0.906308
-0	0.258736	0.965948
-0	0.0872003	0.996191
0	-0.0871225	0.996198
0	-0.25896	0.965888
0	-0.422619	0.906308
0	-0.573507	0.8192
0	-0.707051	0.707163
0	-0.819092	0.573662
0	-0.906478	0.422253
0	-0.965866	0.259043
0	-0.996212	0.0869536
0	-0.996213	-0.0869487
0	-0.965866	-0.259043
0	-0.906468	-0.422275
0	-0.819111	-0.573635
0	-0.707023	-0.707191
0	-0.573507	-0.8192
0	-0.422665	-0.906286
0	-0.25896	-0.965888
0	-0.0870669	-0.996202

#	Mesh	0	End

