#	Mesh	0	Begin

#	Vertex	240
-47281.7	51864.5	-50
-47281.7	51864.5	4650
-47081.7	51864.5	4650
-47081.7	51864.5	-50
-47081.7	59564.5	4650
-47081.7	59564.5	-50
-47081.7	56907.5	3950
-47081.7	58257.5	3950
-47081.7	58257.5	4550
-47081.7	56907.5	4550
-47081.7	58338.3	3576.74
-47081.7	59438.3	3576.74
-47081.7	59438.3	4176.74
-47081.7	58338.3	4176.74
-47081.7	57904.5	3756.45
-47081.7	57911	3757.02
-47081.7	57917.3	3758.72
-47081.7	57923.3	3761.48
-47081.7	57928.6	3765.23
-47081.7	57933.2	3769.85
-47081.7	57937	3775.2
-47081.7	57939.7	3781.13
-47081.7	57941.4	3787.44
-47081.7	57942	3793.95
-47081.7	57941.4	3800.47
-47081.7	57939.7	3806.78
-47081.7	57937	3812.7
-47081.7	57933.2	3818.06
-47081.7	57928.6	3822.68
-47081.7	57923.3	3826.43
-47081.7	57917.3	3829.19
-47081.7	57911	3830.89
-47081.7	57904.5	3831.45
-47081.7	57898	3830.89
-47081.7	57891.7	3829.19
-47081.7	57885.8	3826.43
-47081.7	57880.4	3822.68
-47081.7	57875.8	3818.06
-47081.7	57872	3812.7
-47081.7	57869.3	3806.78
-47081.7	57867.6	3800.47
-47081.7	57867	3793.95
-47081.7	57867.6	3787.44
-47081.7	57869.3	3781.13
-47081.7	57872	3775.2
-47081.7	57875.8	3769.85
-47081.7	57880.4	3765.23
-47081.7	57885.8	3761.48
-47081.7	57891.7	3758.72
-47081.7	57898	3757.02
-47081.7	57665.6	3727.74
-47081.7	57679.5	3728.95
-47081.7	57693	3732.56
-47081.7	57705.6	3738.46
-47081.7	57717.1	3746.45
-47081.7	57726.9	3756.31
-47081.7	57734.9	3767.74
-47081.7	57740.8	3780.38
-47081.7	57744.4	3793.85
-47081.7	57745.6	3807.74
-47081.7	57744.4	3821.63
-47081.7	57740.8	3835.1
-47081.7	57734.9	3847.74
-47081.7	57726.9	3859.16
-47081.7	57717.1	3869.02
-47081.7	57705.6	3877.02
-47081.7	57693	3882.91
-47081.7	57679.5	3886.52
-47081.7	57665.6	3887.74
-47081.7	57651.7	3886.52
-47081.7	57638.3	3882.91
-47081.7	57625.6	3877.02
-47081.7	57614.2	3869.02
-47081.7	57604.3	3859.16
-47081.7	57596.3	3847.74
-47081.7	57590.5	3835.1
-47081.7	57586.8	3821.63
-47081.7	57585.6	3807.74
-47081.7	57586.8	3793.85
-47081.7	57590.5	3780.38
-47081.7	57596.3	3767.74
-47081.7	57604.3	3756.31
-47081.7	57614.2	3746.45
-47081.7	57625.6	3738.46
-47081.7	57638.3	3732.56
-47081.7	57651.7	3728.95
-47081.7	57432.3	3727.64
-47081.7	57446.2	3728.86
-47081.7	57459.6	3732.47
-47081.7	57472.3	3738.36
-47081.7	57483.7	3746.36
-47081.7	57493.6	3756.22
-47081.7	57501.6	3767.64
-47081.7	57507.5	3780.28
-47081.7	57511.1	3793.75
-47081.7	57512.3	3807.64
-47081.7	57511.1	3821.54
-47081.7	57507.5	3835.01
-47081.7	57501.6	3847.64
-47081.7	57493.6	3859.07
-47081.7	57483.7	3868.93
-47081.7	57472.3	3876.93
-47081.7	57459.6	3882.82
-47081.7	57446.2	3886.43
-47081.7	57432.3	3887.64
-47081.7	57418.4	3886.43
-47081.7	57404.9	3882.82
-47081.7	57392.3	3876.93
-47081.7	57380.9	3868.93
-47081.7	57371	3859.07
-47081.7	57363	3847.64
-47081.7	57357.1	3835.01
-47081.7	57353.5	3821.54
-47081.7	57352.3	3807.64
-47081.7	57353.5	3793.75
-47081.7	57357.1	3780.28
-47081.7	57363	3767.64
-47081.7	57371	3756.22
-47081.7	57380.9	3746.36
-47081.7	57392.3	3738.36
-47081.7	57404.9	3732.47
-47081.7	57418.4	3728.86
-47281.7	59564.5	4650
-47281.7	59564.5	-50
-47281.7	58257.5	3950
-47281.7	56907.5	3950
-47281.7	56907.5	4550
-47281.7	58257.5	4550
-47281.7	59438.3	3576.74
-47281.7	58338.3	3576.74
-47281.7	58338.3	4176.74
-47281.7	59438.3	4176.74
-47281.7	57911	3757.02
-47281.7	57904.5	3756.45
-47281.7	57898	3757.02
-47281.7	57891.7	3758.72
-47281.7	57885.8	3761.48
-47281.7	57880.4	3765.23
-47281.7	57875.8	3769.85
-47281.7	57872	3775.2
-47281.7	57869.3	3781.13
-47281.7	57867.6	3787.44
-47281.7	57867	3793.95
-47281.7	57867.6	3800.47
-47281.7	57869.3	3806.78
-47281.7	57872	3812.7
-47281.7	57875.8	3818.06
-47281.7	57880.4	3822.68
-47281.7	57885.8	3826.43
-47281.7	57891.7	3829.19
-47281.7	57898	3830.89
-47281.7	57904.5	3831.45
-47281.7	57911	3830.89
-47281.7	57917.3	3829.19
-47281.7	57923.3	3826.43
-47281.7	57928.6	3822.68
-47281.7	57933.2	3818.06
-47281.7	57937	3812.7
-47281.7	57939.7	3806.78
-47281.7	57941.4	3800.47
-47281.7	57942	3793.95
-47281.7	57941.4	3787.44
-47281.7	57939.7	3781.13
-47281.7	57937	3775.2
-47281.7	57933.2	3769.85
-47281.7	57928.6	3765.23
-47281.7	57923.3	3761.48
-47281.7	57917.3	3758.72
-47281.7	57679.5	3728.95
-47281.7	57665.6	3727.74
-47281.7	57651.7	3728.95
-47281.7	57638.3	3732.56
-47281.7	57625.6	3738.46
-47281.7	57614.2	3746.45
-47281.7	57604.3	3756.31
-47281.7	57596.3	3767.74
-47281.7	57590.5	3780.38
-47281.7	57586.8	3793.85
-47281.7	57585.6	3807.74
-47281.7	57586.8	3821.63
-47281.7	57590.5	3835.1
-47281.7	57596.3	3847.74
-47281.7	57604.3	3859.16
-47281.7	57614.2	3869.02
-47281.7	57625.6	3877.02
-47281.7	57638.3	3882.91
-47281.7	57651.7	3886.52
-47281.7	57665.6	3887.74
-47281.7	57679.5	3886.52
-47281.7	57693	3882.91
-47281.7	57705.6	3877.02
-47281.7	57717.1	3869.02
-47281.7	57726.9	3859.16
-47281.7	57734.9	3847.74
-47281.7	57740.8	3835.1
-47281.7	57744.4	3821.63
-47281.7	57745.6	3807.74
-47281.7	57744.4	3793.85
-47281.7	57740.8	3780.38
-47281.7	57734.9	3767.74
-47281.7	57726.9	3756.31
-47281.7	57717.1	3746.45
-47281.7	57705.6	3738.46
-47281.7	57693	3732.56
-47281.7	57446.2	3728.86
-47281.7	57432.3	3727.64
-47281.7	57418.4	3728.86
-47281.7	57404.9	3732.47
-47281.7	57392.3	3738.36
-47281.7	57380.9	3746.36
-47281.7	57371	3756.22
-47281.7	57363	3767.64
-47281.7	57357.1	3780.28
-47281.7	57353.5	3793.75
-47281.7	57352.3	3807.64
-47281.7	57353.5	3821.54
-47281.7	57357.1	3835.01
-47281.7	57363	3847.64
-47281.7	57371	3859.07
-47281.7	57380.9	3868.93
-47281.7	57392.3	3876.93
-47281.7	57404.9	3882.82
-47281.7	57418.4	3886.43
-47281.7	57432.3	3887.64
-47281.7	57446.2	3886.43
-47281.7	57459.6	3882.82
-47281.7	57472.3	3876.93
-47281.7	57483.7	3868.93
-47281.7	57493.6	3859.07
-47281.7	57501.6	3847.64
-47281.7	57507.5	3835.01
-47281.7	57511.1	3821.54
-47281.7	57512.3	3807.64
-47281.7	57511.1	3793.75
-47281.7	57507.5	3780.28
-47281.7	57501.6	3767.64
-47281.7	57493.6	3756.22
-47281.7	57483.7	3746.36
-47281.7	57472.3	3738.36
-47281.7	57459.6	3732.47

#	Triangle	88
0	2	1	3	2	0	124	8	127	7	8	124	128	12	131	11	12	128
4	11	5	11	3	5	11	10	3	10	121	3	121	2	3	4	12	11	13	7	10	7	19	10	19	18	10	18	17	10	17	16	10	16	15	10	15	14	10	14	53	10	53	52	10	52	51	10	51	50	10	50	86	10	86	121	10	50	87	86	85	87	50	85	88	87	120	2	121	84	88	85	84	89	88	119	2	120	83	89	84	83	90	89	118	2	119	14	54	53	82	90	83	82	91	90	117	2	118	14	55	54	81	91	82	81	92	91	116	2	117	14	56	55	80	92	81	49	56	14	48	56	49	47	56	48	46	56	47	45	56	46	80	93	92	115	2	116	45	57	56	79	93	80	7	20	19	44	57	45	7	21	20	43	57	44	79	94	93	114	2	115	43	58	57	78	94	79	7	22	21	42	58	43	7	23	22	41	58	42	78	95	94	113	2	114	41	59	58	77	95	78	7	24	23	40	59	41	7	25	24	39	59	40	7	26	25	38	59	39	77	96	95	112	2	113	38	60	59	76	96	77	7	27	26	37	60	38	7	28	27	36	60	37	76	97	96	111	2	112	36	61	60	75	97	76	7	29	28	35	61	36	7	30	29	34	61	35	7	31	30	33	61	34	7	32	31	32	61	33	7	61	32	75	98	97	110	2	111	7	62	61	74	98	75	74	99	98	109	2	110	7	63	62	73	99	74	73	100	99	108	2	109	7	64	63	72	100	73	72	101	100	107	2	108	7	65	64	71	101	72	71	102	101	106	6	107	6	2	107	7	66	65	70	102	71	70	103	102	105	6	106	7	67	66	69	103	70	69	104	103	104	6	105	7	68	67	68	104	69	68	6	104	7	6	68	13	8	7	9	2	6	4	13	12	4	8	13	4	9	8	4	2	9
5	122	4	123	122	5	126	6	125	9	6	126	130	10	129	13	10	130
1	123	0	1	206	123	206	129	123	129	128	123	128	122	123	206	205	129	205	169	129	169	168	129	168	203	129	203	202	129	202	133	129	133	132	129	132	167	129	167	166	129	166	165	129	165	164	129	164	124	129	124	130	129	131	122	128	204	169	205	204	170	169	1	207	206	239	170	204	239	171	170	1	208	207	238	171	239	238	172	171	1	209	208	237	172	238	237	173	172	201	133	202	1	210	209	236	173	237	236	174	173	200	133	201	1	211	210	235	174	236	235	175	174	199	133	200	199	134	133	199	135	134	199	136	135	199	137	136	199	138	137	1	212	211	234	175	235	234	176	175	198	138	199	198	139	138	163	124	164	198	140	139	162	124	163	1	213	212	233	176	234	233	177	176	197	140	198	197	141	140	161	124	162	197	142	141	160	124	161	1	214	213	232	177	233	232	178	177	196	142	197	196	143	142	159	124	160	196	144	143	158	124	159	196	145	144	157	124	158	1	215	214	231	178	232	231	179	178	195	145	196	195	146	145	156	124	157	195	147	146	155	124	156	1	216	215	230	179	231	230	180	179	194	147	195	194	148	147	154	124	155	194	149	148	153	124	154	194	150	149	152	124	153	194	151	150	151	124	152	194	124	151	1	217	216	229	180	230	229	181	180	193	124	194	1	218	217	228	181	229	228	182	181	192	124	193	1	219	218	227	182	228	227	183	182	191	124	192	1	220	219	226	183	227	226	184	183	190	124	191	1	125	220	125	221	220	225	184	226	225	185	184	189	124	190	125	222	221	224	185	225	224	186	185	188	124	189	125	223	222	223	186	224	223	187	186	187	124	188	125	187	223	125	124	187	1	126	125	127	130	124	127	131	130	127	122	131	1	127	126	1	122	127
0	5	3	123	5	0	127	9	126	8	9	127	131	13	130	12	13	131
2	122	1	4	122	2	125	7	124	6	7	125	129	11	128	10	11	129
133	15	132	14	15	133
132	16	167	15	16	132
167	17	166	16	17	167
166	18	165	17	18	166
165	19	164	18	19	165
164	20	163	19	20	164
163	21	162	20	21	163
162	22	161	21	22	162
161	23	160	22	23	161
160	24	159	23	24	160
159	25	158	24	25	159
158	26	157	25	26	158
157	27	156	26	27	157
156	28	155	27	28	156
155	29	154	28	29	155
154	30	153	29	30	154
153	31	152	30	31	153
152	32	151	31	32	152
151	33	150	32	33	151
150	34	149	33	34	150
149	35	148	34	35	149
148	36	147	35	36	148
147	37	146	36	37	147
146	38	145	37	38	146
145	39	144	38	39	145
144	40	143	39	40	144
143	41	142	40	41	143
142	42	141	41	42	142
141	43	140	42	43	141
140	44	139	43	44	140
139	45	138	44	45	139
138	46	137	45	46	138
137	47	136	46	47	137
136	48	135	47	48	136
135	49	134	48	49	135
134	14	133	49	14	134
169	51	168	50	51	169	205	87	204	86	87	205
168	52	203	51	52	168
203	53	202	52	53	203
202	54	201	53	54	202	238	90	237	89	90	238
201	55	200	54	55	201
200	56	199	55	56	200
199	57	198	56	57	199	235	93	234	92	93	235
198	58	197	57	58	198	234	94	233	93	94	234
197	59	196	58	59	197	233	95	232	94	95	233
196	60	195	59	60	196	232	96	231	95	96	232
195	61	194	60	61	195	231	97	230	96	97	231
194	62	193	61	62	194	230	98	229	97	98	230
193	63	192	62	63	193
192	64	191	63	64	192
191	65	190	64	65	191	227	101	226	100	101	227
190	66	189	65	66	190
189	67	188	66	67	189
188	68	187	67	68	188	224	104	223	103	104	224
187	69	186	68	69	187	223	105	222	104	105	223
186	70	185	69	70	186	222	106	221	105	106	222
185	71	184	70	71	185	221	107	220	106	107	221
184	72	183	71	72	184	220	108	219	107	108	220
183	73	182	72	73	183
182	74	181	73	74	182
181	75	180	74	75	181	217	111	216	110	111	217
180	76	179	75	76	180	216	112	215	111	112	216
179	77	178	76	77	179	215	113	214	112	113	215
178	78	177	77	78	178	214	114	213	113	114	214
177	79	176	78	79	177	213	115	212	114	115	213
176	80	175	79	80	176	212	116	211	115	116	212
175	81	174	80	81	175	211	117	210	116	117	211
174	82	173	81	82	174	210	118	209	117	118	210
173	83	172	82	83	173	209	119	208	118	119	209
172	84	171	83	84	172	208	120	207	119	120	208
171	85	170	84	85	171	207	121	206	120	121	207
170	50	169	85	50	170	206	86	205	121	86	206
204	88	239	87	88	204
239	89	238	88	89	239
237	91	236	90	91	237
236	92	235	91	92	236
229	99	228	98	99	229
228	100	227	99	100	228
226	102	225	101	102	226
225	103	224	102	103	225
219	109	218	108	109	219
218	110	217	109	110	218

#	Normal	88
-0	1	0
-1	0	0
-0	-1	-0
1	0	0
0	-0	1
0	0	-1
0	0.0871373	-0.996196
0	0.258885	-0.965908
0	0.42252	-0.906354
0	0.573507	-0.8192
0	0.707181	-0.707032
0	0.819111	-0.573635
0	0.90635	-0.422528
0	0.965942	-0.25876
0	0.996187	-0.0872452
-0	0.996187	0.0872485
-0	0.965942	0.25876
-0	0.906357	0.422513
-0	0.819099	0.573653
-0	0.707181	0.707032
-0	0.573507	0.8192
-0	0.42252	0.906354
-0	0.258885	0.965908
-0	0.0871744	0.996193
0	-0.0871744	0.996193
0	-0.258736	0.965948
0	-0.422748	0.906247
0	-0.573507	0.8192
0	-0.707181	0.707032
0	-0.819099	0.573653
0	-0.906357	0.422513
0	-0.965942	0.25876
0	-0.996187	0.0872485
0	-0.996187	-0.0872452
0	-0.965942	-0.25876
0	-0.90635	-0.422528
0	-0.819111	-0.573635
0	-0.707181	-0.707032
0	-0.573507	-0.8192
0	-0.422748	-0.906247
0	-0.258736	-0.965948
0	-0.0871373	-0.996196
0	0.08716	-0.996194
0	0.258762	-0.965941
0	0.422675	-0.906282
0	0.573606	-0.819132
0	0.70701	-0.707203
0	0.819234	-0.573459
0	0.906277	-0.422685
0	0.965923	-0.258831
0	0.996198	-0.0871176
-0	0.996198	0.0871176
-0	0.965923	0.258831
-0	0.906277	0.422685
-0	0.819234	0.573459
-0	0.707002	0.707212
-0	0.573617	0.819123
-0	0.42266	0.906288
-0	0.258778	0.965937
-0	0.08716	0.996194
0	-0.08716	0.996194
0	-0.258778	0.965937
0	-0.42266	0.906288
0	-0.573617	0.819123
0	-0.707002	0.707212
0	-0.819234	0.573459
0	-0.906277	0.422685
0	-0.965923	0.258831
0	-0.996198	0.0871176
0	-0.996198	-0.0871176
0	-0.965923	-0.258831
0	-0.906277	-0.422685
0	-0.819234	-0.573459
0	-0.70701	-0.707203
0	-0.573606	-0.819132
0	-0.422675	-0.906282
0	-0.258762	-0.965941
0	-0.08716	-0.996194
0	0.258832	-0.965922
0	0.422567	-0.906332
0	0.707151	-0.707063
0	0.819103	-0.573647
-0	0.819097	0.573655
-0	0.707151	0.707063
-0	0.422553	0.906338
-0	0.258848	0.965918
0	-0.70701	0.707203
0	-0.819229	0.573467

#	Mesh	0	End

