#	Mesh	0	Begin

#	Vertex	108
-38431.7	51164.5	-50
-38431.7	51164.5	5230
-38631.7	51164.5	5230
-38631.7	51164.5	-50
-38631.7	49314.5	5230
-38631.7	49314.5	-50
-38631.7	50478.4	3850
-38631.7	50178.4	3850
-38631.7	50178.4	4050
-38631.7	50478.4	4050
-38631.7	50772.7	4050
-38631.7	50772.7	3850
-38631.7	50144.1	3850
-38631.7	49844.1	3850
-38631.7	49844.1	4050
-38631.7	50144.1	4050
-38631.7	50777.2	4150
-38631.7	50077.2	4150
-38631.7	50077.2	4350
-38631.7	50777.2	4350
-38631.7	49413	3917.89
-38631.7	49406.5	3918.45
-38631.7	49400.2	3920.15
-38631.7	49394.3	3922.91
-38631.7	49388.9	3926.66
-38631.7	49384.3	3931.28
-38631.7	49380.5	3936.64
-38631.7	49377.8	3942.56
-38631.7	49376.1	3948.87
-38631.7	49375.5	3955.39
-38631.7	49376.1	3961.9
-38631.7	49377.8	3968.21
-38631.7	49380.5	3974.14
-38631.7	49384.3	3979.49
-38631.7	49388.9	3984.11
-38631.7	49394.3	3987.86
-38631.7	49400.2	3990.62
-38631.7	49406.5	3992.32
-38631.7	49413	3992.89
-38631.7	49419.5	3992.32
-38631.7	49425.8	3990.62
-38631.7	49431.8	3987.86
-38631.7	49437.1	3984.11
-38631.7	49441.7	3979.49
-38631.7	49445.5	3974.14
-38631.7	49448.2	3968.21
-38631.7	49449.9	3961.9
-38631.7	49450.5	3955.39
-38631.7	49449.9	3948.87
-38631.7	49448.2	3942.56
-38631.7	49445.5	3936.64
-38631.7	49441.7	3931.28
-38631.7	49437.1	3926.66
-38631.7	49431.8	3922.91
-38631.7	49425.8	3920.15
-38631.7	49419.5	3918.45
-38431.7	49314.5	5230
-38431.7	49314.5	-50
-38431.7	50178.4	3850
-38431.7	50478.4	3850
-38431.7	50772.7	3850
-38431.7	50772.7	4050
-38431.7	50478.4	4050
-38431.7	50178.4	4050
-38431.7	49844.1	3850
-38431.7	50144.1	3850
-38431.7	50144.1	4050
-38431.7	49844.1	4050
-38431.7	50077.2	4150
-38431.7	50777.2	4150
-38431.7	50777.2	4350
-38431.7	50077.2	4350
-38431.7	49406.5	3918.45
-38431.7	49413	3917.89
-38431.7	49419.5	3918.45
-38431.7	49425.8	3920.15
-38431.7	49431.8	3922.91
-38431.7	49437.1	3926.66
-38431.7	49441.7	3931.28
-38431.7	49445.5	3936.64
-38431.7	49448.2	3942.56
-38431.7	49449.9	3948.87
-38431.7	49450.5	3955.39
-38431.7	49449.9	3961.9
-38431.7	49448.2	3968.21
-38431.7	49445.5	3974.14
-38431.7	49441.7	3979.49
-38431.7	49437.1	3984.11
-38431.7	49431.8	3987.86
-38431.7	49425.8	3990.62
-38431.7	49419.5	3992.32
-38431.7	49413	3992.89
-38431.7	49406.5	3992.32
-38431.7	49400.2	3990.62
-38431.7	49394.3	3987.86
-38431.7	49388.9	3984.11
-38431.7	49384.3	3979.49
-38431.7	49380.5	3974.14
-38431.7	49377.8	3968.21
-38431.7	49376.1	3961.9
-38431.7	49375.5	3955.39
-38431.7	49376.1	3948.87
-38431.7	49377.8	3942.56
-38431.7	49380.5	3936.64
-38431.7	49384.3	3931.28
-38431.7	49388.9	3926.66
-38431.7	49394.3	3922.91
-38431.7	49400.2	3920.15

#	Triangle	42
0	2	1	3	2	0	58	8	63	7	8	58	64	14	67	13	14	64	68	18	71	17	18	68
4	29	5	29	28	5	28	27	5	27	26	5	26	25	5	25	24	5	24	23	5	23	22	5	22	21	5	21	20	5	20	3	5	20	13	3	13	12	3	12	7	3	7	6	3	6	11	3	11	2	3	20	55	13	55	54	13	54	14	13	15	7	12	15	8	7	10	2	11	53	14	54	52	14	53	51	14	52	50	14	51	49	14	50	48	14	49	47	14	48	4	30	29	46	14	47	4	31	30	45	14	46	4	32	31	44	14	45	4	33	32	43	14	44	4	34	33	42	14	43	4	35	34	41	14	42	4	36	35	40	14	41	4	37	36	39	14	40	4	38	37	38	14	39	4	14	38	4	15	14	4	17	15	17	8	15	17	9	8	17	10	9	17	16	10	16	2	10	4	18	17	19	2	16	4	19	18	4	2	19
5	56	4	57	56	5	61	11	60	10	11	61	66	12	65	15	12	66	70	16	69	19	16	70
1	60	0	60	57	0	60	59	57	59	58	57	58	65	57	65	64	57	64	73	57	73	72	57	72	107	57	107	106	57	106	105	57	105	104	57	104	103	57	103	102	57	102	101	57	101	100	57	100	56	57	1	61	60	63	65	58	63	66	65	67	75	64	75	74	64	74	73	64	67	76	75	67	77	76	67	78	77	67	79	78	67	80	79	67	81	80	67	82	81	67	83	82	99	56	100	67	84	83	98	56	99	67	85	84	97	56	98	67	86	85	96	56	97	67	87	86	95	56	96	67	88	87	94	56	95	67	89	88	93	56	94	67	90	89	92	56	93	67	91	90	91	56	92	67	56	91	1	69	61	69	62	61	69	63	62	69	66	63	69	67	66	69	68	67	68	56	67	1	70	69	71	56	68	1	71	70	1	56	71
0	5	3	57	5	0	63	9	62	8	9	63	62	10	61	9	10	62	67	15	66	14	15	67	71	19	70	18	19	71
2	56	1	4	56	2	59	7	58	6	7	59	6	60	11	59	60	6	65	13	64	12	13	65	69	17	68	16	17	69
73	21	72	20	21	73
72	22	107	21	22	72
107	23	106	22	23	107
106	24	105	23	24	106
105	25	104	24	25	105
104	26	103	25	26	104
103	27	102	26	27	103
102	28	101	27	28	102
101	29	100	28	29	101
100	30	99	29	30	100
99	31	98	30	31	99
98	32	97	31	32	98
97	33	96	32	33	97
96	34	95	33	34	96
95	35	94	34	35	95
94	36	93	35	36	94
93	37	92	36	37	93
92	38	91	37	38	92
91	39	90	38	39	91
90	40	89	39	40	90
89	41	88	40	41	89
88	42	87	41	42	88
87	43	86	42	43	87
86	44	85	43	44	86
85	45	84	44	45	85
84	46	83	45	46	84
83	47	82	46	47	83
82	48	81	47	48	82
81	49	80	48	49	81
80	50	79	49	50	80
79	51	78	50	51	79
78	52	77	51	52	78
77	53	76	52	53	77
76	54	75	53	54	76
75	55	74	54	55	75
74	20	73	55	20	74

#	Normal	42
-0	-1	-0
1	0	0
-0	1	0
-1	0	0
-0	0	1
-0	-0	-1
-0	-0.0871744	-0.996193
-0	-0.258851	-0.965917
-0	-0.42255	-0.90634
-0	-0.573507	-0.8192
-0	-0.707181	-0.707032
-0	-0.819099	-0.573653
-0	-0.906357	-0.422513
-0	-0.965942	-0.25876
-0	-0.996187	-0.0872485
0	-0.996187	0.0872452
0	-0.965942	0.25876
0	-0.90635	0.422528
0	-0.819099	0.573653
0	-0.7072	0.707013
0	-0.573507	0.8192
0	-0.42252	0.906354
0	-0.258885	0.965908
0	-0.0871373	0.996196
0	0.0871373	0.996196
0	0.258736	0.965948
0	0.422748	0.906247
0	0.573507	0.8192
0	0.7072	0.707013
0	0.819099	0.573653
0	0.90635	0.422528
0	0.965942	0.25876
0	0.996187	0.0872452
0	0.996187	-0.0872485
0	0.965942	-0.25876
0	0.906357	-0.422513
0	0.819099	-0.573653
0	0.707181	-0.707032
0	0.573507	-0.8192
0	0.422779	-0.906233
0	0.258701	-0.965957
0	0.0871744	-0.996193

#	Mesh	0	End

