#	Mesh	0	Begin

#	Vertex	332
-34631.7	72464.5	-50
-34631.7	72464.5	5230
-34831.7	72464.5	5230
-34831.7	72464.5	-50
-34831.7	49314.5	5230
-34831.7	49314.5	-50
-34831.7	50478.4	3850
-34831.7	50178.4	3850
-34831.7	50178.4	4050
-34831.7	50478.4	4050
-34831.7	50772.7	4050
-34831.7	50772.7	3850
-34831.7	58257.5	3950
-34831.7	56907.5	3950
-34831.7	56907.5	4550
-34831.7	58257.5	4550
-34831.7	50144.1	3850
-34831.7	49844.1	3850
-34831.7	49844.1	4050
-34831.7	50144.1	4050
-34831.7	50777.2	4150
-34831.7	50077.2	4150
-34831.7	50077.2	4350
-34831.7	50777.2	4350
-34831.7	59094.1	4016.92
-34831.7	59081.9	4017.99
-34831.7	59070.1	4021.14
-34831.7	59059.1	4026.3
-34831.7	59049.1	4033.3
-34831.7	59040.5	4041.93
-34831.7	59033.5	4051.92
-34831.7	59028.3	4062.98
-34831.7	59025.1	4074.77
-34831.7	59024.1	4086.92
-34831.7	59025.1	4099.08
-34831.7	59028.3	4110.86
-34831.7	59033.5	4121.92
-34831.7	59040.5	4131.92
-34831.7	59049.1	4140.55
-34831.7	59059.1	4147.54
-34831.7	59070.1	4152.7
-34831.7	59081.9	4155.86
-34831.7	59094.1	4156.92
-34831.7	59106.2	4155.86
-34831.7	59118	4152.7
-34831.7	59129.1	4147.54
-34831.7	59139.1	4140.55
-34831.7	59147.7	4131.92
-34831.7	59154.7	4121.92
-34831.7	59159.9	4110.86
-34831.7	59163	4099.08
-34831.7	59164.1	4086.92
-34831.7	59163	4074.77
-34831.7	59159.9	4062.98
-34831.7	59154.7	4051.92
-34831.7	59147.7	4041.93
-34831.7	59139.1	4033.3
-34831.7	59129.1	4026.3
-34831.7	59118	4021.14
-34831.7	59106.2	4017.99
-34831.7	58833.5	4016.41
-34831.7	58821.4	4017.47
-34831.7	58809.6	4020.63
-34831.7	58798.5	4025.79
-34831.7	58788.5	4032.78
-34831.7	58779.9	4041.41
-34831.7	58772.9	4051.41
-34831.7	58767.8	4062.47
-34831.7	58764.6	4074.25
-34831.7	58763.5	4086.41
-34831.7	58764.6	4098.56
-34831.7	58767.8	4110.35
-34831.7	58772.9	4121.41
-34831.7	58779.9	4131.4
-34831.7	58788.5	4140.03
-34831.7	58798.5	4147.03
-34831.7	58809.6	4152.19
-34831.7	58821.4	4155.34
-34831.7	58833.5	4156.41
-34831.7	58845.7	4155.34
-34831.7	58857.5	4152.19
-34831.7	58868.5	4147.03
-34831.7	58878.5	4140.03
-34831.7	58887.2	4131.4
-34831.7	58894.1	4121.41
-34831.7	58899.3	4110.35
-34831.7	58902.5	4098.56
-34831.7	58903.5	4086.41
-34831.7	58902.5	4074.25
-34831.7	58899.3	4062.47
-34831.7	58894.1	4051.41
-34831.7	58887.2	4041.41
-34831.7	58878.5	4032.78
-34831.7	58868.5	4025.79
-34831.7	58857.5	4020.63
-34831.7	58845.7	4017.47
-34831.7	59374.5	4055.82
-34831.7	59369.1	4056.3
-34831.7	59363.8	4057.72
-34831.7	59358.8	4060.04
-34831.7	59354.3	4063.19
-34831.7	59350.4	4067.07
-34831.7	59347.2	4071.57
-34831.7	59344.9	4076.55
-34831.7	59343.5	4081.85
-34831.7	59343	4087.32
-34831.7	59343.5	4092.79
-34831.7	59344.9	4098.09
-34831.7	59347.2	4103.07
-34831.7	59350.4	4107.57
-34831.7	59354.3	4111.45
-34831.7	59358.8	4114.6
-34831.7	59363.8	4116.92
-34831.7	59369.1	4118.34
-34831.7	59374.5	4118.82
-34831.7	59380	4118.34
-34831.7	59385.3	4116.92
-34831.7	59390.3	4114.6
-34831.7	59394.8	4111.45
-34831.7	59398.7	4107.57
-34831.7	59401.8	4103.07
-34831.7	59404.1	4098.09
-34831.7	59405.5	4092.79
-34831.7	59406	4087.32
-34831.7	59405.5	4081.85
-34831.7	59404.1	4076.55
-34831.7	59401.8	4071.57
-34831.7	59398.7	4067.07
-34831.7	59394.8	4063.19
-34831.7	59390.3	4060.04
-34831.7	59385.3	4057.72
-34831.7	59380	4056.3
-34831.7	49413	3935.29
-34831.7	49407.5	3935.77
-34831.7	49402.2	3937.19
-34831.7	49397.3	3939.51
-34831.7	49392.8	3942.66
-34831.7	49388.9	3946.54
-34831.7	49385.7	3951.04
-34831.7	49383.4	3956.01
-34831.7	49382	3961.32
-34831.7	49381.5	3966.79
-34831.7	49382	3972.26
-34831.7	49383.4	3977.56
-34831.7	49385.7	3982.54
-34831.7	49388.9	3987.04
-34831.7	49392.8	3990.92
-34831.7	49397.3	3994.07
-34831.7	49402.2	3996.39
-34831.7	49407.5	3997.81
-34831.7	49413	3998.29
-34831.7	49418.5	3997.81
-34831.7	49423.8	3996.39
-34831.7	49428.8	3994.07
-34831.7	49433.3	3990.92
-34831.7	49437.1	3987.04
-34831.7	49440.3	3982.54
-34831.7	49442.6	3977.56
-34831.7	49444	3972.26
-34831.7	49444.5	3966.79
-34831.7	49444	3961.32
-34831.7	49442.6	3956.01
-34831.7	49440.3	3951.04
-34831.7	49437.1	3946.54
-34831.7	49433.3	3942.66
-34831.7	49428.8	3939.51
-34831.7	49423.8	3937.19
-34831.7	49418.5	3935.77
-34631.7	49314.5	5230
-34631.7	49314.5	-50
-34631.7	50178.4	3850
-34631.7	50478.4	3850
-34631.7	50772.7	3850
-34631.7	50772.7	4050
-34631.7	50478.4	4050
-34631.7	50178.4	4050
-34631.7	56907.5	3950
-34631.7	58257.5	3950
-34631.7	58257.5	4550
-34631.7	56907.5	4550
-34631.7	49844.1	3850
-34631.7	50144.1	3850
-34631.7	50144.1	4050
-34631.7	49844.1	4050
-34631.7	50077.2	4150
-34631.7	50777.2	4150
-34631.7	50777.2	4350
-34631.7	50077.2	4350
-34631.7	59081.9	4017.99
-34631.7	59094.1	4016.92
-34631.7	59106.2	4017.99
-34631.7	59118	4021.14
-34631.7	59129.1	4026.3
-34631.7	59139.1	4033.3
-34631.7	59147.7	4041.93
-34631.7	59154.7	4051.92
-34631.7	59159.9	4062.98
-34631.7	59163	4074.77
-34631.7	59164.1	4086.92
-34631.7	59163	4099.08
-34631.7	59159.9	4110.86
-34631.7	59154.7	4121.92
-34631.7	59147.7	4131.92
-34631.7	59139.1	4140.55
-34631.7	59129.1	4147.54
-34631.7	59118	4152.7
-34631.7	59106.2	4155.86
-34631.7	59094.1	4156.92
-34631.7	59081.9	4155.86
-34631.7	59070.1	4152.7
-34631.7	59059.1	4147.54
-34631.7	59049.1	4140.55
-34631.7	59040.5	4131.92
-34631.7	59033.5	4121.92
-34631.7	59028.3	4110.86
-34631.7	59025.1	4099.08
-34631.7	59024.1	4086.92
-34631.7	59025.1	4074.77
-34631.7	59028.3	4062.98
-34631.7	59033.5	4051.92
-34631.7	59040.5	4041.93
-34631.7	59049.1	4033.3
-34631.7	59059.1	4026.3
-34631.7	59070.1	4021.14
-34631.7	58821.4	4017.47
-34631.7	58833.5	4016.41
-34631.7	58845.7	4017.47
-34631.7	58857.5	4020.63
-34631.7	58868.5	4025.79
-34631.7	58878.5	4032.78
-34631.7	58887.2	4041.41
-34631.7	58894.1	4051.41
-34631.7	58899.3	4062.47
-34631.7	58902.5	4074.25
-34631.7	58903.5	4086.41
-34631.7	58902.5	4098.56
-34631.7	58899.3	4110.35
-34631.7	58894.1	4121.41
-34631.7	58887.2	4131.4
-34631.7	58878.5	4140.03
-34631.7	58868.5	4147.03
-34631.7	58857.5	4152.19
-34631.7	58845.7	4155.34
-34631.7	58833.5	4156.41
-34631.7	58821.4	4155.34
-34631.7	58809.6	4152.19
-34631.7	58798.5	4147.03
-34631.7	58788.5	4140.03
-34631.7	58779.9	4131.4
-34631.7	58772.9	4121.41
-34631.7	58767.8	4110.35
-34631.7	58764.6	4098.56
-34631.7	58763.5	4086.41
-34631.7	58764.6	4074.25
-34631.7	58767.8	4062.47
-34631.7	58772.9	4051.41
-34631.7	58779.9	4041.41
-34631.7	58788.5	4032.78
-34631.7	58798.5	4025.79
-34631.7	58809.6	4020.63
-34631.7	59369.1	4056.3
-34631.7	59374.5	4055.82
-34631.7	59380	4056.3
-34631.7	59385.3	4057.72
-34631.7	59390.3	4060.04
-34631.7	59394.8	4063.19
-34631.7	59398.7	4067.07
-34631.7	59401.8	4071.57
-34631.7	59404.1	4076.55
-34631.7	59405.5	4081.85
-34631.7	59406	4087.32
-34631.7	59405.5	4092.79
-34631.7	59404.1	4098.09
-34631.7	59401.8	4103.07
-34631.7	59398.7	4107.57
-34631.7	59394.8	4111.45
-34631.7	59390.3	4114.6
-34631.7	59385.3	4116.92
-34631.7	59380	4118.34
-34631.7	59374.5	4118.82
-34631.7	59369.1	4118.34
-34631.7	59363.8	4116.92
-34631.7	59358.8	4114.6
-34631.7	59354.3	4111.45
-34631.7	59350.4	4107.57
-34631.7	59347.2	4103.07
-34631.7	59344.9	4098.09
-34631.7	59343.5	4092.79
-34631.7	59343	4087.32
-34631.7	59343.5	4081.85
-34631.7	59344.9	4076.55
-34631.7	59347.2	4071.57
-34631.7	59350.4	4067.07
-34631.7	59354.3	4063.19
-34631.7	59358.8	4060.04
-34631.7	59363.8	4057.72
-34631.7	49407.5	3935.77
-34631.7	49413	3935.29
-34631.7	49418.5	3935.77
-34631.7	49423.8	3937.19
-34631.7	49428.8	3939.51
-34631.7	49433.3	3942.66
-34631.7	49437.1	3946.54
-34631.7	49440.3	3951.04
-34631.7	49442.6	3956.01
-34631.7	49444	3961.32
-34631.7	49444.5	3966.79
-34631.7	49444	3972.26
-34631.7	49442.6	3977.56
-34631.7	49440.3	3982.54
-34631.7	49437.1	3987.04
-34631.7	49433.3	3990.92
-34631.7	49428.8	3994.07
-34631.7	49423.8	3996.39
-34631.7	49418.5	3997.81
-34631.7	49413	3998.29
-34631.7	49407.5	3997.81
-34631.7	49402.2	3996.39
-34631.7	49397.3	3994.07
-34631.7	49392.8	3990.92
-34631.7	49388.9	3987.04
-34631.7	49385.7	3982.54
-34631.7	49383.4	3977.56
-34631.7	49382	3972.26
-34631.7	49381.5	3966.79
-34631.7	49382	3961.32
-34631.7	49383.4	3956.01
-34631.7	49385.7	3951.04
-34631.7	49388.9	3946.54
-34631.7	49392.8	3942.66
-34631.7	49397.3	3939.51
-34631.7	49402.2	3937.19

#	Triangle	108
0	2	1	3	2	0	170	8	175	7	8	170	176	14	179	13	14	176	180	18	183	17	18	180	184	22	187	21	22	184
4	141	5	141	140	5	140	139	5	139	138	5	138	137	5	137	136	5	136	135	5	135	134	5	134	133	5	133	132	5	132	17	5	17	3	5	17	16	3	16	7	3	7	6	3	6	11	3	11	13	3	13	12	3	12	24	3	24	59	3	59	2	3	132	167	17	167	166	17	166	18	17	19	7	16	19	8	7	10	13	11	165	18	166	164	18	165	163	18	164	162	18	163	10	14	13	15	64	12	64	63	12	63	62	12	62	61	12	61	60	12	60	24	12	161	18	162	160	18	161	159	18	160	4	142	141	158	18	159	4	143	142	157	18	158	4	144	143	156	18	157	4	145	144	155	18	156	4	146	145	154	18	155	4	147	146	153	18	154	4	148	147	152	18	153	4	149	148	151	18	152	4	150	149	150	18	151	4	18	150	95	24	60	95	25	24	94	25	95	94	26	25	58	2	59	93	26	94	93	27	26	57	2	58	92	27	93	92	28	27	56	2	57	15	65	64	91	28	92	91	29	28	55	96	56	96	131	56	131	2	56	15	66	65	90	29	91	90	30	29	54	96	55	4	19	18	4	21	19	21	8	19	21	9	8	21	10	9	21	20	10	20	14	10	15	67	66	89	30	90	89	31	30	53	96	54	53	97	96	53	98	97	130	2	131	53	99	98	129	2	130	53	100	99	128	2	129	15	68	67	88	31	89	88	32	31	52	100	53	52	101	100	127	2	128	52	102	101	126	2	127	52	103	102	125	2	126	15	69	68	87	32	88	87	33	32	51	103	52	51	104	103	124	2	125	51	105	104	123	2	124	15	70	69	86	33	87	86	34	33	50	105	51	50	106	105	122	2	123	50	107	106	121	2	122	50	108	107	120	2	121	15	71	70	85	34	86	85	35	34	49	108	50	49	109	108	119	2	120	49	110	109	118	2	119	15	72	71	84	35	85	84	36	35	48	110	49	48	111	110	117	2	118	48	112	111	116	2	117	48	113	112	115	2	116	48	114	113	114	2	115	48	2	114	15	73	72	83	36	84	83	37	36	47	2	48	15	74	73	82	37	83	82	38	37	46	2	47	15	75	74	81	38	82	81	39	38	45	2	46	15	76	75	80	39	81	80	40	39	44	2	45	4	22	21	23	14	20	15	77	76	79	40	80	79	41	40	43	2	44	15	78	77	78	41	79	78	42	41	42	2	43	15	42	78	15	2	42	4	23	22	4	14	23	4	15	14	4	2	15
5	168	4	169	168	5	173	11	172	10	11	173	178	12	177	15	12	178	182	16	181	19	16	182	186	20	185	23	20	186
1	169	0	1	190	169	190	189	169	189	177	169	177	172	169	172	171	169	171	170	169	170	181	169	181	180	169	180	297	169	297	296	169	296	331	169	331	330	169	330	329	169	329	328	169	328	327	169	327	326	169	326	325	169	325	324	169	324	168	169	177	176	172	176	173	172	175	181	170	175	182	181	183	299	180	299	298	180	298	297	180	183	300	299	183	301	300	183	302	301	183	303	302	189	225	177	225	224	177	224	259	177	259	258	177	258	257	177	257	178	177	179	173	176	183	304	303	183	305	304	183	306	305	183	307	306	323	168	324	183	308	307	322	168	323	183	309	308	321	168	322	183	310	309	320	168	321	183	311	310	319	168	320	183	312	311	318	168	319	183	313	312	317	168	318	183	314	313	316	168	317	183	315	314	315	168	316	183	168	315	189	226	225	188	226	189	188	227	226	1	191	190	223	227	188	223	228	227	1	192	191	222	228	223	222	229	228	1	193	192	221	229	222	221	230	229	256	178	257	1	262	193	262	261	193	261	194	193	220	230	221	220	231	230	255	178	256	261	195	194	219	231	220	179	174	173	179	175	174	179	182	175	179	183	182	179	185	183	185	184	183	184	168	183	219	232	231	254	178	255	261	196	195	218	232	219	260	196	261	1	263	262	295	196	260	1	264	263	294	196	295	1	265	264	293	196	294	218	233	232	253	178	254	293	197	196	217	233	218	1	266	265	292	197	293	1	267	266	291	197	292	1	268	267	290	197	291	217	234	233	252	178	253	290	198	197	216	234	217	1	269	268	289	198	290	1	270	269	288	198	289	216	235	234	251	178	252	288	199	198	215	235	216	1	271	270	287	199	288	1	272	271	286	199	287	1	273	272	285	199	286	215	236	235	250	178	251	285	200	199	214	236	215	1	274	273	284	200	285	1	275	274	283	200	284	214	237	236	249	178	250	283	201	200	213	237	214	1	276	275	282	201	283	1	277	276	281	201	282	1	278	277	280	201	281	1	279	278	279	201	280	1	201	279	213	238	237	248	178	249	1	202	201	212	238	213	212	239	238	247	178	248	1	203	202	211	239	212	211	240	239	246	178	247	1	204	203	210	240	211	210	241	240	245	178	246	1	205	204	209	241	210	179	186	185	187	168	184	209	242	241	244	178	245	1	206	205	208	242	209	208	243	242	243	178	244	1	207	206	207	243	208	207	178	243	1	178	207	179	187	186	179	168	187	1	179	178	1	168	179
0	5	3	169	5	0	175	9	174	8	9	175	174	10	173	9	10	174	179	15	178	14	15	179	183	19	182	18	19	183	187	23	186	22	23	187
2	168	1	4	168	2	171	7	170	6	7	171	6	172	11	171	172	6	177	13	176	12	13	177	181	17	180	16	17	181	185	21	184	20	21	185
189	25	188	24	25	189	225	61	224	60	61	225
188	26	223	25	26	188
223	27	222	26	27	223	259	63	258	62	63	259
222	28	221	27	28	222
221	29	220	28	29	221	257	65	256	64	65	257
220	30	219	29	30	220	256	66	255	65	66	256
219	31	218	30	31	219	255	67	254	66	67	255
218	32	217	31	32	218	254	68	253	67	68	254
217	33	216	32	33	217	253	69	252	68	69	253
216	34	215	33	34	216	252	70	251	69	70	252
215	35	214	34	35	215	251	71	250	70	71	251
214	36	213	35	36	214	250	72	249	71	72	250
213	37	212	36	37	213	249	73	248	72	73	249
212	38	211	37	38	212	248	74	247	73	74	248
211	39	210	38	39	211	247	75	246	74	75	247
210	40	209	39	40	210	246	76	245	75	76	246
209	41	208	40	41	209	245	77	244	76	77	245
208	42	207	41	42	208	244	78	243	77	78	244
207	43	206	42	43	207	243	79	242	78	79	243
206	44	205	43	44	206	242	80	241	79	80	242
205	45	204	44	45	205	241	81	240	80	81	241
204	46	203	45	46	204	240	82	239	81	82	240
203	47	202	46	47	203	239	83	238	82	83	239
202	48	201	47	48	202	238	84	237	83	84	238
201	49	200	48	49	201	237	85	236	84	85	237
200	50	199	49	50	200	236	86	235	85	86	236
199	51	198	50	51	199	235	87	234	86	87	235
198	52	197	51	52	198	234	88	233	87	88	234
197	53	196	52	53	197	233	89	232	88	89	233
196	54	195	53	54	196	232	90	231	89	90	232
195	55	194	54	55	195	231	91	230	90	91	231
194	56	193	55	56	194	230	92	229	91	92	230
193	57	192	56	57	193
192	58	191	57	58	192	228	94	227	93	94	228
191	59	190	58	59	191
190	24	189	59	24	190	226	60	225	95	60	226
224	62	259	61	62	224
258	64	257	63	64	258
229	93	228	92	93	229
227	95	226	94	95	227
261	97	260	96	97	261
260	98	295	97	98	260	296	134	331	133	134	296
295	99	294	98	99	295
294	100	293	99	100	294
293	101	292	100	101	293	329	137	328	136	137	329
292	102	291	101	102	292	328	138	327	137	138	328
291	103	290	102	103	291	327	139	326	138	139	327
290	104	289	103	104	290	326	140	325	139	140	326
289	105	288	104	105	289
288	106	287	105	106	288
287	107	286	106	107	287
286	108	285	107	108	286
285	109	284	108	109	285
284	110	283	109	110	284
283	111	282	110	111	283
282	112	281	111	112	282
281	113	280	112	113	281
280	114	279	113	114	280
279	115	278	114	115	279
278	116	277	115	116	278
277	117	276	116	117	277
276	118	275	117	118	276
275	119	274	118	119	275
274	120	273	119	120	274
273	121	272	120	121	273
272	122	271	121	122	272
271	123	270	122	123	271
270	124	269	123	124	270
269	125	268	124	125	269	305	161	304	160	161	305
268	126	267	125	126	268	304	162	303	161	162	304
267	127	266	126	127	267	303	163	302	162	163	303
266	128	265	127	128	266	302	164	301	163	164	302
265	129	264	128	129	265
264	130	263	129	130	264	300	166	299	165	166	300
263	131	262	130	131	263
262	96	261	131	96	262
297	133	296	132	133	297
331	135	330	134	135	331
330	136	329	135	136	330
325	141	324	140	141	325
324	142	323	141	142	324
323	143	322	142	143	323
322	144	321	143	144	322
321	145	320	144	145	321
320	146	319	145	146	320
319	147	318	146	147	319
318	148	317	147	148	318
317	149	316	148	149	317
316	150	315	149	150	316
315	151	314	150	151	315
314	152	313	151	152	314
313	153	312	152	153	313
312	154	311	153	154	312
311	155	310	154	155	311
310	156	309	155	156	310
309	157	308	156	157	309
308	158	307	157	158	308
307	159	306	158	159	307
306	160	305	159	160	306
301	165	300	164	165	301
299	167	298	166	167	299
298	132	297	167	132	298

#	Normal	108
-0	-1	-0
1	0	0
-0	1	0
-1	0	0
-0	0	1
-0	-0	-1
-0	-0.0871511	-0.996195
-0	-0.258829	-0.965923
-0	-0.42262	-0.906307
-0	-0.573546	-0.819174
-0	-0.707227	-0.706987
-0	-0.8191	-0.57365
-0	-0.906322	-0.422588
-0	-0.965883	-0.258977
-0	-0.996201	-0.0870786
0	-0.996202	0.0870769
0	-0.965883	0.258977
0	-0.906322	0.422588
0	-0.8191	0.57365
0	-0.707227	0.706987
0	-0.573532	0.819183
0	-0.42262	0.906307
0	-0.258848	0.965918
0	-0.0871511	0.996195
0	0.0871511	0.996195
0	0.258848	0.965918
0	0.42262	0.906307
0	0.573532	0.819183
0	0.707067	0.707147
0	0.819251	0.573435
0	0.906322	0.422588
0	0.965883	0.258977
0	0.996202	0.0870769
0	0.996201	-0.0870786
0	0.965883	-0.258977
0	0.906322	-0.422588
0	0.819251	-0.573435
0	0.707067	-0.707147
0	0.573546	-0.819174
0	0.42262	-0.906307
0	0.258829	-0.965923
0	0.0871511	-0.996195
-0	-0.258848	-0.965918
-0	-0.573532	-0.819183
0	0.573532	-0.819183
0	0.258848	-0.965918
-0	-0.0871052	-0.996199
-0	-0.258778	-0.965937
-0	-0.422883	-0.906184
-0	-0.573391	-0.819282
-0	-0.707085	-0.707129
-0	-0.819234	-0.573459
-0	-0.906321	-0.422591
-0	-0.965892	-0.258946
-0	-0.996226	-0.0867946
0	-0.996226	0.0867946
0	-0.965889	0.258958
0	-0.906328	0.422574
0	-0.819219	0.57348
0	-0.707107	0.707107
0	-0.573391	0.819282
0	-0.422846	0.906201
0	-0.258819	0.965926
0	-0.0871052	0.996199
0	0.087167	0.996194
0	0.258819	0.965926
0	0.422574	0.906328
0	0.573725	0.819048
0	0.707107	0.707107
0	0.819219	0.57348
0	0.906328	0.422574
0	0.965889	0.258958
0	0.996164	0.0875006
0	0.996164	-0.0875006
0	0.965892	-0.258946
0	0.906321	-0.422591
0	0.819234	-0.573459
0	0.707085	-0.707129
0	0.573725	-0.819048
0	0.42261	-0.906311
0	0.258778	-0.965937
0	0.087167	-0.996194
-0	-0.087167	-0.996194
-0	-0.42261	-0.906311
-0	-0.573725	-0.819048
-0	-0.996164	-0.0875006
0	-0.996164	0.0875006
0	-0.965892	0.258946
0	-0.906321	0.422591
0	-0.819234	0.573459
0	-0.707085	0.707129
0	-0.573725	0.819048
0	-0.42261	0.906311
0	-0.258778	0.965937
0	-0.087167	0.996194
0	0.0871052	0.996199
0	0.258955	0.965889
0	0.42261	0.906311
0	0.573391	0.819282
0	0.707085	0.707129
0	0.819234	0.573459
0	0.906321	0.422591
0	0.965892	0.258946
0	0.996226	0.0867946
0	0.996226	-0.0867946
0	0.573391	-0.819282
0	0.258955	-0.965889
0	0.0871052	-0.996199

#	Mesh	0	End

