#	Mesh	0	Begin

#	Vertex	32
-38631.7	60264.5	-50
-38631.7	60264.5	5230
-38431.7	60264.5	5230
-38431.7	60264.5	-50
-38431.7	67964.5	5230
-38431.7	67964.5	-50
-38431.7	62939.5	2100
-38431.7	61439.5	2100
-38431.7	61439.5	0
-38431.7	62939.5	0
-38431.7	60345.6	4050
-38431.7	61075.6	4050
-38431.7	61075.6	4550
-38431.7	60345.6	4550
-38631.7	67964.5	5230
-38631.7	67964.5	-50
-38631.7	61439.5	2100
-38631.7	62939.5	2100
-38631.7	62939.5	0
-38631.7	61439.5	0
-38454.7	63873.6	1900
-38631.7	63873.6	1900
-38454.7	64573.6	1900
-38631.7	64573.6	1900
-38454.7	64573.6	100
-38631.7	64573.6	100
-38454.7	63873.6	100
-38631.7	63873.6	100
-38631.7	61075.6	4050
-38631.7	60345.6	4050
-38631.7	60345.6	4550
-38631.7	61075.6	4550

#	Triangle	6
0	2	1	3	2	0	22	25	24	23	25	22	17	9	6	18	9	17	28	12	31	11	12	28
4	9	5	9	3	5	9	8	3	8	10	3	10	2	3	4	6	9	7	10	8	4	7	6	4	11	7	11	10	7	4	12	11	13	2	10	4	13	12	4	2	13
5	14	4	15	14	5	26	21	20	27	21	26	19	7	8	16	7	19	30	10	29	13	10	30
1	29	0	29	19	0	19	15	0	19	18	15	18	27	15	27	25	15	25	14	15	29	16	19	17	27	18	17	21	27	23	14	25	17	23	21	17	14	23	29	17	16	29	28	17	28	14	17	1	30	29	31	14	28	1	31	30	1	14	31	26	22	24	20	22	26
0	5	3	15	5	0	20	23	22	21	23	20	16	6	7	17	6	16	31	13	30	12	13	31
2	14	1	4	14	2	24	27	26	25	27	24	18	8	9	19	8	18	29	11	28	10	11	29

#	Normal	6
-0	1	0
-1	0	0
-0	-1	-0
1	0	0
0	-0	1
0	0	-1

#	Mesh	0	End

