#	Mesh	0	Begin

#	Vertex	676
-38631.7	65964.5	-50
-41706.7	65964.5	5230
-38631.7	65964.5	4950
-41706.7	66164.5	4950
-38631.7	66164.5	4950
-38631.7	66164.5	-50
-41706.7	66164.5	5230
-49381.7	66164.5	5230
-49381.7	66164.5	-50
-44781.7	66164.5	2100
-43581.7	66164.5	2100
-43581.7	66164.5	200
-44781.7	66164.5	200
-39381.7	66164.5	3950
-40481.7	66164.5	3950
-40481.7	66164.5	4550
-39381.7	66164.5	4550
-45089.6	66164.5	3717.9
-45097.4	66164.5	3718.58
-45105	66164.5	3720.61
-45112.1	66164.5	3723.93
-45118.5	66164.5	3728.43
-45124.1	66164.5	3733.97
-45128.6	66164.5	3740.4
-45131.9	66164.5	3747.51
-45133.9	66164.5	3755.08
-45134.6	66164.5	3762.9
-45133.9	66164.5	3770.71
-45131.9	66164.5	3778.29
-45128.6	66164.5	3785.4
-45124.1	66164.5	3791.82
-45118.5	66164.5	3797.37
-45112.1	66164.5	3801.87
-45105	66164.5	3805.18
-45097.4	66164.5	3807.21
-45089.6	66164.5	3807.9
-45081.8	66164.5	3807.21
-45074.2	66164.5	3805.18
-45067.1	66164.5	3801.87
-45060.7	66164.5	3797.37
-45055.1	66164.5	3791.82
-45050.6	66164.5	3785.4
-45047.3	66164.5	3778.29
-45045.3	66164.5	3770.71
-45044.6	66164.5	3762.9
-45045.3	66164.5	3755.08
-45047.3	66164.5	3747.51
-45050.6	66164.5	3740.4
-45055.1	66164.5	3733.97
-45060.7	66164.5	3728.43
-45067.1	66164.5	3723.93
-45074.2	66164.5	3720.61
-45081.8	66164.5	3718.58
-43981.4	66164.5	3851.57
-43987.9	66164.5	3852.13
-43994.2	66164.5	3853.83
-44000.1	66164.5	3856.59
-44005.5	66164.5	3860.34
-44010.1	66164.5	3864.96
-44013.9	66164.5	3870.32
-44016.6	66164.5	3876.24
-44018.3	66164.5	3882.55
-44018.9	66164.5	3889.07
-44018.3	66164.5	3895.58
-44016.6	66164.5	3901.89
-44013.9	66164.5	3907.82
-44010.1	66164.5	3913.17
-44005.5	66164.5	3917.79
-44000.1	66164.5	3921.54
-43994.2	66164.5	3924.3
-43987.9	66164.5	3926
-43981.4	66164.5	3926.57
-43974.9	66164.5	3926
-43968.6	66164.5	3924.3
-43962.6	66164.5	3921.54
-43957.3	66164.5	3917.79
-43952.7	66164.5	3913.17
-43948.9	66164.5	3907.82
-43946.2	66164.5	3901.89
-43944.5	66164.5	3895.58
-43943.9	66164.5	3889.07
-43944.5	66164.5	3882.55
-43946.2	66164.5	3876.24
-43948.9	66164.5	3870.32
-43952.7	66164.5	3864.96
-43957.3	66164.5	3860.34
-43962.6	66164.5	3856.59
-43968.6	66164.5	3853.83
-43974.9	66164.5	3852.13
-43393	66164.5	3811.57
-43406.9	66164.5	3812.78
-43420.4	66164.5	3816.39
-43433	66164.5	3822.29
-43444.5	66164.5	3830.29
-43454.3	66164.5	3840.15
-43462.3	66164.5	3851.57
-43468.2	66164.5	3864.21
-43471.8	66164.5	3877.68
-43473	66164.5	3891.57
-43471.8	66164.5	3905.46
-43468.2	66164.5	3918.93
-43462.3	66164.5	3931.57
-43454.3	66164.5	3942.99
-43444.5	66164.5	3952.85
-43433	66164.5	3960.85
-43420.4	66164.5	3966.74
-43406.9	66164.5	3970.35
-43393	66164.5	3971.57
-43379.1	66164.5	3970.35
-43365.7	66164.5	3966.74
-43353	66164.5	3960.85
-43341.6	66164.5	3952.85
-43331.7	66164.5	3942.99
-43323.7	66164.5	3931.57
-43317.9	66164.5	3918.93
-43314.2	66164.5	3905.46
-43313	66164.5	3891.57
-43314.2	66164.5	3877.68
-43317.9	66164.5	3864.21
-43323.7	66164.5	3851.57
-43331.7	66164.5	3840.15
-43341.6	66164.5	3830.29
-43353	66164.5	3822.29
-43365.7	66164.5	3816.39
-43379.1	66164.5	3812.78
-44361.8	66164.5	3692.82
-44375.7	66164.5	3694.04
-44389.1	66164.5	3697.65
-44401.8	66164.5	3703.54
-44413.2	66164.5	3711.54
-44423	66164.5	3721.4
-44431	66164.5	3732.82
-44436.9	66164.5	3745.46
-44440.6	66164.5	3758.93
-44441.8	66164.5	3772.82
-44440.6	66164.5	3786.72
-44436.9	66164.5	3800.19
-44431	66164.5	3812.82
-44423	66164.5	3824.25
-44413.2	66164.5	3834.11
-44401.8	66164.5	3842.11
-44389.1	66164.5	3848
-44375.7	66164.5	3851.61
-44361.8	66164.5	3852.82
-44347.9	66164.5	3851.61
-44334.4	66164.5	3848
-44321.8	66164.5	3842.11
-44310.3	66164.5	3834.11
-44300.5	66164.5	3824.25
-44292.5	66164.5	3812.82
-44286.6	66164.5	3800.19
-44283	66164.5	3786.72
-44281.8	66164.5	3772.82
-44283	66164.5	3758.93
-44286.6	66164.5	3745.46
-44292.5	66164.5	3732.82
-44300.5	66164.5	3721.4
-44310.3	66164.5	3711.54
-44321.8	66164.5	3703.54
-44334.4	66164.5	3697.65
-44347.9	66164.5	3694.04
-46701.7	66164.5	3718.5
-46707.2	66164.5	3718.98
-46712.5	66164.5	3720.4
-46717.5	66164.5	3722.72
-46722	66164.5	3725.87
-46725.9	66164.5	3729.75
-46729	66164.5	3734.25
-46731.3	66164.5	3739.23
-46732.8	66164.5	3744.53
-46733.2	66164.5	3750
-46732.8	66164.5	3755.47
-46731.3	66164.5	3760.77
-46729	66164.5	3765.75
-46725.9	66164.5	3770.25
-46722	66164.5	3774.13
-46717.5	66164.5	3777.28
-46712.5	66164.5	3779.6
-46707.2	66164.5	3781.02
-46701.7	66164.5	3781.5
-46696.3	66164.5	3781.02
-46691	66164.5	3779.6
-46686	66164.5	3777.28
-46681.5	66164.5	3774.13
-46677.6	66164.5	3770.25
-46674.5	66164.5	3765.75
-46672.1	66164.5	3760.77
-46670.7	66164.5	3755.47
-46670.2	66164.5	3750
-46670.7	66164.5	3744.53
-46672.1	66164.5	3739.23
-46674.5	66164.5	3734.25
-46677.6	66164.5	3729.75
-46681.5	66164.5	3725.87
-46686	66164.5	3722.72
-46691	66164.5	3720.4
-46696.3	66164.5	3718.98
-46519.3	66164.5	3718.5
-46524.8	66164.5	3718.98
-46530.1	66164.5	3720.4
-46535.1	66164.5	3722.72
-46539.6	66164.5	3725.87
-46543.4	66164.5	3729.75
-46546.6	66164.5	3734.25
-46548.9	66164.5	3739.23
-46550.3	66164.5	3744.53
-46550.8	66164.5	3750
-46550.3	66164.5	3755.47
-46548.9	66164.5	3760.77
-46546.6	66164.5	3765.75
-46543.4	66164.5	3770.25
-46539.6	66164.5	3774.13
-46535.1	66164.5	3777.28
-46530.1	66164.5	3779.6
-46524.8	66164.5	3781.02
-46519.3	66164.5	3781.5
-46513.8	66164.5	3781.02
-46508.5	66164.5	3779.6
-46503.6	66164.5	3777.28
-46499.1	66164.5	3774.13
-46495.2	66164.5	3770.25
-46492	66164.5	3765.75
-46489.7	66164.5	3760.77
-46488.3	66164.5	3755.47
-46487.8	66164.5	3750
-46488.3	66164.5	3744.53
-46489.7	66164.5	3739.23
-46492	66164.5	3734.25
-46495.2	66164.5	3729.75
-46499.1	66164.5	3725.87
-46503.6	66164.5	3722.72
-46508.5	66164.5	3720.4
-46513.8	66164.5	3718.98
-46361.7	66164.5	3725
-46366.1	66164.5	3725.38
-46370.3	66164.5	3726.51
-46374.2	66164.5	3728.35
-46377.8	66164.5	3730.85
-46380.9	66164.5	3733.93
-46383.4	66164.5	3737.5
-46385.2	66164.5	3741.45
-46386.4	66164.5	3745.66
-46386.7	66164.5	3750
-46386.4	66164.5	3754.34
-46385.2	66164.5	3758.55
-46383.4	66164.5	3762.5
-46380.9	66164.5	3766.07
-46377.8	66164.5	3769.16
-46374.2	66164.5	3771.65
-46370.3	66164.5	3773.5
-46366.1	66164.5	3774.62
-46361.7	66164.5	3775
-46357.4	66164.5	3774.62
-46353.2	66164.5	3773.5
-46349.2	66164.5	3771.65
-46345.7	66164.5	3769.16
-46342.6	66164.5	3766.07
-46340.1	66164.5	3762.5
-46338.2	66164.5	3758.55
-46337.1	66164.5	3754.34
-46336.7	66164.5	3750
-46337.1	66164.5	3745.66
-46338.2	66164.5	3741.45
-46340.1	66164.5	3737.5
-46342.6	66164.5	3733.93
-46345.7	66164.5	3730.85
-46349.2	66164.5	3728.35
-46353.2	66164.5	3726.51
-46357.4	66164.5	3725.38
-43723.1	66164.5	3811.28
-43737	66164.5	3812.5
-43750.5	66164.5	3816.11
-43763.1	66164.5	3822
-43774.5	66164.5	3830
-43784.4	66164.5	3839.86
-43792.4	66164.5	3851.28
-43798.3	66164.5	3863.92
-43801.9	66164.5	3877.39
-43803.1	66164.5	3891.28
-43801.9	66164.5	3905.17
-43798.3	66164.5	3918.64
-43792.4	66164.5	3931.28
-43784.4	66164.5	3942.71
-43774.5	66164.5	3952.57
-43763.1	66164.5	3960.56
-43750.5	66164.5	3966.46
-43737	66164.5	3970.07
-43723.1	66164.5	3971.28
-43709.2	66164.5	3970.07
-43695.7	66164.5	3966.46
-43683.1	66164.5	3960.56
-43671.7	66164.5	3952.57
-43661.8	66164.5	3942.71
-43653.8	66164.5	3931.28
-43647.9	66164.5	3918.64
-43644.3	66164.5	3905.17
-43643.1	66164.5	3891.28
-43644.3	66164.5	3877.39
-43647.9	66164.5	3863.92
-43653.8	66164.5	3851.28
-43661.8	66164.5	3839.86
-43671.7	66164.5	3830
-43683.1	66164.5	3822
-43695.7	66164.5	3816.11
-43709.2	66164.5	3812.5
-44731.2	66164.5	3694.74
-44745.1	66164.5	3695.96
-44758.6	66164.5	3699.57
-44771.2	66164.5	3705.46
-44782.7	66164.5	3713.46
-44792.5	66164.5	3723.32
-44800.5	66164.5	3734.74
-44806.4	66164.5	3747.38
-44810	66164.5	3760.85
-44811.2	66164.5	3774.74
-44810	66164.5	3788.63
-44806.4	66164.5	3802.1
-44800.5	66164.5	3814.74
-44792.5	66164.5	3826.16
-44782.7	66164.5	3836.02
-44771.2	66164.5	3844.02
-44758.6	66164.5	3849.92
-44745.1	66164.5	3853.53
-44731.2	66164.5	3854.74
-44717.3	66164.5	3853.53
-44703.9	66164.5	3849.92
-44691.2	66164.5	3844.02
-44679.8	66164.5	3836.02
-44670	66164.5	3826.16
-44662	66164.5	3814.74
-44656.1	66164.5	3802.1
-44652.5	66164.5	3788.63
-44651.2	66164.5	3774.74
-44652.5	66164.5	3760.85
-44656.1	66164.5	3747.38
-44662	66164.5	3734.74
-44670	66164.5	3723.32
-44679.8	66164.5	3713.46
-44691.2	66164.5	3705.46
-44703.9	66164.5	3699.57
-44717.3	66164.5	3695.96
-49381.7	65964.5	5230
-49381.7	65964.5	-50
-41706.7	65964.5	4950
-43581.7	65964.5	2100
-44781.7	65964.5	2100
-44781.7	65964.5	200
-43581.7	65964.5	200
-40481.7	65964.5	3950
-39381.7	65964.5	3950
-39381.7	65964.5	4550
-40481.7	65964.5	4550
-45097.4	65964.5	3718.58
-45089.6	65964.5	3717.9
-45081.8	65964.5	3718.58
-45074.2	65964.5	3720.61
-45067.1	65964.5	3723.93
-45060.7	65964.5	3728.43
-45055.1	65964.5	3733.97
-45050.6	65964.5	3740.4
-45047.3	65964.5	3747.51
-45045.3	65964.5	3755.08
-45044.6	65964.5	3762.9
-45045.3	65964.5	3770.71
-45047.3	65964.5	3778.29
-45050.6	65964.5	3785.4
-45055.1	65964.5	3791.82
-45060.7	65964.5	3797.37
-45067.1	65964.5	3801.87
-45074.2	65964.5	3805.18
-45081.8	65964.5	3807.21
-45089.6	65964.5	3807.9
-45097.4	65964.5	3807.21
-45105	65964.5	3805.18
-45112.1	65964.5	3801.87
-45118.5	65964.5	3797.37
-45124.1	65964.5	3791.82
-45128.6	65964.5	3785.4
-45131.9	65964.5	3778.29
-45133.9	65964.5	3770.71
-45134.6	65964.5	3762.9
-45133.9	65964.5	3755.08
-45131.9	65964.5	3747.51
-45128.6	65964.5	3740.4
-45124.1	65964.5	3733.97
-45118.5	65964.5	3728.43
-45112.1	65964.5	3723.93
-45105	65964.5	3720.61
-43987.9	65964.5	3852.13
-43981.4	65964.5	3851.57
-43974.9	65964.5	3852.13
-43968.6	65964.5	3853.83
-43962.6	65964.5	3856.59
-43957.3	65964.5	3860.34
-43952.7	65964.5	3864.96
-43948.9	65964.5	3870.32
-43946.2	65964.5	3876.24
-43944.5	65964.5	3882.55
-43943.9	65964.5	3889.07
-43944.5	65964.5	3895.58
-43946.2	65964.5	3901.89
-43948.9	65964.5	3907.82
-43952.7	65964.5	3913.17
-43957.3	65964.5	3917.79
-43962.6	65964.5	3921.54
-43968.6	65964.5	3924.3
-43974.9	65964.5	3926
-43981.4	65964.5	3926.57
-43987.9	65964.5	3926
-43994.2	65964.5	3924.3
-44000.1	65964.5	3921.54
-44005.5	65964.5	3917.79
-44010.1	65964.5	3913.17
-44013.9	65964.5	3907.82
-44016.6	65964.5	3901.89
-44018.3	65964.5	3895.58
-44018.9	65964.5	3889.07
-44018.3	65964.5	3882.55
-44016.6	65964.5	3876.24
-44013.9	65964.5	3870.32
-44010.1	65964.5	3864.96
-44005.5	65964.5	3860.34
-44000.1	65964.5	3856.59
-43994.2	65964.5	3853.83
-43406.9	65964.5	3812.78
-43393	65964.5	3811.57
-43379.1	65964.5	3812.78
-43365.7	65964.5	3816.39
-43353	65964.5	3822.29
-43341.6	65964.5	3830.29
-43331.7	65964.5	3840.15
-43323.7	65964.5	3851.57
-43317.9	65964.5	3864.21
-43314.2	65964.5	3877.68
-43313	65964.5	3891.57
-43314.2	65964.5	3905.46
-43317.9	65964.5	3918.93
-43323.7	65964.5	3931.57
-43331.7	65964.5	3942.99
-43341.6	65964.5	3952.85
-43353	65964.5	3960.85
-43365.7	65964.5	3966.74
-43379.1	65964.5	3970.35
-43393	65964.5	3971.57
-43406.9	65964.5	3970.35
-43420.4	65964.5	3966.74
-43433	65964.5	3960.85
-43444.5	65964.5	3952.85
-43454.3	65964.5	3942.99
-43462.3	65964.5	3931.57
-43468.2	65964.5	3918.93
-43471.8	65964.5	3905.46
-43473	65964.5	3891.57
-43471.8	65964.5	3877.68
-43468.2	65964.5	3864.21
-43462.3	65964.5	3851.57
-43454.3	65964.5	3840.15
-43444.5	65964.5	3830.29
-43433	65964.5	3822.29
-43420.4	65964.5	3816.39
-44375.7	65964.5	3694.04
-44361.8	65964.5	3692.82
-44347.9	65964.5	3694.04
-44334.4	65964.5	3697.65
-44321.8	65964.5	3703.54
-44310.3	65964.5	3711.54
-44300.5	65964.5	3721.4
-44292.5	65964.5	3732.82
-44286.6	65964.5	3745.46
-44283	65964.5	3758.93
-44281.8	65964.5	3772.82
-44283	65964.5	3786.72
-44286.6	65964.5	3800.19
-44292.5	65964.5	3812.82
-44300.5	65964.5	3824.25
-44310.3	65964.5	3834.11
-44321.8	65964.5	3842.11
-44334.4	65964.5	3848
-44347.9	65964.5	3851.61
-44361.8	65964.5	3852.82
-44375.7	65964.5	3851.61
-44389.1	65964.5	3848
-44401.8	65964.5	3842.11
-44413.2	65964.5	3834.11
-44423	65964.5	3824.25
-44431	65964.5	3812.82
-44436.9	65964.5	3800.19
-44440.6	65964.5	3786.72
-44441.8	65964.5	3772.82
-44440.6	65964.5	3758.93
-44436.9	65964.5	3745.46
-44431	65964.5	3732.82
-44423	65964.5	3721.4
-44413.2	65964.5	3711.54
-44401.8	65964.5	3703.54
-44389.1	65964.5	3697.65
-46707.2	65964.5	3718.98
-46701.7	65964.5	3718.5
-46696.3	65964.5	3718.98
-46691	65964.5	3720.4
-46686	65964.5	3722.72
-46681.5	65964.5	3725.87
-46677.6	65964.5	3729.75
-46674.5	65964.5	3734.25
-46672.1	65964.5	3739.23
-46670.7	65964.5	3744.53
-46670.2	65964.5	3750
-46670.7	65964.5	3755.47
-46672.1	65964.5	3760.77
-46674.5	65964.5	3765.75
-46677.6	65964.5	3770.25
-46681.5	65964.5	3774.13
-46686	65964.5	3777.28
-46691	65964.5	3779.6
-46696.3	65964.5	3781.02
-46701.7	65964.5	3781.5
-46707.2	65964.5	3781.02
-46712.5	65964.5	3779.6
-46717.5	65964.5	3777.28
-46722	65964.5	3774.13
-46725.9	65964.5	3770.25
-46729	65964.5	3765.75
-46731.3	65964.5	3760.77
-46732.8	65964.5	3755.47
-46733.2	65964.5	3750
-46732.8	65964.5	3744.53
-46731.3	65964.5	3739.23
-46729	65964.5	3734.25
-46725.9	65964.5	3729.75
-46722	65964.5	3725.87
-46717.5	65964.5	3722.72
-46712.5	65964.5	3720.4
-46524.8	65964.5	3718.98
-46519.3	65964.5	3718.5
-46513.8	65964.5	3718.98
-46508.5	65964.5	3720.4
-46503.6	65964.5	3722.72
-46499.1	65964.5	3725.87
-46495.2	65964.5	3729.75
-46492	65964.5	3734.25
-46489.7	65964.5	3739.23
-46488.3	65964.5	3744.53
-46487.8	65964.5	3750
-46488.3	65964.5	3755.47
-46489.7	65964.5	3760.77
-46492	65964.5	3765.75
-46495.2	65964.5	3770.25
-46499.1	65964.5	3774.13
-46503.6	65964.5	3777.28
-46508.5	65964.5	3779.6
-46513.8	65964.5	3781.02
-46519.3	65964.5	3781.5
-46524.8	65964.5	3781.02
-46530.1	65964.5	3779.6
-46535.1	65964.5	3777.28
-46539.6	65964.5	3774.13
-46543.4	65964.5	3770.25
-46546.6	65964.5	3765.75
-46548.9	65964.5	3760.77
-46550.3	65964.5	3755.47
-46550.8	65964.5	3750
-46550.3	65964.5	3744.53
-46548.9	65964.5	3739.23
-46546.6	65964.5	3734.25
-46543.4	65964.5	3729.75
-46539.6	65964.5	3725.87
-46535.1	65964.5	3722.72
-46530.1	65964.5	3720.4
-46366.1	65964.5	3725.38
-46361.7	65964.5	3725
-46357.4	65964.5	3725.38
-46353.2	65964.5	3726.51
-46349.2	65964.5	3728.35
-46345.7	65964.5	3730.85
-46342.6	65964.5	3733.93
-46340.1	65964.5	3737.5
-46338.2	65964.5	3741.45
-46337.1	65964.5	3745.66
-46336.7	65964.5	3750
-46337.1	65964.5	3754.34
-46338.2	65964.5	3758.55
-46340.1	65964.5	3762.5
-46342.6	65964.5	3766.07
-46345.7	65964.5	3769.16
-46349.2	65964.5	3771.65
-46353.2	65964.5	3773.5
-46357.4	65964.5	3774.62
-46361.7	65964.5	3775
-46366.1	65964.5	3774.62
-46370.3	65964.5	3773.5
-46374.2	65964.5	3771.65
-46377.8	65964.5	3769.16
-46380.9	65964.5	3766.07
-46383.4	65964.5	3762.5
-46385.2	65964.5	3758.55
-46386.4	65964.5	3754.34
-46386.7	65964.5	3750
-46386.4	65964.5	3745.66
-46385.2	65964.5	3741.45
-46383.4	65964.5	3737.5
-46380.9	65964.5	3733.93
-46377.8	65964.5	3730.85
-46374.2	65964.5	3728.35
-46370.3	65964.5	3726.51
-43737	65964.5	3812.5
-43723.1	65964.5	3811.28
-43709.2	65964.5	3812.5
-43695.7	65964.5	3816.11
-43683.1	65964.5	3822
-43671.7	65964.5	3830
-43661.8	65964.5	3839.86
-43653.8	65964.5	3851.28
-43647.9	65964.5	3863.92
-43644.3	65964.5	3877.39
-43643.1	65964.5	3891.28
-43644.3	65964.5	3905.17
-43647.9	65964.5	3918.64
-43653.8	65964.5	3931.28
-43661.8	65964.5	3942.71
-43671.7	65964.5	3952.57
-43683.1	65964.5	3960.56
-43695.7	65964.5	3966.46
-43709.2	65964.5	3970.07
-43723.1	65964.5	3971.28
-43737	65964.5	3970.07
-43750.5	65964.5	3966.46
-43763.1	65964.5	3960.56
-43774.5	65964.5	3952.57
-43784.4	65964.5	3942.71
-43792.4	65964.5	3931.28
-43798.3	65964.5	3918.64
-43801.9	65964.5	3905.17
-43803.1	65964.5	3891.28
-43801.9	65964.5	3877.39
-43798.3	65964.5	3863.92
-43792.4	65964.5	3851.28
-43784.4	65964.5	3839.86
-43774.5	65964.5	3830
-43763.1	65964.5	3822
-43750.5	65964.5	3816.11
-44745.1	65964.5	3695.96
-44731.2	65964.5	3694.74
-44717.3	65964.5	3695.96
-44703.9	65964.5	3699.57
-44691.2	65964.5	3705.46
-44679.8	65964.5	3713.46
-44670	65964.5	3723.32
-44662	65964.5	3734.74
-44656.1	65964.5	3747.38
-44652.5	65964.5	3760.85
-44651.2	65964.5	3774.74
-44652.5	65964.5	3788.63
-44656.1	65964.5	3802.1
-44662	65964.5	3814.74
-44670	65964.5	3826.16
-44679.8	65964.5	3836.02
-44691.2	65964.5	3844.02
-44703.9	65964.5	3849.92
-44717.3	65964.5	3853.53
-44731.2	65964.5	3854.74
-44745.1	65964.5	3853.53
-44758.6	65964.5	3849.92
-44771.2	65964.5	3844.02
-44782.7	65964.5	3836.02
-44792.5	65964.5	3826.16
-44800.5	65964.5	3814.74
-44806.4	65964.5	3802.1
-44810	65964.5	3788.63
-44811.2	65964.5	3774.74
-44810	65964.5	3760.85
-44806.4	65964.5	3747.38
-44800.5	65964.5	3734.74
-44792.5	65964.5	3723.32
-44782.7	65964.5	3713.46
-44771.2	65964.5	3705.46
-44758.6	65964.5	3699.57

#	Triangle	237
2	5	4	0	5	2	3	1	343	6	1	3	345	12	9	346	12	345	348	15	351	14	15	348
7	12	8	12	5	8	12	11	5	11	13	5	13	4	5	7	9	12	10	13	11	7	164	9	164	163	9	163	162	9	162	161	9	161	10	9	161	305	10	305	125	10	125	13	10	305	126	125	160	13	125	305	127	126	159	13	160	161	306	305	340	127	305	161	307	306	339	127	340	339	128	127	158	13	159	161	308	307	338	128	339	338	129	128	157	13	158	161	309	308	337	129	338	337	130	129	156	13	157	161	17	309	17	310	309	336	130	337	161	197	17	197	18	17	52	310	17	161	198	197	232	18	197	196	198	161	232	19	18	51	310	52	196	199	198	231	19	232	195	199	196	195	200	199	230	19	231	194	200	195	230	20	19	50	310	51	336	131	130	155	13	156	194	201	200	229	233	230	233	20	230	7	165	164	193	201	194	50	311	310	335	131	336	233	21	20	49	311	50	229	234	233	268	21	233	229	235	234	267	21	268	193	202	201	228	235	229	7	166	165	192	202	193	228	236	235	266	21	267	228	237	236	265	21	266	265	22	21	48	311	49	192	203	202	227	237	228	7	167	166	191	203	192	227	238	237	264	22	265	335	132	131	154	13	155	227	239	238	263	22	264	263	23	22	47	311	48	191	204	203	226	239	227	7	168	167	190	204	191	47	312	311	334	132	335	226	240	239	262	23	263	190	205	204	225	240	226	7	169	168	189	205	190	262	24	23	46	312	47	225	241	240	261	24	262	189	206	205	224	241	225	7	170	169	188	206	189	334	133	132	153	13	154	224	242	241	260	24	261	46	313	312	333	133	334	260	25	24	45	313	46	188	207	206	223	242	224	7	171	170	187	207	188	223	243	242	259	25	260	223	244	243	258	25	259	258	26	25	44	313	45	187	208	207	222	244	223	7	172	171	186	208	187	222	245	244	257	26	258	333	134	133	152	13	153	186	209	208	221	245	222	7	173	172	185	209	186	44	314	313	332	134	333	221	246	245	256	26	257	256	27	26	43	314	44	185	210	209	220	246	221	7	174	173	184	210	185	220	247	246	255	27	256	220	248	247	254	27	255	184	211	210	219	248	220	7	175	174	183	211	184	254	28	27	42	314	43	219	249	248	253	28	254	332	135	134	151	89	152	89	13	152	219	250	249	252	28	253	183	212	211	218	250	219	7	176	175	182	212	183	218	251	250	251	28	252	42	315	314	331	135	332	218	28	251	182	213	212	217	28	218	7	177	176	181	213	182	217	29	28	41	315	42	181	214	213	216	29	217	7	178	177	180	214	181	180	215	214	215	29	216	7	179	178	179	215	180	179	29	215	7	29	179	7	30	29	40	315	41	331	136	135	150	89	151	40	316	315	330	136	331	7	31	30	39	316	40	7	32	31	38	316	39	330	137	136	149	269	150	269	89	150	7	33	32	37	316	38	37	317	316	329	137	330	7	34	33	36	317	37	7	35	34	35	317	36	7	317	35	149	270	269	304	89	269	304	90	89	124	13	89	149	271	270	303	90	304	303	91	90	123	13	124	329	138	137	148	271	149	7	318	317	328	138	329	148	272	271	302	91	303	302	92	91	122	13	123	148	273	272	301	92	302	301	93	92	121	13	122	328	139	138	147	273	148	7	319	318	327	139	328	147	274	273	300	93	301	300	94	93	120	13	121	327	140	139	146	274	147	7	320	319	326	140	327	146	275	274	299	94	300	299	95	94	119	13	120	326	141	140	145	275	146	7	321	320	325	141	326	325	142	141	144	275	145	7	322	321	324	142	325	144	53	275	53	276	275	298	95	299	144	54	53	88	276	53	298	96	95	118	13	119	324	143	142	143	54	144	143	55	54	87	276	88	324	55	143	7	323	322	323	55	324	323	56	55	86	276	87	7	56	323	7	57	56	85	276	86	7	58	57	84	276	85	84	277	276	297	96	298	297	97	96	117	13	118	7	59	58	83	277	84	7	60	59	82	277	83	7	61	60	81	277	82	81	278	277	296	97	297	296	98	97	116	13	117	7	62	61	80	278	81	7	63	62	79	278	80	79	279	278	295	98	296	295	99	98	115	13	116	7	64	63	78	279	79	7	65	64	77	279	78	77	280	279	294	99	295	294	100	99	114	13	115	7	66	65	76	280	77	7	67	66	75	280	76	7	68	67	74	280	75	74	281	280	293	100	294	293	101	100	113	13	114	7	69	68	73	281	74	7	70	69	72	281	73	7	71	70	71	281	72	7	281	71	7	282	281	292	101	293	292	102	101	112	13	113	7	283	282	291	102	292	291	103	102	111	14	112	14	13	112	111	15	14	16	4	13	7	284	283	290	103	291	290	104	103	110	15	111	7	285	284	289	104	290	289	105	104	109	15	110	7	286	285	288	105	289	288	106	105	108	15	109	7	287	286	287	106	288	287	107	106	107	15	108	7	107	287	7	15	107	7	16	15	7	3	16	3	4	16	7	6	3
8	341	7	342	341	8	347	10	11	344	10	347	350	13	349	16	13	350
2	349	0	349	347	0	347	342	0	347	346	342	346	341	342	349	344	347	345	341	346	349	345	344	349	461	345	461	460	345	460	641	345	641	640	345	640	675	345	675	353	345	353	533	345	533	497	345	497	496	345	496	531	345	531	530	345	530	341	345	349	462	461	349	463	462	495	641	460	495	642	641	495	643	642	349	464	463	494	643	495	494	644	643	674	353	675	349	465	464	493	644	494	493	645	644	673	353	674	349	466	465	492	645	493	492	646	645	672	353	673	672	354	353	352	533	353	352	534	533	532	497	533	532	498	497	672	355	354	387	534	352	387	535	534	567	498	532	567	499	498	387	536	535	566	499	567	566	500	499	672	356	355	386	536	387	349	467	466	491	646	492	386	569	536	569	537	536	565	500	566	565	501	500	529	341	530	491	647	646	671	356	672	671	357	356	385	569	386	385	570	569	568	537	569	385	571	570	603	537	568	603	538	537	564	501	565	564	502	501	528	341	529	385	572	571	602	538	603	385	573	572	601	538	602	671	358	357	384	573	385	601	539	538	563	502	564	563	503	502	527	341	528	384	574	573	600	539	601	349	468	467	490	647	491	384	575	574	599	539	600	671	359	358	383	575	384	599	540	539	562	503	563	562	504	503	526	341	527	490	648	647	670	359	671	383	576	575	598	540	599	598	541	540	561	504	562	561	505	504	525	341	526	670	360	359	382	576	383	382	577	576	597	541	598	597	542	541	560	505	561	560	506	505	524	341	525	349	469	468	489	648	490	382	578	577	596	542	597	489	649	648	669	360	670	669	361	360	381	578	382	596	543	542	559	506	560	559	507	506	523	341	524	381	579	578	595	543	596	381	580	579	594	543	595	669	362	361	380	580	381	594	544	543	558	507	559	558	508	507	522	341	523	380	581	580	593	544	594	349	470	469	488	649	489	593	545	544	557	508	558	557	509	508	521	341	522	488	650	649	668	362	669	380	582	581	592	545	593	668	363	362	379	582	380	592	546	545	556	509	557	556	510	509	520	341	521	379	583	582	591	546	592	379	584	583	590	546	591	590	547	546	555	510	556	555	511	510	519	341	520	668	364	363	378	584	379	378	585	584	589	547	590	349	425	470	425	471	470	487	650	488	378	586	585	588	547	589	588	548	547	554	511	555	554	512	511	518	341	519	378	587	586	587	548	588	487	651	650	667	364	668	378	548	587	378	549	548	553	512	554	553	513	512	517	341	518	667	365	364	377	549	378	377	550	549	552	513	553	552	514	513	516	341	517	377	551	550	551	514	552	551	515	514	515	341	516	377	515	551	377	341	515	667	366	365	376	341	377	425	472	471	486	651	487	486	652	651	666	366	667	666	367	366	375	341	376	666	368	367	374	341	375	425	605	472	605	473	472	485	652	486	666	369	368	373	341	374	485	653	652	665	369	666	665	370	369	372	341	373	665	371	370	371	341	372	665	341	371	425	606	605	604	473	605	349	426	425	424	606	425	424	607	606	639	473	604	349	427	426	459	607	424	639	474	473	484	653	485	484	654	653	664	341	665	459	608	607	638	474	639	349	428	427	458	608	459	458	609	608	637	474	638	349	429	428	457	609	458	637	475	474	483	654	484	483	655	654	663	341	664	457	610	609	636	475	637	349	430	429	456	610	457	636	476	475	482	655	483	482	656	655	662	341	663	456	611	610	635	476	636	349	431	430	455	611	456	635	477	476	481	656	482	481	657	656	661	341	662	635	478	477	480	657	481	480	658	657	660	341	661	455	612	611	634	389	635	389	478	635	634	390	389	388	478	389	349	432	431	454	612	455	388	479	478	479	658	480	634	391	390	423	479	388	423	658	479	423	659	658	659	341	660	634	392	391	422	659	423	422	341	659	634	393	392	421	341	422	634	394	393	420	341	421	454	613	612	633	394	634	349	433	432	453	613	454	633	395	394	419	341	420	633	396	395	418	341	419	633	397	396	417	341	418	453	614	613	632	397	633	349	434	433	452	614	453	632	398	397	416	341	417	632	399	398	415	341	416	452	615	614	631	399	632	349	435	434	451	615	452	631	400	399	414	341	415	631	401	400	413	341	414	451	616	615	630	401	631	349	436	435	450	616	451	630	402	401	412	341	413	630	403	402	411	341	412	630	404	403	410	341	411	450	617	616	629	404	630	349	437	436	449	617	450	629	405	404	409	341	410	629	406	405	408	341	409	629	407	406	407	341	408	629	341	407	449	618	617	628	341	629	349	438	437	448	618	449	448	619	618	627	341	628	349	348	438	348	439	438	447	619	448	2	350	349	351	439	348	447	620	619	626	341	627	351	440	439	446	620	447	446	621	620	625	341	626	351	441	440	445	621	446	445	622	621	624	341	625	351	442	441	444	622	445	444	623	622	623	341	624	351	443	442	443	623	444	443	341	623	351	341	443	2	351	350	2	343	351	343	341	351	1	341	343
0	8	5	342	8	0	344	9	10	345	9	344	351	16	350	15	16	351
6	341	1	7	341	6	343	4	3	2	4	343	346	11	12	347	11	346	349	14	348	13	14	349
353	18	352	17	18	353
352	19	387	18	19	352
387	20	386	19	20	387
386	21	385	20	21	386
385	22	384	21	22	385
384	23	383	22	23	384
383	24	382	23	24	383
382	25	381	24	25	382
381	26	380	25	26	381
380	27	379	26	27	380
379	28	378	27	28	379
378	29	377	28	29	378
377	30	376	29	30	377
376	31	375	30	31	376
375	32	374	31	32	375
374	33	373	32	33	374
373	34	372	33	34	373
372	35	371	34	35	372
371	36	370	35	36	371
370	37	369	36	37	370
369	38	368	37	38	369
368	39	367	38	39	368
367	40	366	39	40	367
366	41	365	40	41	366
365	42	364	41	42	365
364	43	363	42	43	364
363	44	362	43	44	363
362	45	361	44	45	362
361	46	360	45	46	361
360	47	359	46	47	360
359	48	358	47	48	359
358	49	357	48	49	358
357	50	356	49	50	357
356	51	355	50	51	356
355	52	354	51	52	355
354	17	353	52	17	354	534	197	533	232	197	534
389	54	388	53	54	389
388	55	423	54	55	388
423	56	422	55	56	423
422	57	421	56	57	422
421	58	420	57	58	421
420	59	419	58	59	420
419	60	418	59	60	419
418	61	417	60	61	418
417	62	416	61	62	417
416	63	415	62	63	416
415	64	414	63	64	415
414	65	413	64	65	414
413	66	412	65	66	413
412	67	411	66	67	412
411	68	410	67	68	411
410	69	409	68	69	410
409	70	408	69	70	409
408	71	407	70	71	408
407	72	406	71	72	407
406	73	405	72	73	406
405	74	404	73	74	405
404	75	403	74	75	404	584	255	583	254	255	584
403	76	402	75	76	403
402	77	401	76	77	402
401	78	400	77	78	401
400	79	399	78	79	400
399	80	398	79	80	399
398	81	397	80	81	398
397	82	396	81	82	397
396	83	395	82	83	396
395	84	394	83	84	395
394	85	393	84	85	394
393	86	392	85	86	393	573	266	572	265	266	573
392	87	391	86	87	392
391	88	390	87	88	391
390	53	389	88	53	390
425	90	424	89	90	425	461	126	460	125	126	461	605	270	604	269	270	605	641	306	640	305	306	641
424	91	459	90	91	424	460	127	495	126	127	460	640	307	675	306	307	640
459	92	458	91	92	459	495	128	494	127	128	495	639	272	638	271	272	639
458	93	457	92	93	458	494	129	493	128	129	494	638	273	637	272	273	638
457	94	456	93	94	457	493	130	492	129	130	493	637	274	636	273	274	637	673	310	672	309	310	673
456	95	455	94	95	456	492	131	491	130	131	492	672	311	671	310	311	672
455	96	454	95	96	455	491	132	490	131	132	491
454	97	453	96	97	454
453	98	452	97	98	453
452	99	451	98	99	452
451	100	450	99	100	451
450	101	449	100	101	450	486	137	485	136	137	486	630	281	629	280	281	630	666	317	665	316	317	666
449	102	448	101	102	449	485	138	484	137	138	485
448	103	447	102	103	448	484	139	483	138	139	484	628	283	627	282	283	628
447	104	446	103	104	447	483	140	482	139	140	483	663	320	662	319	320	663
446	105	445	104	105	446	482	141	481	140	141	482	662	321	661	320	321	662
445	106	444	105	106	445	481	142	480	141	142	481	625	286	624	285	286	625
444	107	443	106	107	444	480	143	479	142	143	480
443	108	442	107	108	443	479	144	478	143	144	479
442	109	441	108	109	442	478	145	477	144	145	478
441	110	440	109	110	441	477	146	476	145	146	477	657	326	656	325	326	657
440	111	439	110	111	440	476	147	475	146	147	476	656	327	655	326	327	656
439	112	438	111	112	439	475	148	474	147	148	475
438	113	437	112	113	438	474	149	473	148	149	474
437	114	436	113	114	437	473	150	472	149	150	473
436	115	435	114	115	436	472	151	471	150	151	472	616	295	615	294	295	616	652	331	651	330	331	652
435	116	434	115	116	435	471	152	470	151	152	471	615	296	614	295	296	615	651	332	650	331	332	651
434	117	433	116	117	434	470	153	469	152	153	470	614	297	613	296	297	614	650	333	649	332	333	650
433	118	432	117	118	433	469	154	468	153	154	469
432	119	431	118	119	432	468	155	467	154	155	468
431	120	430	119	120	431	467	156	466	155	156	467
430	121	429	120	121	430	466	157	465	156	157	466	646	337	645	336	337	646
429	122	428	121	122	429	465	158	464	157	158	465
428	123	427	122	123	428	464	159	463	158	159	464	608	303	607	302	303	608
427	124	426	123	124	427	463	160	462	159	160	463	643	340	642	339	340	643
426	89	425	124	89	426	462	125	461	160	125	462	642	305	641	340	305	642
490	133	489	132	133	490
489	134	488	133	134	489	633	278	632	277	278	633	669	314	668	313	314	669
488	135	487	134	135	488	632	279	631	278	279	632	668	315	667	314	315	668
487	136	486	135	136	487	631	280	630	279	280	631	667	316	666	315	316	667
497	162	496	161	162	497
496	163	531	162	163	496	532	199	567	198	199	532
531	164	530	163	164	531
530	165	529	164	165	530
529	166	528	165	166	529
528	167	527	166	167	528	564	203	563	202	203	564
527	168	526	167	168	527	563	204	562	203	204	563
526	169	525	168	169	526	562	205	561	204	205	562
525	170	524	169	170	525
524	171	523	170	171	524
523	172	522	171	172	523	559	208	558	207	208	559
522	173	521	172	173	522
521	174	520	173	174	521	557	210	556	209	210	557
520	175	519	174	175	520	556	211	555	210	211	556
519	176	518	175	176	519
518	177	517	176	177	518
517	178	516	177	178	517	553	214	552	213	214	553
516	179	515	178	179	516
515	180	514	179	180	515
514	181	513	180	181	514
513	182	512	181	182	513
512	183	511	182	183	512
511	184	510	183	184	511	547	220	546	219	220	547
510	185	509	184	185	510	546	221	545	220	221	546	618	293	617	292	293	618	654	329	653	328	329	654
509	186	508	185	186	509
508	187	507	186	187	508	544	223	543	222	223	544
507	188	506	187	188	507
506	189	505	188	189	506
505	190	504	189	190	505	541	226	540	225	226	541
504	191	503	190	191	504	540	227	539	226	227	540
503	192	502	191	192	503	539	228	538	227	228	539	647	336	646	335	336	647
502	193	501	192	193	502
501	194	500	193	194	501
500	195	499	194	195	500	536	231	535	230	231	536
499	196	498	195	196	499
498	161	497	196	161	498
533	198	532	197	198	533
567	200	566	199	200	567
566	201	565	200	201	566
565	202	564	201	202	565
561	206	560	205	206	561
560	207	559	206	207	560
558	209	557	208	209	558
555	212	554	211	212	555
554	213	553	212	213	554
552	215	551	214	215	552
551	216	550	215	216	551
550	217	549	216	217	550
549	218	548	217	218	549
548	219	547	218	219	548
545	222	544	221	222	545
543	224	542	223	224	543
542	225	541	224	225	542
538	229	537	228	229	538
537	230	536	229	230	537
535	232	534	231	232	535	607	304	606	303	304	607
569	234	568	233	234	569
568	235	603	234	235	568
603	236	602	235	236	603
602	237	601	236	237	602
601	238	600	237	238	601
600	239	599	238	239	600
599	240	598	239	240	599
598	241	597	240	241	598
597	242	596	241	242	597
596	243	595	242	243	596
595	244	594	243	244	595
594	245	593	244	245	594
593	246	592	245	246	593
592	247	591	246	247	592
591	248	590	247	248	591
590	249	589	248	249	590
589	250	588	249	250	589
588	251	587	250	251	588
587	252	586	251	252	587
586	253	585	252	253	586
585	254	584	253	254	585
583	256	582	255	256	583
582	257	581	256	257	582
581	258	580	257	258	581
580	259	579	258	259	580
579	260	578	259	260	579
578	261	577	260	261	578
577	262	576	261	262	577
576	263	575	262	263	576
575	264	574	263	264	575
574	265	573	264	265	574
572	267	571	266	267	572
571	268	570	267	268	571
570	233	569	268	233	570
604	271	639	270	271	604
636	275	635	274	275	636
635	276	634	275	276	635	671	312	670	311	312	671
634	277	633	276	277	634	670	313	669	312	313	670
629	282	628	281	282	629	665	318	664	317	318	665
627	284	626	283	284	627
626	285	625	284	285	626
624	287	623	286	287	624	660	323	659	322	323	660
623	288	622	287	288	623
622	289	621	288	289	622
621	290	620	289	290	621
620	291	619	290	291	620
619	292	618	291	292	619
617	294	616	293	294	617	653	330	652	329	330	653
613	298	612	297	298	613	649	334	648	333	334	649
612	299	611	298	299	612	648	335	647	334	335	648
611	300	610	299	300	611
610	301	609	300	301	610
609	302	608	301	302	609
606	269	605	304	269	606
675	308	674	307	308	675
674	309	673	308	309	674
664	319	663	318	319	664
661	322	660	321	322	661
659	324	658	323	324	659
658	325	657	324	325	658
655	328	654	327	328	655
645	338	644	337	338	645
644	339	643	338	339	644

#	Normal	237
-1	-0	-0
0	-1	0
1	0	0
0	1	-0
0	0	1
0	0	-1
-0.0871237	0	-0.996197
-0.258881	0	-0.965909
-0.422621	0	-0.906306
-0.573546	0	-0.819173
-0.707091	0	-0.707122
-0.819105	0	-0.573644
-0.906426	0	-0.422364
-0.965893	0	-0.258941
-0.996195	0	-0.087148
-0.996195	0	0.0871507
-0.965893	0	0.258941
-0.906432	0	0.422352
-0.819094	0	0.573659
-0.707091	0	0.707122
-0.573546	0	0.819173
-0.422621	0	0.906306
-0.258881	0	0.965909
-0.0871546	0	0.996195
0.0871978	-0	0.996191
0.258757	-0	0.965942
0.422621	-0	0.906306
0.573546	-0	0.819173
0.707091	-0	0.707122
0.819328	-0	0.573324
0.906241	-0	0.422761
0.965893	-0	0.258941
0.996195	-0	0.0871507
0.996195	0	-0.087148
0.965893	0	-0.258941
0.906236	0	-0.422773
0.819339	0	-0.57331
0.707091	0	-0.707122
0.573546	0	-0.819173
0.422621	0	-0.906306
0.258757	0	-0.965942
0.087167	0	-0.996194
-0.0871373	0	-0.996196
-0.258885	0	-0.965908
-0.42252	0	-0.906354
-0.573788	0	-0.819004
-0.706901	0	-0.707312
-0.819099	0	-0.573653
-0.906357	0	-0.422513
-0.965939	0	-0.258769
-0.996187	0	-0.0872452
-0.996187	0	0.0872485
-0.965942	0	0.25876
-0.906357	0	0.422513
-0.819099	0	0.573653
-0.706883	0	0.707331
-0.573788	0	0.819004
-0.42255	0	0.90634
-0.258851	0	0.965917
-0.0871744	0	0.996193
0.0871744	-0	0.996193
0.258701	-0	0.965957
0.422779	-0	0.906233
0.573507	-0	0.8192
0.707181	-0	0.707032
0.819099	-0	0.573653
0.906357	-0	0.422513
0.965942	-0	0.25876
0.996187	-0	0.0872485
0.996187	0	-0.0872452
0.965939	0	-0.258769
0.906357	0	-0.422513
0.819099	0	-0.573653
0.7072	0	-0.707013
0.573507	0	-0.8192
0.422748	0	-0.906247
0.258736	0	-0.965948
0.0871373	0	-0.996196
-0.08716	0	-0.996194
-0.258832	0	-0.965922
-0.422553	0	-0.906338
-0.573617	0	-0.819123
-0.707151	0	-0.707063
-0.819103	0	-0.573647
-0.906273	0	-0.422692
-0.965994	0	-0.258565
-0.996174	0	-0.0873956
-0.996174	0	0.0873956
-0.965993	0	0.258569
-0.906277	0	0.422685
-0.819097	0	0.573655
-0.707151	0	0.707063
-0.573617	0	0.819123
-0.422553	0	0.906338
-0.258832	0	0.965922
-0.0871774	0	0.996193
0.0871531	-0	0.996195
0.258832	-0	0.965922
0.42266	-0	0.906288
0.573486	-0	0.819215
0.707151	-0	0.707063
0.819097	-0	0.573655
0.906384	-0	0.422455
0.965923	-0	0.258831
0.996198	-0	0.0871176
0.996198	0	-0.0871176
0.965924	0	-0.258826
0.906381	0	-0.422462
0.819103	0	-0.573647
0.707151	0	-0.707063
0.573486	0	-0.819215
0.42266	0	-0.906288
0.258832	0	-0.965922
0.0871357	0	-0.996196
-0.965924	0	-0.258826
-0.996198	0	-0.0871176
-0.996198	0	0.0871176
-0.965923	0	0.258831
-0.087167	0	-0.996194
-0.258778	0	-0.965937
-0.42261	0	-0.906311
-0.573725	0	-0.819048
-0.707085	0	-0.707129
-0.819234	0	-0.573459
-0.906321	0	-0.422591
-0.965892	0	-0.258946
-0.996164	0	-0.0875006
-0.996164	0	0.0875006
-0.965892	0	0.258946
-0.906321	0	0.422591
-0.819234	0	0.573459
-0.707085	0	0.707129
-0.573725	0	0.819048
-0.42261	0	0.906311
-0.258778	0	0.965937
-0.087167	0	0.996194
0.0871052	-0	0.996199
0.258955	-0	0.965889
0.42261	-0	0.906311
0.573391	-0	0.819282
0.707085	-0	0.707129
0.819234	-0	0.573459
0.906321	-0	0.422591
0.965892	-0	0.258946
0.996226	-0	0.0867946
0.996226	0	-0.0867946
0.965892	0	-0.258946
0.906321	0	-0.422591
0.819234	0	-0.573459
0.707085	0	-0.707129
0.573391	0	-0.819282
0.42261	0	-0.906311
0.258955	0	-0.965889
0.0871052	0	-0.996199
-0.0871052	0	-0.996199
-0.422883	0	-0.906184
-0.573361	0	-0.819303
-0.707107	0	-0.707107
-0.996226	0	-0.0867946
-0.996226	0	0.0867985
-0.906328	0	0.422574
-0.573391	0	0.819282
-0.422846	0	0.906201
-0.0871493	0	0.996195
0.0872111	-0	0.99619
0.258778	-0	0.965937
0.422574	-0	0.906328
0.573725	-0	0.819048
0.906328	-0	0.422574
0.996164	-0	0.0875045
0.996164	0	-0.0875006
0.707107	0	-0.707107
0.573695	0	-0.819069
0.258778	0	-0.965937
-0.0871447	0	-0.996196
-0.258736	0	-0.965948
-0.422665	0	-0.906286
-0.573507	0	-0.8192
-0.707471	0	-0.706742
-0.819111	0	-0.573635
-0.906124	0	-0.423011
-0.96609	0	-0.258207
-0.996135	0	-0.0878382
-0.996134	0	0.0878431
-0.96609	0	0.258207
-0.906134	0	0.42299
-0.819092	0	0.573662
-0.707499	0	0.706714
-0.573507	0	0.8192
-0.422619	0	0.906308
-0.258736	0	0.965948
-0.0872003	0	0.996191
0.0871225	-0	0.996198
0.25896	-0	0.965888
0.422619	-0	0.906308
0.707051	-0	0.707163
0.819092	-0	0.573662
0.906478	-0	0.422253
0.965866	-0	0.259043
0.996212	-0	0.0869536
0.996213	0	-0.0869487
0.965866	0	-0.259043
0.906468	0	-0.422275
0.819111	0	-0.573635
0.707023	0	-0.707191
0.422665	0	-0.906286
0.25896	0	-0.965888
0.0870669	0	-0.996202
-0.258848	0	-0.965918
-0.819097	0	-0.573655
-0.906277	0	-0.422685
-0.965923	0	-0.258831
-0.819103	0	0.573647
-0.573606	0	0.819132
-0.422567	0	0.906332
-0.08716	0	0.996194
0.08716	-0	0.996194
0.258762	-0	0.965941
0.422675	-0	0.906282
0.573606	-0	0.819132
0.70701	-0	0.707203
0.906277	-0	0.422685
0.965923	0	-0.258831
0.906277	0	-0.422685
0.819229	0	-0.573467
0.70701	0	-0.707203
0.573617	0	-0.819123
0.08716	0	-0.996194
-0.422567	0	-0.906332
-0.573606	0	-0.819132
-0.707142	0	0.707072
-0.258848	0	0.965918
0.0871357	-0	0.996196
0.258848	-0	0.965918
0.707142	-0	0.707072
0.573474	0	-0.819224
0.422675	0	-0.906282

#	Mesh	0	End

