#	Mesh	0	Begin

#	Vertex	32
-40661.7	70469.1	-50
-40661.7	70469.1	5230
-40661.7	70619.1	5230
-40661.7	70619.1	-50
-45841.7	70619.1	5230
-40736.7	70619.1	2570
-41211.7	70619.1	2570
-41211.7	70619.1	5230
-45691.7	70619.1	2700
-45766.7	70619.1	2700
-45766.7	70619.1	5230
-45841.7	70619.1	-50
-45841.7	70619.1	2100
-45691.7	70614.5	2100
-45691.7	70619.1	2100
-45691.7	70614.5	1.00044e-011
-45691.7	70619.1	1.00044e-011
-45841.7	70614.5	1.00044e-011
-45841.7	70619.1	1.00044e-011
-45841.7	70614.5	2100
-45841.7	70469.1	5230
-45841.7	70469.1	-50
-41211.7	70469.1	2570
-40736.7	70469.1	2570
-40736.7	70469.1	5230
-45766.7	70469.1	2700
-45691.7	70469.1	2700
-45691.7	70469.1	5230
-41211.7	70469.1	5230
-45691.7	70619.1	5230
-40736.7	70619.1	5230
-45766.7	70469.1	5230

#	Triangle	6
0	2	1	3	2	0	6	28	22	7	28	6	9	31	25	10	31	9
18	3	11	18	16	3	16	6	3	6	5	3	5	2	3	14	6	16	4	9	12	9	14	12	9	6	14	9	8	6	8	7	6	30	2	5	4	10	9	29	7	8	13	17	19	15	17	13
20	17	21	17	11	21	17	18	11	20	19	17	20	12	19	20	4	12	13	16	15	14	16	13	30	23	24	5	23	30	29	26	27	8	26	29
1	23	0	23	21	0	23	22	21	22	26	21	26	25	21	25	20	21	1	24	23	28	26	22	28	27	26	31	20	25
0	11	3	21	11	0	19	14	13	12	14	19
7	27	28	29	27	7	24	2	30	1	2	24	10	20	31	4	20	10	15	18	17	16	18	15	5	22	23	6	22	5	8	25	26	9	25	8

#	Normal	6
-1	0	0
0	-1	0
1	0	0
0	1	-0
0	0	1
0	0	-1

#	Mesh	0	End

