#	Mesh	0	Begin

#	Vertex	232
-99004.7	44009.9	-50
-99004.7	44009.9	5230
-98898.7	44116	5230
-98898.7	44116	-50
-102534	47749.9	5230
-102534	47749.9	-50
-99450.5	44667.5	4041.28
-99460.9	44678	4042.57
-99471	44688.1	4046.41
-99480.5	44697.6	4052.67
-99489.1	44706.1	4061.17
-99496.5	44713.6	4071.65
-99502.5	44719.6	4083.78
-99507	44724	4097.21
-99509.7	44726.7	4111.52
-99510.6	44727.6	4126.28
-99509.7	44726.7	4141.04
-99507	44724	4155.35
-99502.5	44719.6	4168.78
-99496.5	44713.6	4180.92
-99489.1	44706.1	4191.4
-99480.5	44697.6	4199.89
-99471	44688.1	4206.16
-99460.9	44678	4209.99
-99450.5	44667.5	4211.28
-99440	44657.1	4209.99
-99429.9	44647	4206.16
-99420.4	44637.5	4199.89
-99411.8	44628.9	4191.4
-99404.4	44621.5	4180.92
-99398.4	44615.5	4168.78
-99394	44611.1	4155.35
-99391.3	44608.3	4141.04
-99390.4	44607.4	4126.28
-99391.3	44608.3	4111.52
-99394	44611.1	4097.21
-99398.4	44615.5	4083.78
-99404.4	44621.5	4071.65
-99411.8	44628.9	4061.17
-99420.4	44637.5	4052.67
-99429.9	44647	4046.41
-99440	44657.1	4042.57
-99270.2	44487.3	3974.87
-99280.6	44497.7	3976.16
-99290.7	44507.9	3979.99
-99300.2	44517.3	3986.25
-99308.8	44525.9	3994.75
-99316.2	44533.3	4005.23
-99322.2	44539.3	4017.37
-99326.7	44543.8	4030.79
-99329.4	44546.5	4045.11
-99330.3	44547.4	4059.87
-99329.4	44546.5	4074.63
-99326.7	44543.8	4088.94
-99322.2	44539.3	4102.37
-99316.2	44533.3	4114.5
-99308.8	44525.9	4124.98
-99300.2	44517.3	4133.48
-99290.7	44507.9	4139.74
-99280.6	44497.7	4143.57
-99270.2	44487.3	4144.87
-99259.7	44476.9	4143.57
-99249.6	44466.7	4139.74
-99240.1	44457.3	4133.48
-99231.5	44448.7	4124.98
-99224.1	44441.3	4114.5
-99218.1	44435.3	4102.37
-99213.7	44430.8	4088.94
-99211	44428.1	4074.63
-99210	44427.2	4059.87
-99211	44428.1	4045.11
-99213.7	44430.8	4030.79
-99218.1	44435.3	4017.37
-99224.1	44441.3	4005.23
-99231.5	44448.7	3994.75
-99240.1	44457.3	3986.25
-99249.6	44466.7	3979.99
-99259.7	44476.9	3976.16
-99640.5	44857.4	4085.28
-99644.3	44861.3	4085.76
-99648.1	44865	4087.18
-99651.6	44868.6	4089.5
-99654.8	44871.7	4092.65
-99657.5	44874.5	4096.53
-99659.8	44876.7	4101.03
-99661.4	44878.4	4106.01
-99662.4	44879.4	4111.31
-99662.8	44879.7	4116.78
-99662.4	44879.4	4122.25
-99661.4	44878.4	4127.55
-99659.8	44876.7	4132.53
-99657.5	44874.5	4137.03
-99654.8	44871.7	4140.91
-99651.6	44868.6	4144.06
-99648.1	44865	4146.38
-99644.3	44861.3	4147.8
-99640.5	44857.4	4148.28
-99636.6	44853.6	4147.8
-99632.8	44849.8	4146.38
-99629.3	44846.3	4144.06
-99626.1	44843.1	4140.91
-99623.4	44840.4	4137.03
-99621.2	44838.1	4132.53
-99619.5	44836.5	4127.55
-99618.5	44835.5	4122.25
-99618.2	44835.2	4116.78
-99618.5	44835.5	4111.31
-99619.5	44836.5	4106.01
-99621.2	44838.1	4101.03
-99623.4	44840.4	4096.53
-99626.1	44843.1	4092.65
-99629.3	44846.3	4089.5
-99632.8	44849.8	4087.18
-99636.6	44853.6	4085.76
-102640	47643.8	5230
-102640	47643.8	-50
-102004	47180.6	1900
-102091	47094.3	1900
-102499	47675.6	1900
-102586	47589.2	1900
-102499	47675.6	100
-102586	47589.2	100
-102004	47180.6	100
-102091	47094.3	100
-99566.9	44571.8	4042.57
-99556.5	44561.4	4041.28
-99546	44551	4042.57
-99535.9	44540.9	4046.41
-99526.4	44531.4	4052.67
-99517.8	44522.8	4061.17
-99510.4	44515.4	4071.65
-99504.4	44509.4	4083.78
-99500	44504.9	4097.21
-99497.3	44502.2	4111.52
-99496.4	44501.3	4126.28
-99497.3	44502.2	4141.04
-99500	44504.9	4155.35
-99504.4	44509.4	4168.78
-99510.4	44515.4	4180.92
-99517.8	44522.8	4191.4
-99526.4	44531.4	4199.89
-99535.9	44540.9	4206.16
-99546	44551	4209.99
-99556.5	44561.4	4211.28
-99566.9	44571.8	4209.99
-99577	44582	4206.16
-99586.5	44591.5	4199.89
-99595.1	44600	4191.4
-99602.5	44607.4	4180.92
-99608.6	44613.4	4168.78
-99613	44617.9	4155.35
-99615.7	44620.6	4141.04
-99616.6	44621.5	4126.28
-99615.7	44620.6	4111.52
-99613	44617.9	4097.21
-99608.6	44613.4	4083.78
-99602.5	44607.4	4071.65
-99595.1	44600	4061.17
-99586.5	44591.5	4052.67
-99577	44582	4046.41
-99386.6	44391.6	3976.16
-99376.2	44381.2	3974.87
-99365.7	44370.7	3976.16
-99355.6	44360.6	3979.99
-99346.1	44351.1	3986.25
-99337.5	44342.6	3994.75
-99330.1	44335.1	4005.23
-99324.1	44329.1	4017.37
-99319.7	44324.7	4030.79
-99317	44322	4045.11
-99316.1	44321.1	4059.87
-99317	44322	4074.63
-99319.7	44324.7	4088.94
-99324.1	44329.1	4102.37
-99330.1	44335.1	4114.5
-99337.5	44342.6	4124.98
-99346.1	44351.1	4133.48
-99355.6	44360.6	4139.74
-99365.7	44370.7	4143.57
-99376.2	44381.2	4144.87
-99386.6	44391.6	4143.57
-99396.7	44401.7	4139.74
-99406.2	44411.2	4133.48
-99414.8	44419.8	4124.98
-99422.2	44427.2	4114.5
-99428.2	44433.2	4102.37
-99432.7	44437.6	4088.94
-99435.4	44440.4	4074.63
-99436.3	44441.3	4059.87
-99435.4	44440.4	4045.11
-99432.7	44437.6	4030.79
-99428.2	44433.2	4017.37
-99422.2	44427.2	4005.23
-99414.8	44419.8	3994.75
-99406.2	44411.2	3986.25
-99396.7	44401.7	3979.99
-99750.4	44755.2	4085.76
-99746.5	44751.3	4085.28
-99742.6	44747.4	4085.76
-99738.9	44743.7	4087.18
-99735.3	44740.2	4089.5
-99732.2	44737	4092.65
-99729.4	44734.3	4096.53
-99727.2	44732	4101.03
-99725.5	44730.4	4106.01
-99724.5	44729.4	4111.31
-99724.2	44729	4116.78
-99724.5	44729.4	4122.25
-99725.5	44730.4	4127.55
-99727.2	44732	4132.53
-99729.4	44734.3	4137.03
-99732.2	44737	4140.91
-99735.3	44740.2	4144.06
-99738.9	44743.7	4146.38
-99742.6	44747.4	4147.8
-99746.5	44751.3	4148.28
-99750.4	44755.2	4147.8
-99754.1	44758.9	4146.38
-99757.6	44762.4	4144.06
-99760.8	44765.6	4140.91
-99763.5	44768.4	4137.03
-99765.8	44770.6	4132.53
-99767.4	44772.2	4127.55
-99768.4	44773.2	4122.25
-99768.8	44773.6	4116.78
-99768.4	44773.2	4111.31
-99767.4	44772.2	4106.01
-99765.8	44770.6	4101.03
-99763.5	44768.4	4096.53
-99760.8	44765.6	4092.65
-99757.6	44762.4	4089.5
-99754.1	44758.9	4087.18

#	Triangle	384
0	2	1	3	2	0
4	3	5
4	80	3
80	79	3
79	78	3
78	8	3
8	7	3
7	6	3
6	44	3
44	43	3
43	42	3
42	77	3
77	76	3
76	75	3
75	74	3	63	2	64
74	73	3
73	72	3
72	71	3
71	2	3
6	45	44
6	46	45
6	47	46
6	48	47
6	49	48
6	50	49
70	2	71
41	50	6
40	50	41
40	51	50
69	2	70
78	9	8
39	51	40
78	10	9
38	51	39
38	52	51
68	2	69
78	11	10
37	52	38
78	12	11
36	52	37
36	53	52
67	2	68
78	13	12
35	53	36
113	13	78
112	13	113
4	81	80
111	13	112
35	54	53
66	2	67
4	82	81
110	13	111
4	83	82
109	13	110
4	84	83
108	13	109
108	14	13
34	54	35
4	85	84
107	14	108
34	55	54
65	2	66
4	86	85
106	14	107
4	87	86
105	14	106
105	15	14
33	55	34
33	56	55
64	2	65
4	88	87
104	15	105
4	89	88
103	15	104
33	57	56
103	16	15
32	57	33
4	90	89
102	16	103
4	91	90
101	16	102
32	58	57
62	2	63
4	92	91
100	16	101
32	59	58
61	2	62
4	93	92
99	16	100
99	17	16
31	59	32
31	60	59
60	2	61
4	94	93
98	17	99
31	2	60
4	95	94
97	17	98
4	96	95
96	17	97
4	17	96
4	18	17
30	2	31
4	19	18
29	2	30
4	20	19
28	2	29
4	21	20
27	2	28
4	22	21
26	2	27
4	23	22
25	2	26
4	24	23
24	2	25
4	2	24
5	114	4	115	114	5
1	168	0
168	167	0
167	166	0
166	165	0
165	164	0
164	163	0
163	162	0
162	161	0
161	123	0	161	117	123
123	115	0
123	121	115
121	114	115	119	114	121
161	119	117
161	160	119
160	195	119
195	125	119
125	124	119
124	159	119
159	197	119
197	196	119
196	231	119
231	114	119
194	125	195
193	125	194
192	125	193
191	125	192
190	125	191
1	169	168
189	125	190
189	126	125
189	127	126	180	135	181
1	170	169
188	127	189
188	128	127
158	197	159
188	129	128
157	197	158
1	171	170
187	129	188	153	206	205
187	130	129
156	197	157
187	131	130	184	133	185
155	197	156
1	172	171
186	131	187	185	133	132
186	132	131	185	132	186
154	197	155
154	198	197
154	199	198
154	200	199
230	114	231
1	173	172
154	201	200
229	114	230
154	202	201
228	114	229
154	203	202
227	114	228
153	203	154
153	204	203
226	114	227
1	174	173
153	205	204
225	114	226
224	114	225
184	134	133
152	206	153	152	207	206
1	175	174
183	134	184
223	114	224
152	208	207
222	114	223
1	176	175
182	134	183
182	135	134
151	208	152
151	209	208
221	114	222
151	210	209
220	114	221
1	177	176
181	135	182
151	211	210
219	114	220
1	178	177
151	212	211
218	114	219
180	136	135
150	212	151
1	179	178
179	136	180
150	213	212
217	114	218
1	136	179
150	214	213
216	114	217
150	215	214
215	114	216
150	114	215
1	137	136
149	114	150
1	138	137
148	114	149
1	139	138
147	114	148
1	140	139
146	114	147
1	141	140
145	114	146
1	142	141
144	114	145
1	143	142
143	114	144
1	114	143
0	5	3	115	5	0	116	119	118	117	119	116
2	114	1	4	114	2	120	123	122	121	123	120
122	117	116	123	117	122
118	121	120	119	121	118
122	118	120	116	118	122
125	7	124	6	7	125
124	8	159	160	44	195
7	8	124	43	44	160
159	9	158	8	9	159	195	45	194	44	45	195
158	10	157	194	46	193
9	10	158	45	46	194
157	11	156	10	11	157	193	47	192	46	47	193
156	12	155	11	12	156	192	48	191	47	48	192
155	13	154
12	13	155
154	14	153	13	14	154
153	15	152
14	15	153
152	16	151
15	16	152
151	17	150	16	17	151
150	18	149
17	18	150
149	19	148	18	19	149
148	20	147	19	20	148
147	21	146
20	21	147
146	22	145	21	22	146	182	58	181	57	58	182
145	23	144
22	23	145
144	24	143	23	24	144	59	60	180
143	25	142
24	25	143
142	26	141
25	26	142
141	27	140	177	63	176	62	63	177
26	27	141
140	28	139
27	28	140
139	29	138
28	29	139
138	30	137	29	30	138
137	31	136	30	31	137
136	32	135	31	32	136
135	33	134
32	33	135
134	34	133
33	34	134
133	35	132	34	35	133
132	36	131	35	36	132	168	72	167	71	72	168
131	37	130	36	37	131	167	73	166	72	73	167
130	38	129	166	74	165
37	38	130	73	74	166
129	39	128	165	75	164
38	39	129	74	75	165
128	40	127
39	40	128
127	41	126	163	77	162	76	77	163
40	41	127
126	6	125
41	6	126	77	42	162
161	43	160
42	43	161
191	49	190
48	49	191
190	50	189	49	50	190
189	51	188
50	51	189
188	52	187
51	52	188
187	53	186	52	53	187
186	54	185
53	54	186
185	55	184	54	55	185
184	56	183	55	56	184
183	57	182
56	57	183
181	59	180
58	59	181
180	60	179
179	61	178
60	61	179
178	62	177	61	62	178
176	64	175
63	64	176
175	65	174
64	65	175
174	66	173	65	66	174
173	67	172	66	67	173
172	68	171	67	68	172
171	69	170
68	69	171
170	70	169
69	70	170
169	71	168	70	71	169
164	76	163	75	76	164
162	42	161
197	79	196
78	79	197
196	80	231	79	80	196
231	81	230	80	81	231
230	82	229	81	82	230
229	83	228
82	83	229
228	84	227
83	84	228
227	85	226
84	85	227
226	86	225	85	86	226
225	87	224
86	87	225
224	88	223
87	88	224
223	89	222	88	89	223
222	90	221
89	90	222
221	91	220
90	91	221
220	92	219
91	92	220
219	93	218	92	93	219
218	94	217	93	94	218
217	95	216	94	95	217
216	96	215
95	96	216
215	97	214	96	97	215
214	98	213
97	98	214
213	99	212
98	99	213
212	100	211	99	100	212
211	101	210
100	101	211
210	102	209	101	102	210
209	103	208	102	103	209
208	104	207
103	104	208
207	105	206
104	105	207
206	106	205
105	106	206
205	107	204
106	107	205
204	108	203	107	108	204
203	109	202	108	109	203
202	110	201
109	110	202
201	111	200	110	111	201
200	112	199
111	112	200
199	113	198
112	113	199
198	78	197	113	78	198

#	Normal	384
-0.707276	0.706937	0
-0.70694	-0.707273	0
-0.706939	-0.707274	1.16335e-006
-0.707119	-0.707095	-6.37982e-005
-0.707111	-0.707103	-6.07961e-005
-0.706927	-0.707287	5.09554e-006
-0.70726	-0.706954	-8.79619e-005
-0.706706	-0.707508	6.42138e-005
-0.706933	-0.70728	2.90526e-006
-0.707255	-0.706959	-5.95857e-005
-0.706707	-0.707506	4.4236e-005
-0.706974	-0.707239	-5.02941e-006
-0.707101	-0.707112	-2.7867e-005
-0.706823	-0.707391	2.06695e-005
-0.706946	-0.707268	-1.49425e-007
-0.70709	-0.707124	-2.38566e-005
-0.706688	-0.707525	4.05843e-005
-0.706824	-0.707389	1.92631e-005
-0.706949	-0.707265	0
-0.707098	-0.707115	-0.000855633
-0.707033	-0.70718	-0.000501225
-0.706904	-0.70731	0.000287307
-0.706987	-0.707226	-0.000336898
-0.706946	-0.707267	0.000106016
-0.706948	-0.707266	6.01392e-005
-0.70654	-0.707673	-0.000214661
-0.706938	-0.707276	-0.000593617
-0.706951	-0.707262	0.000621507
-0.706957	-0.707257	-0.000168592
-0.706899	-0.707315	-2.57861e-005
-0.706987	-0.707227	-0.000518718
-0.706932	-0.707281	-0.000528645
-0.706973	-0.707241	-0.000379263
-0.706954	-0.707259	1.67658e-005
-0.706953	-0.707261	0.000168128
-0.706977	-0.707236	1.60473e-005
-0.706922	-0.707292	0.00026176
-0.706917	-0.707296	-0.000267744
-0.706948	-0.707265	-0.000298021
-0.706928	-0.707285	0.000278302
-0.706951	-0.707263	-5.91544e-005
-0.707013	-0.7072	3.54689e-005
-0.706944	-0.70727	0.000518877
-0.706957	-0.707257	0.000106653
-0.706394	-0.707736	-0.0108433
-0.707076	-0.707128	0.00374889
-0.707278	-0.706934	-0.00171267
-0.706907	-0.707306	-0.00060507
-0.706969	-0.707245	-9.10691e-005
-0.706865	-0.707348	-4.6279e-005
-0.706829	-0.707384	0.000560795
-0.706914	-0.7073	-0.000389511
-0.706875	-0.707338	0.000327127
-0.70693	-0.707283	0.000461436
-0.706899	-0.707314	0.000205536
-0.706928	-0.707285	-0.000176693
-0.706931	-0.707283	-0.000319194
-0.70697	-0.707243	-5.17596e-005
-0.707165	-0.707048	-0.00114877
-0.706941	-0.707273	-0.000109612
-0.706947	-0.707266	0.000296913
-0.706756	-0.707457	-0.000107902
-0.706817	-0.707396	0.000630247
-0.706955	-0.707259	0.000463198
-0.707036	-0.707177	-0.000496162
-0.706954	-0.707259	-0.000523818
-0.706945	-0.707268	-0.00016718
-0.706941	-0.707273	-2.05666e-005
-0.706956	-0.707258	-0.000213136
-0.707058	-0.707155	6.83642e-005
-0.706849	-0.707365	0.000472729
-0.706976	-0.707238	0.000521177
-0.707045	-0.707169	-0.000544193
-0.706957	-0.707256	-0.000464104
-0.706952	-0.707262	0.000336707
-0.706954	-0.70726	0.000168206
-0.706939	-0.707275	2.07777e-005
-0.70677	-0.707443	0.000887526
-0.70695	-0.707264	0.000103591
-0.706966	-0.707247	-0.000139258
-0.706952	-0.707262	0.000153668
-0.706926	-0.707287	0.000333939
-0.706838	-0.707376	-6.66463e-005
-0.706975	-0.707239	-0.000186091
-0.70694	-0.707273	-0.000475951
-0.706938	-0.707274	-0.00160783
-0.707089	-0.707125	9.48379e-005
-0.706986	-0.707228	-0.000243936
-0.706941	-0.707273	0.000334906
-0.706941	-0.707272	0.000323132
-0.706958	-0.707256	5.65024e-005
-0.706844	-0.707366	0.00220243
-0.706973	-0.70724	1.81009e-005
-0.706858	-0.707355	0.000435295
-0.706948	-0.707265	0.000480183
-0.70694	-0.707274	-4.94859e-006
-0.707023	-0.707191	-0.000442738
-0.70684	-0.707369	-0.00249015
-0.707065	-0.707148	-0.000669571
-0.706975	-0.707236	0.00210762
-0.706923	-0.707291	9.20583e-005
-0.707022	-0.707191	-0.000467117
-0.706882	-0.707331	-5.77149e-005
-0.706897	-0.707316	0.000247482
-0.706792	-0.707422	-0.000143063
-0.706973	-0.707241	-0.00018965
-0.707039	-0.707174	9.55003e-005
-0.7069	-0.707313	0.000233384
-0.706945	-0.707269	2.20746e-006
-0.706898	-0.707316	0.000248693
-0.707066	-0.707148	0.000124621
-0.707082	-0.707131	-0.00085184
-0.706852	-0.707361	-9.68333e-005
-0.706772	-0.707441	0.001012
-0.706973	-0.707241	3.08431e-005
-0.70694	-0.707273	-4.0019e-006
0.707276	-0.706937	0
0.706944	0.707269	-0
0.706823	0.70739	-1.87117e-005
0.706688	0.707526	-3.99936e-005
0.707257	0.706957	5.13317e-005
0.706797	0.707417	-2.43357e-005
0.706822	0.707391	-2.00179e-005
0.707101	0.707112	2.85306e-005
0.706843	0.70737	-1.7731e-005
0.70694	0.707274	7.03679e-008
0.70694	0.707273	2.25847e-005
0.706945	0.707269	-1.10791e-005
0.70693	0.707284	-0
0.706945	0.707269	-1.33177e-005
0.706969	0.707245	-8.77357e-005
0.707045	0.707168	-0.000323377
0.706942	0.707272	-4.78311e-006
0.706744	0.707469	0.000553663
0.707049	0.707165	-0.000305076
0.706937	0.707277	9.63203e-006
0.706776	0.707437	0.000427248
0.707052	0.707161	-0.000288921
0.70694	0.707273	3.46234e-007
0.707118	0.707095	0.000918374
0.706953	0.70726	1.47309e-005
0.706904	0.70731	-0.000287307
0.706987	0.707226	0.000336898
0.706967	0.707247	0.000113211
0.706524	0.707689	0.000220688
0.706959	0.707254	-5.58426e-005
0.706904	0.707302	0.00321896
0.706934	0.707279	0.000911235
0.707357	0.706857	-0.000218052
0.706928	0.707286	-2.21395e-005
0.706955	0.707258	-0.000421993
0.706999	0.707214	0.000556651
0.706952	0.707262	-0.000336697
0.706942	0.707272	-8.18e-006
0.706692	0.707522	0.000135837
0.706954	0.707259	1.8864e-005
0.706912	0.707301	0.000539079
0.706922	0.707292	-0.00026176
0.706928	0.707285	-0.000278302
0.706948	0.707265	0.000298021
0.707011	0.707203	-3.64559e-005
0.706951	0.707263	5.91544e-005
0.706957	0.707257	-0.000106653
0.706945	0.707269	-0.000312395
0.706436	0.707703	0.0102404
0.70687	0.707342	0.00124667
0.706948	0.707265	-0.00070999
0.707279	0.706932	0.0017163
0.706863	0.70735	4.49554e-005
0.706914	0.7073	0.000389511
0.70683	0.707384	-0.000559175
0.706944	0.707269	-0.00119288
0.70668	0.707532	-0.00131362
0.70694	0.707273	0.00016491
0.707199	0.707013	0.00132047
0.706943	0.707271	0.000323813
0.706953	0.70726	0.000101178
0.706916	0.707298	-0.000125957
0.706755	0.707459	0.000106334
0.706954	0.707259	5.78998e-005
0.706817	0.707396	-0.000630246
0.707137	0.707076	0.00101368
0.706926	0.707288	-0.00016479
0.706954	0.70726	-1.89778e-005
0.707189	0.707024	-0.000147107
0.706956	0.707258	0.000213136
0.706753	0.70746	-0.000966073
0.706954	0.707259	-5.79571e-005
0.707045	0.707169	0.000544192
0.706822	0.707392	7.42076e-005
0.706954	0.707259	-1.67663e-005
0.706947	0.707267	0.000167366
0.706955	0.707259	1.88326e-005
0.706962	0.707252	-9.56212e-005
0.706959	0.707254	9.73732e-005
0.706963	0.70725	-0.000141845
0.706769	0.707443	-0.000894041
0.706837	0.707376	6.45459e-005
0.706926	0.707287	-0.000333939
0.70694	0.707273	0.00118692
0.707081	0.707132	0.00074696
0.707088	0.707125	-9.70967e-005
0.706941	0.707273	-0.000334906
0.706986	0.707227	0.000243233
0.706945	0.707268	-6.1212e-005
0.706941	0.707272	-0.000323132
0.706846	0.707367	6.38152e-005
0.70696	0.707253	0.000228841
0.7069	0.707313	0.000563232
0.706858	0.707355	-0.000436225
0.70695	0.707263	-7.42058e-006
0.70695	0.707264	-0.000828465
0.707023	0.70719	0.000441467
0.706982	0.707229	-0.00199051
0.706797	0.707416	-0.000766364
0.706932	0.707282	-4.35765e-005
0.706881	0.707333	5.66383e-005
0.70699	0.707224	0.000282671
0.70679	0.707423	0.000141721
0.706897	0.707316	-0.000247483
0.707149	0.707065	-0.000203937
0.706973	0.707241	0.000189649
0.706837	0.707377	0.000104566
0.706942	0.707272	8.40557e-006
0.706847	0.707367	9.41797e-005
0.706898	0.707315	-0.000249604
0.707079	0.707135	-0.000146548
0.707018	0.707195	0.000467824
0.707097	0.707117	-0.000165173
0.706772	0.707441	-0.00101201
0.70694	0.707273	3.99424e-006
0	0	1
0	0	-1
0.707091	-0.707123	0
-0.707123	0.707091	0
0.707107	0.707107	-0
-0.0616383	0.0615816	-0.996197
-0.183153	0.182978	-0.965906
-0.183117	0.182948	-0.965918
-0.298957	0.298671	-0.906322
-0.405704	0.405331	-0.819214
-0.405774	0.405385	-0.819152
-0.500297	0.499836	-0.707013
-0.579417	0.578884	-0.573733
-0.641263	0.640649	-0.422316
-0.6412	0.64061	-0.422469
-0.683285	0.682631	-0.259109
-0.704735	0.704086	-0.0872445
-0.704759	0.704085	-0.0870595
-0.704748	0.704073	0.0872445
-0.704746	0.704098	0.0870595
-0.683285	0.682631	0.259109
-0.641251	0.640661	0.422316
-0.641212	0.640599	0.422469
-0.579421	0.578887	0.573725
-0.500291	0.49983	0.707021
-0.40572	0.405331	0.819206
-0.405774	0.405401	0.819144
-0.298957	0.298671	0.906322
-0.183128	0.182959	0.965914
-0.183098	0.182923	0.965927
-0.0616499	0.0615932	0.996196
0.0616625	-0.0616035	0.996194
0.0616728	-0.0616161	0.996193
0.183124	-0.182963	0.965914
0.183065	-0.18289	0.965939
0.298957	-0.298671	0.906322
0.299047	-0.298783	0.906256
0.405774	-0.405401	0.819144
0.40572	-0.405331	0.819206
0.500234	-0.499755	0.707114
0.500291	-0.49983	0.707021
0.579431	-0.578877	0.573725
0.641162	-0.640548	0.422623
0.683351	-0.682697	0.258761
0.704746	-0.704098	0.0870595
0.704748	-0.704073	0.0872445
0.704759	-0.704085	-0.0870595
0.704735	-0.704086	-0.0872445
0.683351	-0.682697	-0.258761
0.641162	-0.640548	-0.422623
0.579428	-0.578873	-0.573733
0.500231	-0.49977	-0.707106
0.500306	-0.499827	-0.707013
0.405774	-0.405385	-0.819152
0.405704	-0.405331	-0.819214
0.298946	-0.298682	-0.906322
0.299058	-0.298772	-0.906256
0.183153	-0.182978	-0.965906
0.18308	-0.182918	-0.965931
0.0616498	-0.0615931	-0.996196
0.0616624	-0.0616034	-0.996194
-0.0616612	0.0616045	-0.996194
-0.0616361	0.0615839	-0.996197
-0.641162	0.640548	-0.422623
-0.641099	0.640509	-0.422776
-0.683351	0.682697	-0.258757
-0.704735	0.704086	-0.0872459
-0.704759	0.704085	-0.087061
-0.704748	0.704073	0.0872459
-0.704746	0.704098	0.087061
-0.683351	0.682697	0.258757
-0.641152	0.640562	0.422616
-0.641113	0.6405	0.422769
-0.579413	0.57888	0.573741
-0.500303	0.499842	0.707004
-0.405704	0.405316	0.819221
-0.405758	0.405385	0.81916
-0.18315	0.182981	0.965906
-0.18312	0.182945	0.965918
-0.0616705	0.0616183	0.996193
0.0616396	-0.0615806	0.996197
0.0616705	-0.0616183	0.996193
0.183153	-0.182978	0.965906
0.405758	-0.405385	0.81916
0.405704	-0.405316	0.819221
0.500246	-0.499767	0.707098
0.500303	-0.499842	0.707004
0.579424	-0.578869	0.573741
0.641164	-0.64055	0.422616
0.683351	-0.682697	0.258757
0.704746	-0.704098	0.087061
0.704748	-0.704073	0.0872459
0.704759	-0.704085	-0.087061
0.704735	-0.704086	-0.0872459
0.683351	-0.682697	-0.258757
0.298957	-0.298671	-0.906322
0.0616246	-0.0615724	-0.996198
-0.0616936	0.0616346	-0.99619
-0.0616616	0.0616048	-0.996194
-0.183116	0.18294	-0.96592
-0.298798	0.298512	-0.906427
-0.405839	0.40545	-0.819088
-0.500328	0.499868	-0.706968
-0.500516	0.500036	-0.706716
-0.579183	0.578693	-0.574162
-0.579539	0.579006	-0.573487
-0.641161	0.640571	-0.42259
-0.640864	0.640322	-0.423417
-0.683461	0.682832	-0.258114
-0.70473	0.704056	-0.087523
-0.704686	0.704038	-0.0880219
-0.704717	0.704068	0.0875308
-0.704699	0.704024	0.0880297
-0.683461	0.682832	0.258114
-0.641148	0.640605	0.422556
-0.640899	0.640309	0.423382
-0.579184	0.578651	0.574204
-0.579497	0.579006	0.573529
-0.500369	0.49989	0.706923
-0.500538	0.500077	0.706672
-0.405839	0.40545	0.819088
-0.298772	0.298486	0.906444
-0.183145	0.18297	0.965909
-0.0616925	0.0616357	0.99619
-0.0616627	0.0616037	0.996194
0.0616616	-0.0616048	0.996194
0.183135	-0.18298	0.965909
0.182964	-0.182795	0.965976
0.298772	-0.298486	0.906444
0.299164	-0.298911	0.906175
0.405839	-0.40545	0.819088
0.500182	-0.499721	0.707175
0.500013	-0.499534	0.707426
0.579518	-0.578985	0.573529
0.641172	-0.640582	0.422556
0.683206	-0.682552	0.259522
0.683283	-0.682654	0.259053
0.704779	-0.70413	0.0865318
0.704761	-0.704086	0.0870309
0.704792	-0.704118	-0.0865241
0.704748	-0.7041	-0.0870232
0.683194	-0.682565	-0.259522
0.683295	-0.682641	-0.259053
0.641161	-0.640571	-0.42259
0.579539	-0.579006	-0.573487
0.500159	-0.499681	-0.70722
0.499972	-0.499512	-0.707471
0.405839	-0.40545	-0.819088
0.298781	-0.298528	-0.906427
0.299207	-0.29892	-0.906158
0.183112	-0.182944	-0.96592
0.182928	-0.182773	-0.965987
0.0616616	-0.0616048	-0.996194

#	Mesh	0	End

