#	Mesh	0	Begin

#	Vertex	52
-104591	44362.1	5230
-104591	44362.1	-50
-104417	44536.5	4050
-104417	44536.5	3850
-101975	46978.7	-50
-101975	46978.7	5230
-102010	46943.2	2300
-102010	46943.2	-5.00222e-012
-103283	45670.4	-5.00222e-012
-104523	44430.3	-5.00222e-012
-104523	44430.3	2300
-103283	45670.4	2300
-104076	44877.9	4150
-104571	44383	4150
-104571	44383	4350
-104076	44877.9	4350
-104117	44836.5	3850
-104329	44624.4	3850
-104329	44624.4	4050
-104117	44836.5	4050
-103817	45136.5	3850
-104029	44924.4	3850
-104029	44924.4	4050
-103817	45136.5	4050
-104450	44220.7	5230
-104450	44220.7	-50
-104276	44395.1	3850
-104276	44395.1	4050
-101833	46837.3	5230
-101833	46837.3	-50
-101869	46801.8	-5.00222e-012
-101869	46801.8	2300
-103142	45529	2300
-104382	44288.9	2300
-104382	44288.9	-5.00222e-012
-103142	45529	-5.00222e-012
-104429	44241.5	4150
-103934	44736.5	4150
-103934	44736.5	4350
-104429	44241.5	4350
-104188	44483	3850
-103976	44695.1	3850
-103976	44695.1	4050
-104188	44483	4050
-103888	44783	3850
-103676	44995.1	3850
-103676	44995.1	4050
-103888	44783	4050
-104591	44362.1	3850
-104450	44220.7	3850
-104450	44220.7	4050
-104591	44362.1	4050

#	Triangle	29
48	9	1	7	5	4	48	10	9	6	5	7	48	11	10	2	17	3	2	18	17	19	21	16	19	22	21	0	13	51	13	2	51	13	18	2	13	19	18	13	22	19	13	23	22	13	12	23	0	14	13	0	15	14
9	4	1
9	8	4
8	7	4	48	6	11
48	3	6	3	17	6	17	16	6	16	21	6	21	20	6
20	5	6	23	5	20
12	5	23	0	5	15
15	5	12
48	25	49	1	25	48	50	0	51	24	0	50
28	30	29	28	31	30
30	25	29
30	35	25
35	34	25
34	49	25	33	49	34	28	46	45	47	41	44	47	42	41	43	26	40	43	27	26	28	47	46	28	42	47	28	37	42	37	43	42	37	27	43	28	38	37	28	39	38
28	32	31
28	33	32
28	45	33
45	44	33	44	41	33	41	40	33	40	26	33
26	49	33
37	50	27
37	36	50
36	24	50	39	24	36
28	24	39
29	5	28	4	5	29
4	25	1	29	25	4	31	11	6	32	11	31	10	32	33	11	32	10	2	50	51	27	50	2	15	39	14	38	39	15	19	43	18	42	43	19	23	47	22	46	47	23
0	28	5	24	28	0	35	7	8	30	7	35	34	8	9	35	8	34	26	48	49	3	48	26	13	37	12	36	37	13	17	41	16	40	41	17	21	45	20	44	45	21
30	6	7	31	6	30	3	27	2	26	27	3	12	38	15	37	38	12	16	42	19	41	42	16	20	46	23	45	46	20
33	9	10	34	9	33
14	36	13	39	36	14	18	40	17	43	40	18	22	44	21	47	44	22

#	Normal	29
0.707107	-0.707107	0
0.707107	-0.707106	-1.43945e-006
0.707107	-0.707107	-5.52427e-005
0.707108	-0.707106	1.54046e-006
0.707107	-0.707107	-1.78202e-006
0.707108	-0.707106	-1.8329e-008
0.707107	-0.707106	1.45958e-006
0.707107	-0.707106	0
0.707136	0.707077	0
-0.707068	0.707146	0
-0.707106	0.707107	-5.44926e-005
-0.707108	0.707106	0.000112026
-0.707106	0.707108	-3.03753e-006
-0.707107	0.707107	0
-0.707108	0.707106	9.69024e-007
-0.707106	0.707108	-9.94563e-007
-0.707108	0.707106	2.7054e-006
-0.707107	0.707107	1.78202e-006
-0.707099	0.707115	6.96724e-007
-0.707099	0.707115	-5.40728e-005
-0.707107	0.707107	2.76214e-005
-0.707041	0.707173	0
-0.707106	0.707107	-3.11378e-006
-0.706921	-0.707292	-0
-0	0	1
0	-0	-1
0.707107	0.707107	-0
-0.707097	-0.707117	-0
-0.707107	-0.707107	0

#	Mesh	0	End

