#	Mesh	0	Begin

#	Vertex	232
-114732	34614.5	-50
-114732	34614.5	4650
-114732	34814.5	4650
-114732	34814.5	-50
-122432	34814.5	4650
-122432	34814.5	-50
-114832	34814.5	3950
-116182	34814.5	3950
-116182	34814.5	4550
-114832	34814.5	4550
-116666	34814.5	4414.6
-116674	34814.5	4415.28
-116682	34814.5	4417.31
-116689	34814.5	4420.63
-116695	34814.5	4425.12
-116701	34814.5	4430.67
-116705	34814.5	4437.1
-116708	34814.5	4444.21
-116710	34814.5	4451.78
-116711	34814.5	4459.6
-116710	34814.5	4467.41
-116708	34814.5	4474.99
-116705	34814.5	4482.1
-116701	34814.5	4488.52
-116695	34814.5	4494.07
-116689	34814.5	4498.57
-116682	34814.5	4501.88
-116674	34814.5	4503.91
-116666	34814.5	4504.6
-116658	34814.5	4503.91
-116651	34814.5	4501.88
-116644	34814.5	4498.57
-116637	34814.5	4494.07
-116632	34814.5	4488.52
-116627	34814.5	4482.1
-116624	34814.5	4474.99
-116622	34814.5	4467.41
-116621	34814.5	4459.6
-116622	34814.5	4451.78
-116624	34814.5	4444.21
-116627	34814.5	4437.1
-116632	34814.5	4430.67
-116637	34814.5	4425.12
-116644	34814.5	4420.63
-116651	34814.5	4417.31
-116658	34814.5	4415.28
-116906	34814.5	4413.65
-116913	34814.5	4414.33
-116921	34814.5	4416.36
-116928	34814.5	4419.68
-116935	34814.5	4424.17
-116940	34814.5	4429.72
-116945	34814.5	4436.15
-116948	34814.5	4443.26
-116950	34814.5	4450.83
-116951	34814.5	4458.65
-116950	34814.5	4466.46
-116948	34814.5	4474.04
-116945	34814.5	4481.15
-116940	34814.5	4487.57
-116935	34814.5	4493.12
-116928	34814.5	4497.62
-116921	34814.5	4500.93
-116913	34814.5	4502.96
-116906	34814.5	4503.65
-116898	34814.5	4502.96
-116890	34814.5	4500.93
-116883	34814.5	4497.62
-116877	34814.5	4493.12
-116871	34814.5	4487.57
-116867	34814.5	4481.15
-116863	34814.5	4474.04
-116861	34814.5	4466.46
-116861	34814.5	4458.65
-116861	34814.5	4450.83
-116863	34814.5	4443.26
-116867	34814.5	4436.15
-116871	34814.5	4429.72
-116877	34814.5	4424.17
-116883	34814.5	4419.68
-116890	34814.5	4416.36
-116898	34814.5	4414.33
-117173	34814.5	4446.52
-117178	34814.5	4446.9
-117182	34814.5	4448.02
-117186	34814.5	4449.86
-117189	34814.5	4452.36
-117192	34814.5	4455.45
-117195	34814.5	4459.02
-117197	34814.5	4462.96
-117198	34814.5	4467.17
-117198	34814.5	4471.52
-117198	34814.5	4475.86
-117197	34814.5	4480.07
-117195	34814.5	4484.02
-117192	34814.5	4487.58
-117189	34814.5	4490.67
-117186	34814.5	4493.17
-117182	34814.5	4495.01
-117178	34814.5	4496.14
-117173	34814.5	4496.52
-117169	34814.5	4496.14
-117165	34814.5	4495.01
-117161	34814.5	4493.17
-117157	34814.5	4490.67
-117154	34814.5	4487.58
-117152	34814.5	4484.02
-117150	34814.5	4480.07
-117149	34814.5	4475.86
-117148	34814.5	4471.52
-117149	34814.5	4467.17
-117150	34814.5	4462.96
-117152	34814.5	4459.02
-117154	34814.5	4455.45
-117157	34814.5	4452.36
-117161	34814.5	4449.86
-117165	34814.5	4448.02
-117169	34814.5	4446.9
-122432	34614.5	4650
-122432	34614.5	-50
-116182	34614.5	3950
-114832	34614.5	3950
-114832	34614.5	4550
-116182	34614.5	4550
-116674	34614.5	4415.28
-116666	34614.5	4414.6
-116658	34614.5	4415.28
-116651	34614.5	4417.31
-116644	34614.5	4420.63
-116637	34614.5	4425.12
-116632	34614.5	4430.67
-116627	34614.5	4437.1
-116624	34614.5	4444.21
-116622	34614.5	4451.78
-116621	34614.5	4459.6
-116622	34614.5	4467.41
-116624	34614.5	4474.99
-116627	34614.5	4482.1
-116632	34614.5	4488.52
-116637	34614.5	4494.07
-116644	34614.5	4498.57
-116651	34614.5	4501.88
-116658	34614.5	4503.91
-116666	34614.5	4504.6
-116674	34614.5	4503.91
-116682	34614.5	4501.88
-116689	34614.5	4498.57
-116695	34614.5	4494.07
-116701	34614.5	4488.52
-116705	34614.5	4482.1
-116708	34614.5	4474.99
-116710	34614.5	4467.41
-116711	34614.5	4459.6
-116710	34614.5	4451.78
-116708	34614.5	4444.21
-116705	34614.5	4437.1
-116701	34614.5	4430.67
-116695	34614.5	4425.12
-116689	34614.5	4420.63
-116682	34614.5	4417.31
-116913	34614.5	4414.33
-116906	34614.5	4413.65
-116898	34614.5	4414.33
-116890	34614.5	4416.36
-116883	34614.5	4419.68
-116877	34614.5	4424.17
-116871	34614.5	4429.72
-116867	34614.5	4436.15
-116863	34614.5	4443.26
-116861	34614.5	4450.83
-116861	34614.5	4458.65
-116861	34614.5	4466.46
-116863	34614.5	4474.04
-116867	34614.5	4481.15
-116871	34614.5	4487.57
-116877	34614.5	4493.12
-116883	34614.5	4497.62
-116890	34614.5	4500.93
-116898	34614.5	4502.96
-116906	34614.5	4503.65
-116913	34614.5	4502.96
-116921	34614.5	4500.93
-116928	34614.5	4497.62
-116935	34614.5	4493.12
-116940	34614.5	4487.57
-116945	34614.5	4481.15
-116948	34614.5	4474.04
-116950	34614.5	4466.46
-116951	34614.5	4458.65
-116950	34614.5	4450.83
-116948	34614.5	4443.26
-116945	34614.5	4436.15
-116940	34614.5	4429.72
-116935	34614.5	4424.17
-116928	34614.5	4419.68
-116921	34614.5	4416.36
-117178	34614.5	4446.9
-117173	34614.5	4446.52
-117169	34614.5	4446.9
-117165	34614.5	4448.02
-117161	34614.5	4449.86
-117157	34614.5	4452.36
-117154	34614.5	4455.45
-117152	34614.5	4459.02
-117150	34614.5	4462.96
-117149	34614.5	4467.17
-117148	34614.5	4471.52
-117149	34614.5	4475.86
-117150	34614.5	4480.07
-117152	34614.5	4484.02
-117154	34614.5	4487.58
-117157	34614.5	4490.67
-117161	34614.5	4493.17
-117165	34614.5	4495.01
-117169	34614.5	4496.14
-117173	34614.5	4496.52
-117178	34614.5	4496.14
-117182	34614.5	4495.01
-117186	34614.5	4493.17
-117189	34614.5	4490.67
-117192	34614.5	4487.58
-117195	34614.5	4484.02
-117197	34614.5	4480.07
-117198	34614.5	4475.86
-117198	34614.5	4471.52
-117198	34614.5	4467.17
-117197	34614.5	4462.96
-117195	34614.5	4459.02
-117192	34614.5	4455.45
-117189	34614.5	4452.36
-117186	34614.5	4449.86
-117182	34614.5	4448.02

#	Triangle	104
0	2	1	3	2	0	120	8	123	7	8	120
4	3	5	4	7	3	7	6	3	6	2	3	4	46	7	46	81	7	81	10	7	10	45	7	45	44	7	44	8	7	9	2	6	4	47	46	4	48	47	80	10	81	80	11	10	80	12	11	4	49	48	79	12	80	79	13	12	43	8	44	4	50	49	78	13	79	78	14	13	42	8	43	4	51	50	77	14	78	77	15	14	41	8	42	4	52	51	76	15	77	76	16	15	40	8	41	4	82	52	82	53	52	75	16	76	75	17	16	39	8	40	82	54	53	74	17	75	74	18	17	38	8	39	4	83	82	117	54	82	4	84	83	116	54	117	4	85	84	115	54	116	4	86	85	114	54	115	114	55	54	73	18	74	73	19	18	37	8	38	4	87	86	113	55	114	4	88	87	112	55	113	112	56	55	72	19	73	4	89	88	111	56	112	72	20	19	36	8	37	4	90	89	110	56	111	110	57	56	71	20	72	4	91	90	109	57	110	71	21	20	35	8	36	4	92	91	108	57	109	108	58	57	70	21	71	70	22	21	34	8	35	4	93	92	107	58	108	4	94	93	106	58	107	106	59	58	69	22	70	69	23	22	33	8	34	4	95	94	105	59	106	105	60	59	68	23	69	4	96	95	104	60	105	68	24	23	32	8	33	4	97	96	103	60	104	103	61	60	67	24	68	4	98	97	102	61	103	67	25	24	31	8	32	4	99	98	101	61	102	4	100	99	100	61	101	4	61	100	4	62	61	66	25	67	66	26	25	30	8	31	4	63	62	65	26	66	65	27	26	29	8	30	4	64	63	64	27	65	4	27	64	4	28	27	28	8	29	4	8	28	4	9	8	4	2	9
5	118	4	119	118	5	122	6	121	9	6	122
1	121	0	121	119	0	121	120	119	120	118	119	1	122	121	123	127	120	127	126	120	126	125	120	125	162	120	162	161	120	161	118	120	160	118	161	125	163	162	195	118	160	124	163	125	159	163	124	159	164	163	194	118	195	123	128	127	158	164	159	158	165	164	193	118	194	123	129	128	157	165	158	157	166	165	192	118	193	123	130	129	156	166	157	156	167	166	191	118	192	123	131	130	155	167	156	155	168	167	190	197	191	197	118	191	123	132	131	154	168	155	154	169	168	189	197	190	123	133	132	153	169	154	189	198	197	196	118	197	189	199	198	231	118	196	189	200	199	230	118	231	189	201	200	229	118	230	153	170	169	188	201	189	123	134	133	152	170	153	188	202	201	228	118	229	188	203	202	227	118	228	152	171	170	187	203	188	187	204	203	226	118	227	123	135	134	151	171	152	187	205	204	225	118	226	151	172	171	186	205	187	186	206	205	224	118	225	123	136	135	150	172	151	186	207	206	223	118	224	150	173	172	185	207	186	123	137	136	149	173	150	185	208	207	222	118	223	185	209	208	221	118	222	149	174	173	184	209	185	123	138	137	148	174	149	184	210	209	220	118	221	148	175	174	183	210	184	183	211	210	219	118	220	123	139	138	147	175	148	183	212	211	218	118	219	147	176	175	182	212	183	182	213	212	217	118	218	123	140	139	146	176	147	182	214	213	216	118	217	182	215	214	215	118	216	182	118	215	146	177	176	181	118	182	123	141	140	145	177	146	145	178	177	180	118	181	123	142	141	144	178	145	144	179	178	179	118	180	144	118	179	123	143	142	143	118	144	123	118	143	1	123	122	1	118	123
0	5	3	119	5	0	123	9	122	8	9	123
2	118	1	4	118	2	121	7	120	6	7	121
125	11	124	10	11	125	161	47	160	46	47	161
124	12	159	11	12	124
159	13	158	12	13	159
158	14	157	13	14	158
157	15	156	14	15	157	193	51	192	50	51	193
156	16	155	15	16	156
155	17	154	16	17	155
154	18	153	17	18	154	190	54	189	53	54	190
153	19	152	18	19	153
152	20	151	19	20	152
151	21	150	20	21	151	187	57	186	56	57	187
150	22	149	21	22	150
149	23	148	22	23	149
148	24	147	23	24	148	184	60	183	59	60	184
147	25	146	24	25	147
146	26	145	25	26	146
145	27	144	26	27	145
144	28	143	27	28	144
143	29	142	28	29	143
142	30	141	29	30	142
141	31	140	30	31	141
140	32	139	31	32	140
139	33	138	32	33	139	175	69	174	68	69	175
138	34	137	33	34	138	174	70	173	69	70	174
137	35	136	34	35	137
136	36	135	35	36	136
135	37	134	36	37	135
134	38	133	37	38	134
133	39	132	38	39	133
132	40	131	39	40	132
131	41	130	40	41	131	167	77	166	76	77	167
130	42	129	41	42	130	166	78	165	77	78	166
129	43	128	42	43	129
128	44	127	43	44	128
127	45	126	44	45	127
126	10	125	45	10	126	162	46	161	81	46	162
160	48	195	47	48	160
195	49	194	48	49	195
194	50	193	49	50	194
192	52	191	51	52	192
191	53	190	52	53	191
189	55	188	54	55	189
188	56	187	55	56	188
186	58	185	57	58	186
185	59	184	58	59	185
183	61	182	60	61	183
182	62	181	61	62	182
181	63	180	62	63	181
180	64	179	63	64	180
179	65	178	64	65	179
178	66	177	65	66	178
177	67	176	66	67	177
176	68	175	67	68	176
173	71	172	70	71	173
172	72	171	71	72	172
171	73	170	72	73	171
170	74	169	73	74	170
169	75	168	74	75	169
168	76	167	75	76	168
165	79	164	78	79	165
164	80	163	79	80	164
163	81	162	80	81	163
197	83	196	82	83	197
196	84	231	83	84	196
231	85	230	84	85	231
230	86	229	85	86	230
229	87	228	86	87	229
228	88	227	87	88	228
227	89	226	88	89	227
226	90	225	89	90	226
225	91	224	90	91	225
224	92	223	91	92	224
223	93	222	92	93	223
222	94	221	93	94	222
221	95	220	94	95	221
220	96	219	95	96	220
219	97	218	96	97	219
218	98	217	97	98	218
217	99	216	98	99	217
216	100	215	99	100	216
215	101	214	100	101	215
214	102	213	101	102	214
213	103	212	102	103	213
212	104	211	103	104	212
211	105	210	104	105	211
210	106	209	105	106	210
209	107	208	106	107	209
208	108	207	107	108	208
207	109	206	108	109	207
206	110	205	109	110	206
205	111	204	110	111	205
204	112	203	111	112	204
203	113	202	112	113	203
202	114	201	113	114	202
201	115	200	114	115	201
200	116	199	115	116	200
199	117	198	116	117	199
198	82	197	117	82	198

#	Normal	104
-1	0	0
0	-1	0
1	0	0
0	1	-0
0	0	1
0	0	-1
-0.087167	0	-0.996194
-0.258728	0	-0.96595
-0.422647	0	-0.906294
-0.57378	0	-0.81901
-0.707076	0	-0.707138
-0.819115	0	-0.573629
-0.906426	0	-0.422364
-0.965891	0	-0.258949
-0.996152	0	-0.0876395
-0.996152	0	0.0876449
-0.965891	0	0.258949
-0.906437	0	0.42234
-0.819094	0	0.573659
-0.707076	0	0.707138
-0.57378	0	0.81901
-0.422647	0	0.906294
-0.258728	0	0.96595
-0.0872287	0	0.996188
0.0872287	-0	0.996188
0.258728	-0	0.96595
0.422647	-0	0.906294
0.573312	-0	0.819337
0.707076	-0	0.707138
0.819094	-0	0.573659
0.906437	-0	0.42234
0.965891	-0	0.258949
0.996238	-0	0.0866565
0.996239	0	-0.0866511
0.965891	0	-0.258949
0.906426	0	-0.422364
0.819115	0	-0.573629
0.707076	0	-0.707138
0.573312	0	-0.819337
0.422647	0	-0.906294
0.258728	0	-0.96595
0.087167	0	-0.996194
-0.258786	0	-0.965935
-0.422596	0	-0.906318
-0.573312	0	-0.819337
-0.819583	0	-0.572961
-0.906045	0	-0.423182
-0.996239	0	-0.0866511
-0.996238	0	0.0866565
-0.906056	0	0.423158
-0.819562	0	0.57299
-0.573354	0	0.819308
-0.422596	0	0.906318
-0.258786	0	0.965935
-0.087167	0	0.996194
0.087167	-0	0.996194
0.258786	-0	0.965935
0.422596	-0	0.906318
0.573822	-0	0.81898
0.906056	-0	0.423158
0.96614	-0	0.258019
0.996152	-0	0.0876449
0.996152	0	-0.0876395
0.96614	0	-0.258019
0.906045	0	-0.423182
0.57378	0	-0.81901
0.422596	0	-0.906318
0.258786	0	-0.965935
-0.0872783	0	-0.996184
-0.258632	0	-0.965976
-0.422321	0	-0.906446
-0.573507	0	-0.8192
-0.707499	0	-0.706714
-0.819111	0	-0.573635
-0.906114	0	-0.423033
-0.966093	0	-0.258193
-0.996135	0	-0.0878382
-0.996135	0	0.0878382
-0.966086	0	0.258221
-0.906134	0	0.42299
-0.819074	0	0.573688
-0.707499	0	0.706714
-0.573507	0	0.8192
-0.422321	0	0.906446
-0.258736	0	0.965948
-0.0872783	0	0.996184
0.0871225	-0	0.996198
0.258736	-0	0.965948
0.423008	-0	0.906126
0.573507	-0	0.8192
0.706603	-0	0.70761
0.819074	-0	0.573688
0.906821	-0	0.421516
0.965637	-0	0.259893
0.99629	-0	0.086059
0.99629	0	-0.086059
0.965645	0	-0.259865
0.906801	0	-0.421559
0.819111	0	-0.573635
0.706603	0	-0.70761
0.573507	0	-0.8192
0.423008	0	-0.906126
0.258632	0	-0.965976
0.0871225	0	-0.996198

#	Mesh	0	End

