#	Mesh	0	Begin

#	Vertex	232
-106332	34614.5	-50
-106332	34614.5	4650
-106332	34814.5	4650
-106332	34814.5	-50
-114032	34814.5	4650
-114032	34814.5	-50
-112832	34814.5	4130
-113432	34814.5	4130
-113432	34814.5	4550
-112832	34814.5	4550
-111132	34814.5	4039.2
-111146	34814.5	4040.49
-111161	34814.5	4044.33
-111174	34814.5	4050.59
-111186	34814.5	4059.09
-111197	34814.5	4069.57
-111205	34814.5	4081.7
-111212	34814.5	4095.13
-111215	34814.5	4109.44
-111217	34814.5	4124.2
-111215	34814.5	4138.96
-111212	34814.5	4153.27
-111205	34814.5	4166.7
-111197	34814.5	4178.84
-111186	34814.5	4189.32
-111174	34814.5	4197.81
-111161	34814.5	4204.08
-111146	34814.5	4207.91
-111132	34814.5	4209.2
-111117	34814.5	4207.91
-111103	34814.5	4204.08
-111089	34814.5	4197.81
-111077	34814.5	4189.32
-111067	34814.5	4178.84
-111058	34814.5	4166.7
-111052	34814.5	4153.27
-111048	34814.5	4138.96
-111047	34814.5	4124.2
-111048	34814.5	4109.44
-111052	34814.5	4095.13
-111058	34814.5	4081.7
-111067	34814.5	4069.57
-111077	34814.5	4059.09
-111089	34814.5	4050.59
-111103	34814.5	4044.33
-111117	34814.5	4040.49
-111382	34814.5	4038.65
-111396	34814.5	4039.94
-111411	34814.5	4043.77
-111424	34814.5	4050.03
-111436	34814.5	4058.53
-111447	34814.5	4069.01
-111455	34814.5	4081.15
-111462	34814.5	4094.57
-111465	34814.5	4108.89
-111467	34814.5	4123.65
-111465	34814.5	4138.41
-111462	34814.5	4152.72
-111455	34814.5	4166.15
-111447	34814.5	4178.28
-111436	34814.5	4188.76
-111424	34814.5	4197.26
-111411	34814.5	4203.52
-111396	34814.5	4207.35
-111382	34814.5	4208.65
-111367	34814.5	4207.35
-111353	34814.5	4203.52
-111339	34814.5	4197.26
-111327	34814.5	4188.76
-111317	34814.5	4178.28
-111308	34814.5	4166.15
-111302	34814.5	4152.72
-111298	34814.5	4138.41
-111297	34814.5	4123.65
-111298	34814.5	4108.89
-111302	34814.5	4094.57
-111308	34814.5	4081.15
-111317	34814.5	4069.01
-111327	34814.5	4058.53
-111339	34814.5	4050.03
-111353	34814.5	4043.77
-111367	34814.5	4039.94
-111632	34814.5	4092.9
-111637	34814.5	4093.38
-111643	34814.5	4094.8
-111647	34814.5	4097.12
-111652	34814.5	4100.27
-111656	34814.5	4104.15
-111659	34814.5	4108.65
-111661	34814.5	4113.63
-111663	34814.5	4118.93
-111663	34814.5	4124.4
-111663	34814.5	4129.87
-111661	34814.5	4135.17
-111659	34814.5	4140.15
-111656	34814.5	4144.65
-111652	34814.5	4148.53
-111647	34814.5	4151.68
-111643	34814.5	4154
-111637	34814.5	4155.42
-111632	34814.5	4155.9
-111626	34814.5	4155.42
-111621	34814.5	4154
-111616	34814.5	4151.68
-111611	34814.5	4148.53
-111608	34814.5	4144.65
-111604	34814.5	4140.15
-111602	34814.5	4135.17
-111601	34814.5	4129.87
-111600	34814.5	4124.4
-111601	34814.5	4118.93
-111602	34814.5	4113.63
-111604	34814.5	4108.65
-111608	34814.5	4104.15
-111611	34814.5	4100.27
-111616	34814.5	4097.12
-111621	34814.5	4094.8
-111626	34814.5	4093.38
-114032	34614.5	4650
-114032	34614.5	-50
-113432	34614.5	4130
-112832	34614.5	4130
-112832	34614.5	4550
-113432	34614.5	4550
-111146	34614.5	4040.49
-111132	34614.5	4039.2
-111117	34614.5	4040.49
-111103	34614.5	4044.33
-111089	34614.5	4050.59
-111077	34614.5	4059.09
-111067	34614.5	4069.57
-111058	34614.5	4081.7
-111052	34614.5	4095.13
-111048	34614.5	4109.44
-111047	34614.5	4124.2
-111048	34614.5	4138.96
-111052	34614.5	4153.27
-111058	34614.5	4166.7
-111067	34614.5	4178.84
-111077	34614.5	4189.32
-111089	34614.5	4197.81
-111103	34614.5	4204.08
-111117	34614.5	4207.91
-111132	34614.5	4209.2
-111146	34614.5	4207.91
-111161	34614.5	4204.08
-111174	34614.5	4197.81
-111186	34614.5	4189.32
-111197	34614.5	4178.84
-111205	34614.5	4166.7
-111212	34614.5	4153.27
-111215	34614.5	4138.96
-111217	34614.5	4124.2
-111215	34614.5	4109.44
-111212	34614.5	4095.13
-111205	34614.5	4081.7
-111197	34614.5	4069.57
-111186	34614.5	4059.09
-111174	34614.5	4050.59
-111161	34614.5	4044.33
-111396	34614.5	4039.94
-111382	34614.5	4038.65
-111367	34614.5	4039.94
-111353	34614.5	4043.77
-111339	34614.5	4050.03
-111327	34614.5	4058.53
-111317	34614.5	4069.01
-111308	34614.5	4081.15
-111302	34614.5	4094.57
-111298	34614.5	4108.89
-111297	34614.5	4123.65
-111298	34614.5	4138.41
-111302	34614.5	4152.72
-111308	34614.5	4166.15
-111317	34614.5	4178.28
-111327	34614.5	4188.76
-111339	34614.5	4197.26
-111353	34614.5	4203.52
-111367	34614.5	4207.35
-111382	34614.5	4208.65
-111396	34614.5	4207.35
-111411	34614.5	4203.52
-111424	34614.5	4197.26
-111436	34614.5	4188.76
-111447	34614.5	4178.28
-111455	34614.5	4166.15
-111462	34614.5	4152.72
-111465	34614.5	4138.41
-111467	34614.5	4123.65
-111465	34614.5	4108.89
-111462	34614.5	4094.57
-111455	34614.5	4081.15
-111447	34614.5	4069.01
-111436	34614.5	4058.53
-111424	34614.5	4050.03
-111411	34614.5	4043.77
-111637	34614.5	4093.38
-111632	34614.5	4092.9
-111626	34614.5	4093.38
-111621	34614.5	4094.8
-111616	34614.5	4097.12
-111611	34614.5	4100.27
-111608	34614.5	4104.15
-111604	34614.5	4108.65
-111602	34614.5	4113.63
-111601	34614.5	4118.93
-111600	34614.5	4124.4
-111601	34614.5	4129.87
-111602	34614.5	4135.17
-111604	34614.5	4140.15
-111608	34614.5	4144.65
-111611	34614.5	4148.53
-111616	34614.5	4151.68
-111621	34614.5	4154
-111626	34614.5	4155.42
-111632	34614.5	4155.9
-111637	34614.5	4155.42
-111643	34614.5	4154
-111647	34614.5	4151.68
-111652	34614.5	4148.53
-111656	34614.5	4144.65
-111659	34614.5	4140.15
-111661	34614.5	4135.17
-111663	34614.5	4129.87
-111663	34614.5	4124.4
-111663	34614.5	4118.93
-111661	34614.5	4113.63
-111659	34614.5	4108.65
-111656	34614.5	4104.15
-111652	34614.5	4100.27
-111647	34614.5	4097.12
-111643	34614.5	4094.8

#	Triangle	97
0	2	1	3	2	0	120	8	123	7	8	120
4	7	5	7	3	5	7	46	3	46	10	3	10	45	3	45	2	3	7	47	46	81	10	46	81	11	10	7	48	47	80	11	81	80	12	11	44	2	45	7	49	48	79	12	80	79	13	12	43	2	44	7	50	49	78	13	79	78	14	13	42	2	43	7	51	50	77	14	78	77	15	14	41	2	42	7	52	51	76	15	77	76	16	15	40	2	41	7	82	52	82	53	52	75	16	76	75	17	16	39	2	40	7	83	82	117	53	82	7	84	83	116	53	117	116	54	53	74	17	75	7	85	84	115	54	116	74	18	17	38	2	39	7	86	85	114	54	115	7	87	86	113	54	114	7	88	87	112	54	113	7	89	88	111	54	112	111	55	54	73	18	74	73	19	18	37	2	38	7	90	89	110	55	111	7	91	90	109	55	110	109	56	55	72	19	73	72	20	19	36	2	37	7	92	91	108	56	109	7	6	92	6	93	92	107	56	108	4	8	7	9	93	6	9	94	93	106	56	107	106	57	56	71	20	72	71	21	20	35	2	36	9	95	94	105	57	106	9	96	95	104	57	105	9	97	96	103	57	104	9	98	97	102	57	103	102	58	57	70	21	71	70	22	21	34	2	35	9	99	98	101	58	102	9	100	99	100	58	101	9	58	100	9	59	58	69	22	70	69	23	22	33	2	34	9	60	59	68	23	69	68	24	23	32	2	33	9	61	60	67	24	68	67	25	24	31	2	32	9	62	61	66	25	67	66	26	25	30	2	31	9	63	62	65	26	66	65	27	26	29	2	30	9	64	63	64	27	65	64	28	27	28	2	29	9	28	64	9	2	28	4	9	8	4	2	9
5	118	4	119	118	5	122	6	121	9	6	122
1	119	0	1	126	119	126	125	119	125	161	119	161	160	119	160	197	119	197	196	119	196	121	119	121	120	119	120	118	119	125	162	161	124	162	125	124	163	162	195	197	160	1	127	126	159	163	124	159	164	163	194	197	195	1	128	127	158	164	159	158	165	164	193	197	194	1	129	128	157	165	158	157	166	165	192	197	193	1	130	129	156	166	157	156	167	166	191	197	192	1	131	130	155	167	156	155	168	167	190	197	191	1	132	131	154	168	155	190	198	197	190	199	198	231	121	196	154	169	168	189	199	190	189	200	199	230	121	231	1	133	132	153	169	154	189	201	200	229	121	230	189	202	201	228	121	229	189	203	202	227	121	228	189	204	203	226	121	227	153	170	169	188	204	189	1	134	133	152	170	153	188	205	204	225	121	226	188	206	205	224	121	225	152	171	170	187	206	188	1	135	134	151	171	152	187	207	206	223	121	224	187	208	207	222	121	223	222	122	121	123	118	120	187	209	208	221	122	222	151	172	171	186	209	187	1	136	135	150	172	151	186	210	209	220	122	221	186	211	210	219	122	220	186	212	211	218	122	219	186	213	212	217	122	218	150	173	172	185	213	186	1	137	136	149	173	150	185	214	213	216	122	217	185	215	214	215	122	216	185	122	215	149	174	173	184	122	185	1	138	137	148	174	149	148	175	174	183	122	184	1	139	138	147	175	148	147	176	175	182	122	183	1	140	139	146	176	147	146	177	176	181	122	182	1	141	140	145	177	146	145	178	177	180	122	181	1	142	141	144	178	145	144	179	178	179	122	180	1	143	142	143	179	144	143	122	179	1	122	143	1	123	122	1	118	123
0	5	3	119	5	0	123	9	122	8	9	123
2	118	1	4	118	2	121	7	120	6	7	121
125	11	124	10	11	125	161	47	160	46	47	161
124	12	159	11	12	124
159	13	158	12	13	159	195	49	194	48	49	195
158	14	157	13	14	158	194	50	193	49	50	194
157	15	156	14	15	157
156	16	155	15	16	156	192	52	191	51	52	192
155	17	154	16	17	155	191	53	190	52	53	191
154	18	153	17	18	154
153	19	152	18	19	153
152	20	151	19	20	152
151	21	150	20	21	151
150	22	149	21	22	150	186	58	185	57	58	186
149	23	148	22	23	149
148	24	147	23	24	148
147	25	146	24	25	147	183	61	182	60	61	183
146	26	145	25	26	146	182	62	181	61	62	182
145	27	144	26	27	145
144	28	143	27	28	144
143	29	142	28	29	143
142	30	141	29	30	142
141	31	140	30	31	141	177	67	176	66	67	177
140	32	139	31	32	140	176	68	175	67	68	176
139	33	138	32	33	139
138	34	137	33	34	138
137	35	136	34	35	137	173	71	172	70	71	173
136	36	135	35	36	136	172	72	171	71	72	172
135	37	134	36	37	135	171	73	170	72	73	171
134	38	133	37	38	134
133	39	132	38	39	133
132	40	131	39	40	132	168	76	167	75	76	168
131	41	130	40	41	131	167	77	166	76	77	167
130	42	129	41	42	130
129	43	128	42	43	129	165	79	164	78	79	165
128	44	127	43	44	128	164	80	163	79	80	164
127	45	126	44	45	127
126	10	125	45	10	126
160	48	195	47	48	160
193	51	192	50	51	193
190	54	189	53	54	190
189	55	188	54	55	189
188	56	187	55	56	188
187	57	186	56	57	187
185	59	184	58	59	185
184	60	183	59	60	184
181	63	180	62	63	181
180	64	179	63	64	180
179	65	178	64	65	179
178	66	177	65	66	178
175	69	174	68	69	175
174	70	173	69	70	174
170	74	169	73	74	170
169	75	168	74	75	169
166	78	165	77	78	166
163	81	162	80	81	163
162	46	161	81	46	162
197	83	196	82	83	197
196	84	231	83	84	196
231	85	230	84	85	231
230	86	229	85	86	230
229	87	228	86	87	229
228	88	227	87	88	228
227	89	226	88	89	227
226	90	225	89	90	226
225	91	224	90	91	225
224	92	223	91	92	224
223	93	222	92	93	223
222	94	221	93	94	222
221	95	220	94	95	221
220	96	219	95	96	220
219	97	218	96	97	219
218	98	217	97	98	218
217	99	216	98	99	217
216	100	215	99	100	216
215	101	214	100	101	215
214	102	213	101	102	214
213	103	212	102	103	213
212	104	211	103	104	212
211	105	210	104	105	211
210	106	209	105	106	210
209	107	208	106	107	209
208	108	207	107	108	208
207	109	206	108	109	207
206	110	205	109	110	206
205	111	204	110	111	205
204	112	203	111	112	204
203	113	202	112	113	203
202	114	201	113	114	202
201	115	200	114	115	201
200	116	199	115	116	200
199	117	198	116	117	199
198	82	197	117	82	198

#	Normal	97
-1	0	0
0	-1	0
1	0	0
0	1	-0
0	0	1
0	0	-1
-0.0871637	0	-0.996194
-0.2588	0	-0.965931
-0.422582	0	-0.906325
-0.573703	0	-0.819063
-0.707123	0	-0.70709
-0.819101	0	-0.573649
-0.906206	0	-0.422837
-0.965907	0	-0.258889
-0.996208	0	-0.0870051
-0.996208	0	0.0870022
-0.965906	0	0.258893
-0.906206	0	0.422837
-0.819107	0	0.573641
-0.707107	0	0.707107
-0.573715	0	0.819055
-0.422582	0	0.906325
-0.258815	0	0.965927
-0.0871473	0	0.996195
0.0871473	-0	0.996195
0.258815	-0	0.965927
0.422582	-0	0.906325
0.573467	-0	0.819229
0.707107	-0	0.707107
0.819107	-0	0.573641
0.906408	-0	0.422404
0.965906	-0	0.258893
0.996208	-0	0.0870022
0.996208	0	-0.0870051
0.965907	0	-0.258889
0.906408	0	-0.422404
0.819101	0	-0.573649
0.707123	0	-0.70709
0.573456	0	-0.819237
0.422582	0	-0.906325
0.2588	0	-0.965931
0.0871637	0	-0.996194
-0.258815	0	-0.965927
-0.707115	0	-0.707099
-0.966038	0	-0.258401
-0.996162	0	-0.0875255
-0.996162	0	0.0875255
-0.966038	0	0.258401
-0.819096	0	0.573657
-0.707123	0	0.70709
-0.258784	0	0.965935
-0.08718	0	0.996193
0.0871343	-0	0.996197
0.258916	-0	0.9659
0.707123	-0	0.70709
0.819096	-0	0.573657
0.996208	0	-0.0870022
0.965906	0	-0.258893
0.707115	0	-0.707099
0.258947	0	-0.965892
0.0871179	0	-0.996198
-0.087167	0	-0.996194
-0.258778	0	-0.965937
-0.422574	0	-0.906328
-0.57406	0	-0.818814
-0.707107	0	-0.707107
-0.818551	0	-0.574434
-0.906328	0	-0.422574
-0.965892	0	-0.258946
-0.996226	0	-0.0867985
-0.996227	0	0.0867908
-0.965892	0	0.258946
-0.906313	0	0.422608
-0.81858	0	0.574392
-0.707062	0	0.707151
-0.57406	0	0.818814
-0.422647	0	0.906294
-0.258736	0	0.965948
-0.087167	0	0.996194
0.087167	-0	0.996194
0.258736	-0	0.965948
0.422647	-0	0.906294
0.573391	-0	0.819282
0.707062	-0	0.707151
0.819249	-0	0.573438
0.906313	-0	0.422608
0.965892	-0	0.258946
0.996227	-0	0.0867908
0.996226	0	-0.0867985
0.965892	0	-0.258946
0.906328	0	-0.422574
0.819219	0	-0.57348
0.707107	0	-0.707107
0.573391	0	-0.819282
0.422574	0	-0.906328
0.258778	0	-0.965937
0.087167	0	-0.996194

#	Mesh	0	End

