#	Mesh	0	Begin

#	Vertex	232
-114732	26214.5	-50
-114732	26214.5	4650
-114732	26414.5	4650
-114732	26414.5	-50
-122432	26414.5	4650
-122432	26414.5	-50
-114832	26414.5	3950
-116182	26414.5	3950
-116182	26414.5	4550
-114832	26414.5	4550
-116666	26414.5	4396.9
-116673	26414.5	4397.47
-116679	26414.5	4399.16
-116685	26414.5	4401.92
-116690	26414.5	4405.67
-116695	26414.5	4410.29
-116699	26414.5	4415.65
-116701	26414.5	4421.57
-116703	26414.5	4427.88
-116704	26414.5	4434.4
-116703	26414.5	4440.91
-116701	26414.5	4447.22
-116699	26414.5	4453.15
-116695	26414.5	4458.5
-116690	26414.5	4463.12
-116685	26414.5	4466.87
-116679	26414.5	4469.63
-116673	26414.5	4471.33
-116666	26414.5	4471.9
-116660	26414.5	4471.33
-116653	26414.5	4469.63
-116647	26414.5	4466.87
-116642	26414.5	4463.12
-116637	26414.5	4458.5
-116634	26414.5	4453.15
-116631	26414.5	4447.22
-116629	26414.5	4440.91
-116629	26414.5	4434.4
-116629	26414.5	4427.88
-116631	26414.5	4421.57
-116634	26414.5	4415.65
-116637	26414.5	4410.29
-116642	26414.5	4405.67
-116647	26414.5	4401.92
-116653	26414.5	4399.16
-116660	26414.5	4397.47
-116906	26414.5	4395.95
-116912	26414.5	4396.52
-116918	26414.5	4398.21
-116924	26414.5	4400.97
-116930	26414.5	4404.72
-116934	26414.5	4409.34
-116938	26414.5	4414.7
-116941	26414.5	4420.62
-116943	26414.5	4426.93
-116943	26414.5	4433.45
-116943	26414.5	4439.96
-116941	26414.5	4446.27
-116938	26414.5	4452.2
-116934	26414.5	4457.55
-116930	26414.5	4462.17
-116924	26414.5	4465.92
-116918	26414.5	4468.68
-116912	26414.5	4470.38
-116906	26414.5	4470.95
-116899	26414.5	4470.38
-116893	26414.5	4468.68
-116887	26414.5	4465.92
-116881	26414.5	4462.17
-116877	26414.5	4457.55
-116873	26414.5	4452.2
-116870	26414.5	4446.27
-116869	26414.5	4439.96
-116868	26414.5	4433.45
-116869	26414.5	4426.93
-116870	26414.5	4420.62
-116873	26414.5	4414.7
-116877	26414.5	4409.34
-116881	26414.5	4404.72
-116887	26414.5	4400.97
-116893	26414.5	4398.21
-116899	26414.5	4396.52
-117173	26414.5	4414.82
-117179	26414.5	4415.29
-117184	26414.5	4416.72
-117189	26414.5	4419.04
-117194	26414.5	4422.19
-117197	26414.5	4426.07
-117201	26414.5	4430.57
-117203	26414.5	4435.54
-117204	26414.5	4440.85
-117205	26414.5	4446.32
-117204	26414.5	4451.79
-117203	26414.5	4457.09
-117201	26414.5	4462.07
-117197	26414.5	4466.56
-117194	26414.5	4470.45
-117189	26414.5	4473.6
-117184	26414.5	4475.92
-117179	26414.5	4477.34
-117173	26414.5	4477.82
-117168	26414.5	4477.34
-117163	26414.5	4475.92
-117158	26414.5	4473.6
-117153	26414.5	4470.45
-117149	26414.5	4466.56
-117146	26414.5	4462.07
-117144	26414.5	4457.09
-117142	26414.5	4451.79
-117142	26414.5	4446.32
-117142	26414.5	4440.85
-117144	26414.5	4435.54
-117146	26414.5	4430.57
-117149	26414.5	4426.07
-117153	26414.5	4422.19
-117158	26414.5	4419.04
-117163	26414.5	4416.72
-117168	26414.5	4415.29
-122432	26214.5	4650
-122432	26214.5	-50
-116182	26214.5	3950
-114832	26214.5	3950
-114832	26214.5	4550
-116182	26214.5	4550
-116673	26214.5	4397.47
-116666	26214.5	4396.9
-116660	26214.5	4397.47
-116653	26214.5	4399.16
-116647	26214.5	4401.92
-116642	26214.5	4405.67
-116637	26214.5	4410.29
-116634	26214.5	4415.65
-116631	26214.5	4421.57
-116629	26214.5	4427.88
-116629	26214.5	4434.4
-116629	26214.5	4440.91
-116631	26214.5	4447.22
-116634	26214.5	4453.15
-116637	26214.5	4458.5
-116642	26214.5	4463.12
-116647	26214.5	4466.87
-116653	26214.5	4469.63
-116660	26214.5	4471.33
-116666	26214.5	4471.9
-116673	26214.5	4471.33
-116679	26214.5	4469.63
-116685	26214.5	4466.87
-116690	26214.5	4463.12
-116695	26214.5	4458.5
-116699	26214.5	4453.15
-116701	26214.5	4447.22
-116703	26214.5	4440.91
-116704	26214.5	4434.4
-116703	26214.5	4427.88
-116701	26214.5	4421.57
-116699	26214.5	4415.65
-116695	26214.5	4410.29
-116690	26214.5	4405.67
-116685	26214.5	4401.92
-116679	26214.5	4399.16
-116912	26214.5	4396.52
-116906	26214.5	4395.95
-116899	26214.5	4396.52
-116893	26214.5	4398.21
-116887	26214.5	4400.97
-116881	26214.5	4404.72
-116877	26214.5	4409.34
-116873	26214.5	4414.7
-116870	26214.5	4420.62
-116869	26214.5	4426.93
-116868	26214.5	4433.45
-116869	26214.5	4439.96
-116870	26214.5	4446.27
-116873	26214.5	4452.2
-116877	26214.5	4457.55
-116881	26214.5	4462.17
-116887	26214.5	4465.92
-116893	26214.5	4468.68
-116899	26214.5	4470.38
-116906	26214.5	4470.95
-116912	26214.5	4470.38
-116918	26214.5	4468.68
-116924	26214.5	4465.92
-116930	26214.5	4462.17
-116934	26214.5	4457.55
-116938	26214.5	4452.2
-116941	26214.5	4446.27
-116943	26214.5	4439.96
-116943	26214.5	4433.45
-116943	26214.5	4426.93
-116941	26214.5	4420.62
-116938	26214.5	4414.7
-116934	26214.5	4409.34
-116930	26214.5	4404.72
-116924	26214.5	4400.97
-116918	26214.5	4398.21
-117179	26214.5	4415.29
-117173	26214.5	4414.82
-117168	26214.5	4415.29
-117163	26214.5	4416.72
-117158	26214.5	4419.04
-117153	26214.5	4422.19
-117149	26214.5	4426.07
-117146	26214.5	4430.57
-117144	26214.5	4435.54
-117142	26214.5	4440.85
-117142	26214.5	4446.32
-117142	26214.5	4451.79
-117144	26214.5	4457.09
-117146	26214.5	4462.07
-117149	26214.5	4466.56
-117153	26214.5	4470.45
-117158	26214.5	4473.6
-117163	26214.5	4475.92
-117168	26214.5	4477.34
-117173	26214.5	4477.82
-117179	26214.5	4477.34
-117184	26214.5	4475.92
-117189	26214.5	4473.6
-117194	26214.5	4470.45
-117197	26214.5	4466.56
-117201	26214.5	4462.07
-117203	26214.5	4457.09
-117204	26214.5	4451.79
-117205	26214.5	4446.32
-117204	26214.5	4440.85
-117203	26214.5	4435.54
-117201	26214.5	4430.57
-117197	26214.5	4426.07
-117194	26214.5	4422.19
-117189	26214.5	4419.04
-117184	26214.5	4416.72

#	Triangle	98
0	2	1	3	2	0	120	8	123	7	8	120
4	3	5	4	7	3	7	6	3	6	2	3	4	46	7	46	81	7	81	10	7	10	45	7	45	44	7	44	8	7	9	2	6	4	47	46	4	48	47	80	10	81	80	11	10	80	12	11	4	49	48	79	12	80	79	13	12	43	8	44	4	82	49	82	50	49	78	13	79	78	14	13	42	8	43	82	51	50	77	14	78	77	15	14	41	8	42	82	52	51	76	15	77	76	16	15	40	8	41	82	53	52	75	16	76	4	83	82	117	53	82	4	84	83	116	53	117	75	17	16	39	8	40	4	85	84	115	53	116	4	86	85	114	53	115	114	54	53	74	17	75	74	18	17	38	8	39	4	87	86	113	54	114	4	88	87	112	54	113	112	55	54	73	18	74	73	19	18	37	8	38	4	89	88	111	55	112	111	56	55	72	19	73	72	20	19	36	8	37	4	90	89	110	56	111	110	57	56	71	20	72	4	91	90	109	57	110	71	21	20	35	8	36	109	58	57	70	21	71	4	92	91	108	58	109	70	22	21	34	8	35	4	93	92	107	58	108	107	59	58	69	22	70	69	23	22	33	8	34	4	94	93	106	59	107	106	60	59	68	23	69	68	24	23	32	8	33	4	95	94	105	60	106	105	61	60	67	24	68	67	25	24	31	8	32	105	62	61	66	25	67	4	96	95	104	62	105	66	26	25	30	8	31	104	63	62	65	26	66	65	27	26	29	8	30	104	64	63	64	27	65	4	97	96	103	64	104	103	27	64	103	28	27	28	8	29	103	8	28	4	98	97	102	8	103	4	99	98	101	8	102	4	100	99	100	8	101	4	8	100	4	9	8	4	2	9
5	118	4	119	118	5	122	6	121	9	6	122
1	121	0	121	119	0	121	120	119	120	118	119	1	122	121	123	127	120	127	126	120	126	125	120	125	162	120	162	161	120	161	118	120	160	118	161	125	163	162	195	118	160	124	163	125	159	163	124	159	164	163	194	118	195	123	128	127	158	164	159	158	165	164	193	197	194	197	118	194	123	129	128	157	165	158	157	166	165	192	197	193	123	130	129	156	166	157	156	167	166	191	197	192	123	131	130	155	167	156	155	168	167	190	197	191	190	198	197	196	118	197	190	199	198	231	118	196	123	132	131	154	168	155	190	200	199	230	118	231	190	201	200	229	118	230	154	169	168	189	201	190	123	133	132	153	169	154	189	202	201	228	118	229	189	203	202	227	118	228	153	170	169	188	203	189	123	134	133	152	170	153	188	204	203	226	118	227	152	171	170	187	204	188	123	135	134	151	171	152	187	205	204	225	118	226	151	172	171	186	205	187	186	206	205	224	118	225	123	136	135	150	172	151	150	173	172	185	206	186	185	207	206	223	118	224	123	137	136	149	173	150	185	208	207	222	118	223	149	174	173	184	208	185	123	138	137	148	174	149	184	209	208	221	118	222	148	175	174	183	209	184	123	139	138	147	175	148	183	210	209	220	118	221	147	176	175	182	210	183	123	140	139	146	176	147	146	177	176	181	210	182	181	211	210	219	118	220	123	141	140	145	177	146	145	178	177	180	211	181	123	142	141	144	178	145	144	179	178	179	211	180	179	212	211	218	118	219	144	212	179	123	143	142	143	212	144	123	212	143	123	213	212	217	118	218	123	214	213	216	118	217	123	215	214	215	118	216	123	118	215	1	123	122	1	118	123
0	5	3	119	5	0	123	9	122	8	9	123
2	118	1	4	118	2	121	7	120	6	7	121
125	11	124	10	11	125
124	12	159	11	12	124	160	48	195	47	48	160
159	13	158	12	13	159
158	14	157	13	14	158	194	50	193	49	50	194
157	15	156	14	15	157	193	51	192	50	51	193
156	16	155	15	16	156	192	52	191	51	52	192
155	17	154	16	17	155
154	18	153	17	18	154
153	19	152	18	19	153	189	55	188	54	55	189
152	20	151	19	20	152	188	56	187	55	56	188
151	21	150	20	21	151
150	22	149	21	22	150
149	23	148	22	23	149	185	59	184	58	59	185
148	24	147	23	24	148	184	60	183	59	60	184
147	25	146	24	25	147	183	61	182	60	61	183
146	26	145	25	26	146
145	27	144	26	27	145	181	63	180	62	63	181
144	28	143	27	28	144
143	29	142	28	29	143
142	30	141	29	30	142
141	31	140	30	31	141	177	67	176	66	67	177
140	32	139	31	32	140
139	33	138	32	33	139
138	34	137	33	34	138	174	70	173	69	70	174
137	35	136	34	35	137
136	36	135	35	36	136
135	37	134	36	37	135	171	73	170	72	73	171
134	38	133	37	38	134	170	74	169	73	74	170
133	39	132	38	39	133
132	40	131	39	40	132
131	41	130	40	41	131	167	77	166	76	77	167
130	42	129	41	42	130
129	43	128	42	43	129
128	44	127	43	44	128	164	80	163	79	80	164
127	45	126	44	45	127
126	10	125	45	10	126
161	47	160	46	47	161
195	49	194	48	49	195
191	53	190	52	53	191
190	54	189	53	54	190
187	57	186	56	57	187
186	58	185	57	58	186
182	62	181	61	62	182
180	64	179	63	64	180
179	65	178	64	65	179
178	66	177	65	66	178
176	68	175	67	68	176
175	69	174	68	69	175
173	71	172	70	71	173
172	72	171	71	72	172
169	75	168	74	75	169
168	76	167	75	76	168
166	78	165	77	78	166
165	79	164	78	79	165
163	81	162	80	81	163
162	46	161	81	46	162
197	83	196	82	83	197
196	84	231	83	84	196
231	85	230	84	85	231
230	86	229	85	86	230
229	87	228	86	87	229
228	88	227	87	88	228
227	89	226	88	89	227
226	90	225	89	90	226
225	91	224	90	91	225
224	92	223	91	92	224
223	93	222	92	93	223
222	94	221	93	94	222
221	95	220	94	95	221
220	96	219	95	96	220
219	97	218	96	97	219
218	98	217	97	98	218
217	99	216	98	99	217
216	100	215	99	100	216
215	101	214	100	101	215
214	102	213	101	102	214
213	103	212	102	103	213
212	104	211	103	104	212
211	105	210	104	105	211
210	106	209	105	106	210
209	107	208	106	107	209
208	108	207	107	108	208
207	109	206	108	109	207
206	110	205	109	110	206
205	111	204	110	111	205
204	112	203	111	112	204
203	113	202	112	113	203
202	114	201	113	114	202
201	115	200	114	115	201
200	116	199	115	116	200
199	117	198	116	117	199
198	82	197	117	82	198

#	Normal	98
-1	0	0
0	-1	0
1	0	0
0	1	-0
0	0	1
0	0	-1
-0.0872263	0	-0.996189
-0.258885	0	-0.965908
-0.42226	0	-0.906475
-0.573813	0	-0.818986
-0.706883	0	-0.707331
-0.819099	0	-0.573653
-0.906586	0	-0.422022
-0.965792	0	-0.259317
-0.996187	0	-0.0872485
-0.996187	0	0.0872485
-0.965792	0	0.259317
-0.906586	0	0.422022
-0.819099	0	0.573653
-0.706883	0	0.707331
-0.573813	0	0.818986
-0.42226	0	0.906475
-0.258885	0	0.965908
-0.0872263	0	0.996189
0.0871225	-0	0.996198
0.258885	-0	0.965908
0.422718	-0	0.906261
0.573252	-0	0.819379
0.70748	-0	0.706733
0.819099	-0	0.573653
0.906128	-0	0.423004
0.966091	-0	0.258202
0.996187	-0	0.0872485
0.996187	0	-0.0872485
0.966091	0	-0.258202
0.906128	0	-0.423004
0.819099	0	-0.573653
0.70748	0	-0.706733
0.573252	0	-0.819379
0.422718	0	-0.906261
0.258885	0	-0.965908
0.0871225	0	-0.996198
-0.0871225	0	-0.996198
-0.422718	0	-0.906261
-0.906128	0	-0.423004
-0.966091	0	-0.258202
-0.966091	0	0.258202
-0.906128	0	0.423004
-0.422718	0	0.906261
-0.0871225	0	0.996198
0.0872263	-0	0.996189
0.258587	-0	0.965988
0.573813	-0	0.818986
0.706883	-0	0.707331
0.906586	-0	0.422022
0.965792	-0	0.259317
0.965792	0	-0.259317
0.906586	0	-0.422022
0.706883	0	-0.707331
0.573813	0	-0.818986
0.258587	0	-0.965988
0.0872263	0	-0.996189
-0.087167	0	-0.996194
-0.258819	0	-0.965926
-0.422574	0	-0.906328
-0.57406	0	-0.818814
-0.707107	0	-0.707107
-0.819219	0	-0.57348
-0.906328	0	-0.422574
-0.965892	0	-0.258946
-0.996102	0	-0.0882104
-0.996103	0	0.0882026
-0.965892	0	0.258946
-0.906313	0	0.422608
-0.819249	0	0.573438
-0.707062	0	0.707151
-0.57406	0	0.818814
-0.422647	0	0.906294
-0.258736	0	0.965948
-0.087167	0	0.996194
0.0870435	-0	0.996205
0.259092	-0	0.965853
0.422647	-0	0.906294
0.573391	-0	0.819282
0.707062	-0	0.707151
0.819249	-0	0.573438
0.906313	-0	0.422608
0.965892	-0	0.258946
0.996227	-0	0.0867908
0.996226	0	-0.0867985
0.965892	0	-0.258946
0.906328	0	-0.422574
0.819219	0	-0.57348
0.707107	0	-0.707107
0.573391	0	-0.819282
0.422574	0	-0.906328
0.259175	0	-0.96583
0.0870435	0	-0.996205

#	Mesh	0	End

