#	Mesh	0	Begin

#	Vertex	456
-105632	13464.5	-50
-105632	13464.5	5230
-105632	13664.5	5230
-105632	13664.5	-50
-126932	13664.5	5230
-126932	13664.5	-50
-112682	13664.5	4050
-113582	13664.5	4050
-113582	13664.5	4550
-112682	13664.5	4550
-114832	13664.5	4090
-116182	13664.5	4090
-116182	13664.5	4690
-114832	13664.5	4690
-111132	13664.5	3974.03
-111144	13664.5	3975.09
-111156	13664.5	3978.25
-111167	13664.5	3983.41
-111177	13664.5	3990.41
-111185	13664.5	3999.04
-111192	13664.5	4009.03
-111198	13664.5	4020.09
-111201	13664.5	4031.88
-111202	13664.5	4044.03
-111201	13664.5	4056.19
-111198	13664.5	4067.97
-111192	13664.5	4079.03
-111185	13664.5	4089.03
-111177	13664.5	4097.65
-111167	13664.5	4104.65
-111156	13664.5	4109.81
-111144	13664.5	4112.97
-111132	13664.5	4114.03
-111120	13664.5	4112.97
-111108	13664.5	4109.81
-111097	13664.5	4104.65
-111087	13664.5	4097.65
-111078	13664.5	4089.03
-111071	13664.5	4079.03
-111066	13664.5	4067.97
-111063	13664.5	4056.19
-111062	13664.5	4044.03
-111063	13664.5	4031.88
-111066	13664.5	4020.09
-111071	13664.5	4009.03
-111078	13664.5	3999.04
-111087	13664.5	3990.41
-111097	13664.5	3983.41
-111108	13664.5	3978.25
-111120	13664.5	3975.09
-116666	13664.5	4374.92
-116673	13664.5	4375.49
-116679	13664.5	4377.18
-116685	13664.5	4379.94
-116690	13664.5	4383.69
-116695	13664.5	4388.31
-116699	13664.5	4393.67
-116701	13664.5	4399.59
-116703	13664.5	4405.91
-116704	13664.5	4412.42
-116703	13664.5	4418.93
-116701	13664.5	4425.24
-116699	13664.5	4431.17
-116695	13664.5	4436.52
-116690	13664.5	4441.14
-116685	13664.5	4444.89
-116679	13664.5	4447.66
-116673	13664.5	4449.35
-116666	13664.5	4449.92
-116660	13664.5	4449.35
-116653	13664.5	4447.66
-116647	13664.5	4444.89
-116642	13664.5	4441.14
-116637	13664.5	4436.52
-116634	13664.5	4431.17
-116631	13664.5	4425.24
-116629	13664.5	4418.93
-116629	13664.5	4412.42
-116629	13664.5	4405.91
-116631	13664.5	4399.59
-116634	13664.5	4393.67
-116637	13664.5	4388.31
-116642	13664.5	4383.69
-116647	13664.5	4379.94
-116653	13664.5	4377.18
-116660	13664.5	4375.49
-111382	13664.5	3973.47
-111394	13664.5	3974.54
-111406	13664.5	3977.7
-111417	13664.5	3982.85
-111427	13664.5	3989.85
-111435	13664.5	3998.48
-111442	13664.5	4008.47
-111448	13664.5	4019.53
-111451	13664.5	4031.32
-111452	13664.5	4043.47
-111451	13664.5	4055.63
-111448	13664.5	4067.42
-111442	13664.5	4078.47
-111435	13664.5	4088.47
-111427	13664.5	4097.1
-111417	13664.5	4104.1
-111406	13664.5	4109.25
-111394	13664.5	4112.41
-111382	13664.5	4113.48
-111370	13664.5	4112.41
-111358	13664.5	4109.25
-111347	13664.5	4104.1
-111337	13664.5	4097.1
-111328	13664.5	4088.47
-111321	13664.5	4078.47
-111316	13664.5	4067.42
-111313	13664.5	4055.63
-111312	13664.5	4043.47
-111313	13664.5	4031.32
-111316	13664.5	4019.53
-111321	13664.5	4008.47
-111328	13664.5	3998.48
-111337	13664.5	3989.85
-111347	13664.5	3982.85
-111358	13664.5	3977.7
-111370	13664.5	3974.54
-116906	13664.5	4374.6
-116912	13664.5	4375.17
-116918	13664.5	4376.86
-116924	13664.5	4379.62
-116930	13664.5	4383.37
-116934	13664.5	4387.99
-116938	13664.5	4393.35
-116941	13664.5	4399.27
-116943	13664.5	4405.59
-116943	13664.5	4412.1
-116943	13664.5	4418.61
-116941	13664.5	4424.92
-116938	13664.5	4430.85
-116934	13664.5	4436.2
-116930	13664.5	4440.83
-116924	13664.5	4444.58
-116918	13664.5	4447.34
-116912	13664.5	4449.03
-116906	13664.5	4449.6
-116899	13664.5	4449.03
-116893	13664.5	4447.34
-116887	13664.5	4444.58
-116881	13664.5	4440.83
-116877	13664.5	4436.2
-116873	13664.5	4430.85
-116870	13664.5	4424.92
-116869	13664.5	4418.61
-116868	13664.5	4412.1
-116869	13664.5	4405.59
-116870	13664.5	4399.27
-116873	13664.5	4393.35
-116877	13664.5	4387.99
-116881	13664.5	4383.37
-116887	13664.5	4379.62
-116893	13664.5	4376.86
-116899	13664.5	4375.17
-111632	13664.5	4006.9
-111638	13664.5	4007.47
-111645	13664.5	4009.16
-111650	13664.5	4011.92
-111656	13664.5	4015.67
-111660	13664.5	4020.3
-111664	13664.5	4025.65
-111667	13664.5	4031.57
-111669	13664.5	4037.89
-111669	13664.5	4044.4
-111669	13664.5	4050.91
-111667	13664.5	4057.23
-111664	13664.5	4063.15
-111660	13664.5	4068.5
-111656	13664.5	4073.13
-111650	13664.5	4076.88
-111645	13664.5	4079.64
-111638	13664.5	4081.33
-111632	13664.5	4081.9
-111625	13664.5	4081.33
-111619	13664.5	4079.64
-111613	13664.5	4076.88
-111608	13664.5	4073.13
-111603	13664.5	4068.5
-111599	13664.5	4063.15
-111596	13664.5	4057.23
-111595	13664.5	4050.91
-111594	13664.5	4044.4
-111595	13664.5	4037.89
-111596	13664.5	4031.57
-111599	13664.5	4025.65
-111603	13664.5	4020.3
-111608	13664.5	4015.67
-111613	13664.5	4011.92
-111619	13664.5	4009.16
-111625	13664.5	4007.47
-117173	13664.5	4401.62
-117179	13664.5	4402.1
-117184	13664.5	4403.52
-117189	13664.5	4405.84
-117194	13664.5	4408.99
-117197	13664.5	4412.87
-117201	13664.5	4417.37
-117203	13664.5	4422.35
-117204	13664.5	4427.65
-117205	13664.5	4433.12
-117204	13664.5	4438.59
-117203	13664.5	4443.9
-117201	13664.5	4448.87
-117197	13664.5	4453.37
-117194	13664.5	4457.25
-117189	13664.5	4460.4
-117184	13664.5	4462.72
-117179	13664.5	4464.14
-117173	13664.5	4464.62
-117168	13664.5	4464.14
-117163	13664.5	4462.72
-117158	13664.5	4460.4
-117153	13664.5	4457.25
-117149	13664.5	4453.37
-117146	13664.5	4448.87
-117144	13664.5	4443.9
-117142	13664.5	4438.59
-117142	13664.5	4433.12
-117142	13664.5	4427.65
-117144	13664.5	4422.35
-117146	13664.5	4417.37
-117149	13664.5	4412.87
-117153	13664.5	4408.99
-117158	13664.5	4405.84
-117163	13664.5	4403.52
-117168	13664.5	4402.1
-126932	13464.5	5230
-126932	13464.5	-50
-113582	13464.5	4050
-112682	13464.5	4050
-112682	13464.5	4550
-113582	13464.5	4550
-116182	13464.5	4090
-114832	13464.5	4090
-114832	13464.5	4690
-116182	13464.5	4690
-111144	13464.5	3975.09
-111132	13464.5	3974.03
-111120	13464.5	3975.09
-111108	13464.5	3978.25
-111097	13464.5	3983.41
-111087	13464.5	3990.41
-111078	13464.5	3999.04
-111071	13464.5	4009.03
-111066	13464.5	4020.09
-111063	13464.5	4031.88
-111062	13464.5	4044.03
-111063	13464.5	4056.19
-111066	13464.5	4067.97
-111071	13464.5	4079.03
-111078	13464.5	4089.03
-111087	13464.5	4097.65
-111097	13464.5	4104.65
-111108	13464.5	4109.81
-111120	13464.5	4112.97
-111132	13464.5	4114.03
-111144	13464.5	4112.97
-111156	13464.5	4109.81
-111167	13464.5	4104.65
-111177	13464.5	4097.65
-111185	13464.5	4089.03
-111192	13464.5	4079.03
-111198	13464.5	4067.97
-111201	13464.5	4056.19
-111202	13464.5	4044.03
-111201	13464.5	4031.88
-111198	13464.5	4020.09
-111192	13464.5	4009.03
-111185	13464.5	3999.04
-111177	13464.5	3990.41
-111167	13464.5	3983.41
-111156	13464.5	3978.25
-116673	13464.5	4375.49
-116666	13464.5	4374.92
-116660	13464.5	4375.49
-116653	13464.5	4377.18
-116647	13464.5	4379.94
-116642	13464.5	4383.69
-116637	13464.5	4388.31
-116634	13464.5	4393.67
-116631	13464.5	4399.59
-116629	13464.5	4405.91
-116629	13464.5	4412.42
-116629	13464.5	4418.93
-116631	13464.5	4425.24
-116634	13464.5	4431.17
-116637	13464.5	4436.52
-116642	13464.5	4441.14
-116647	13464.5	4444.89
-116653	13464.5	4447.66
-116660	13464.5	4449.35
-116666	13464.5	4449.92
-116673	13464.5	4449.35
-116679	13464.5	4447.66
-116685	13464.5	4444.89
-116690	13464.5	4441.14
-116695	13464.5	4436.52
-116699	13464.5	4431.17
-116701	13464.5	4425.24
-116703	13464.5	4418.93
-116704	13464.5	4412.42
-116703	13464.5	4405.91
-116701	13464.5	4399.59
-116699	13464.5	4393.67
-116695	13464.5	4388.31
-116690	13464.5	4383.69
-116685	13464.5	4379.94
-116679	13464.5	4377.18
-111394	13464.5	3974.54
-111382	13464.5	3973.47
-111370	13464.5	3974.54
-111358	13464.5	3977.7
-111347	13464.5	3982.85
-111337	13464.5	3989.85
-111328	13464.5	3998.48
-111321	13464.5	4008.47
-111316	13464.5	4019.53
-111313	13464.5	4031.32
-111312	13464.5	4043.47
-111313	13464.5	4055.63
-111316	13464.5	4067.42
-111321	13464.5	4078.47
-111328	13464.5	4088.47
-111337	13464.5	4097.1
-111347	13464.5	4104.1
-111358	13464.5	4109.25
-111370	13464.5	4112.41
-111382	13464.5	4113.48
-111394	13464.5	4112.41
-111406	13464.5	4109.25
-111417	13464.5	4104.1
-111427	13464.5	4097.1
-111435	13464.5	4088.47
-111442	13464.5	4078.47
-111448	13464.5	4067.42
-111451	13464.5	4055.63
-111452	13464.5	4043.47
-111451	13464.5	4031.32
-111448	13464.5	4019.53
-111442	13464.5	4008.47
-111435	13464.5	3998.48
-111427	13464.5	3989.85
-111417	13464.5	3982.85
-111406	13464.5	3977.7
-116912	13464.5	4375.17
-116906	13464.5	4374.6
-116899	13464.5	4375.17
-116893	13464.5	4376.86
-116887	13464.5	4379.62
-116881	13464.5	4383.37
-116877	13464.5	4387.99
-116873	13464.5	4393.35
-116870	13464.5	4399.27
-116869	13464.5	4405.59
-116868	13464.5	4412.1
-116869	13464.5	4418.61
-116870	13464.5	4424.92
-116873	13464.5	4430.85
-116877	13464.5	4436.2
-116881	13464.5	4440.83
-116887	13464.5	4444.58
-116893	13464.5	4447.34
-116899	13464.5	4449.03
-116906	13464.5	4449.6
-116912	13464.5	4449.03
-116918	13464.5	4447.34
-116924	13464.5	4444.58
-116930	13464.5	4440.83
-116934	13464.5	4436.2
-116938	13464.5	4430.85
-116941	13464.5	4424.92
-116943	13464.5	4418.61
-116943	13464.5	4412.1
-116943	13464.5	4405.59
-116941	13464.5	4399.27
-116938	13464.5	4393.35
-116934	13464.5	4387.99
-116930	13464.5	4383.37
-116924	13464.5	4379.62
-116918	13464.5	4376.86
-111638	13464.5	4007.47
-111632	13464.5	4006.9
-111625	13464.5	4007.47
-111619	13464.5	4009.16
-111613	13464.5	4011.92
-111608	13464.5	4015.67
-111603	13464.5	4020.3
-111599	13464.5	4025.65
-111596	13464.5	4031.57
-111595	13464.5	4037.89
-111594	13464.5	4044.4
-111595	13464.5	4050.91
-111596	13464.5	4057.23
-111599	13464.5	4063.15
-111603	13464.5	4068.5
-111608	13464.5	4073.13
-111613	13464.5	4076.88
-111619	13464.5	4079.64
-111625	13464.5	4081.33
-111632	13464.5	4081.9
-111638	13464.5	4081.33
-111645	13464.5	4079.64
-111650	13464.5	4076.88
-111656	13464.5	4073.13
-111660	13464.5	4068.5
-111664	13464.5	4063.15
-111667	13464.5	4057.23
-111669	13464.5	4050.91
-111669	13464.5	4044.4
-111669	13464.5	4037.89
-111667	13464.5	4031.57
-111664	13464.5	4025.65
-111660	13464.5	4020.3
-111656	13464.5	4015.67
-111650	13464.5	4011.92
-111645	13464.5	4009.16
-117179	13464.5	4402.1
-117173	13464.5	4401.62
-117168	13464.5	4402.1
-117163	13464.5	4403.52
-117158	13464.5	4405.84
-117153	13464.5	4408.99
-117149	13464.5	4412.87
-117146	13464.5	4417.37
-117144	13464.5	4422.35
-117142	13464.5	4427.65
-117142	13464.5	4433.12
-117142	13464.5	4438.59
-117144	13464.5	4443.9
-117146	13464.5	4448.87
-117149	13464.5	4453.37
-117153	13464.5	4457.25
-117158	13464.5	4460.4
-117163	13464.5	4462.72
-117168	13464.5	4464.14
-117173	13464.5	4464.62
-117179	13464.5	4464.14
-117184	13464.5	4462.72
-117189	13464.5	4460.4
-117194	13464.5	4457.25
-117197	13464.5	4453.37
-117201	13464.5	4448.87
-117203	13464.5	4443.9
-117204	13464.5	4438.59
-117205	13464.5	4433.12
-117204	13464.5	4427.65
-117203	13464.5	4422.35
-117201	13464.5	4417.37
-117197	13464.5	4412.87
-117194	13464.5	4408.99
-117189	13464.5	4405.84
-117184	13464.5	4403.52

#	Triangle	171
0	2	1	3	2	0	232	8	235	7	8	232	236	12	239	11	12	236
4	3	5	4	11	3	11	7	3	7	86	3	86	14	3	14	49	3	49	2	3	7	87	86	121	14	86	121	15	14	7	88	87	120	15	121	120	16	15	48	2	49	7	89	88	119	16	120	119	17	16	47	2	48	7	90	89	118	17	119	118	18	17	46	2	47	7	91	90	117	18	118	117	19	18	45	2	46	7	158	91	158	92	91	116	19	117	116	20	19	44	2	45	7	159	158	193	92	158	7	160	159	192	92	193	192	93	92	115	20	116	115	21	20	43	2	44	7	161	160	191	93	192	7	162	161	190	93	191	7	163	162	189	93	190	189	94	93	114	21	115	114	22	21	42	2	43	7	164	163	188	94	189	7	165	164	187	94	188	187	95	94	113	22	114	7	166	165	186	95	187	113	23	22	41	2	42	7	167	166	185	95	186	185	96	95	112	23	113	112	24	23	40	2	41	7	6	167	6	168	167	184	96	185	11	10	7	10	8	7	9	168	6	9	169	168	183	96	184	183	97	96	111	24	112	111	25	24	39	2	40	9	170	169	182	97	183	9	171	170	181	97	182	181	98	97	110	25	111	110	26	25	38	2	39	9	172	171	180	98	181	9	173	172	179	98	180	9	174	173	178	98	179	178	99	98	109	26	110	109	27	26	37	2	38	9	175	174	177	99	178	9	176	175	176	99	177	9	99	176	9	100	99	108	27	109	108	28	27	36	2	37	4	122	11	122	50	11	50	85	11	85	84	11	84	83	11	83	12	11	13	8	10	9	101	100	107	28	108	107	29	28	35	2	36	9	102	101	106	29	107	106	30	29	34	2	35	9	103	102	105	30	106	105	31	30	33	2	34	9	104	103	104	31	105	104	32	31	32	2	33	9	32	104	9	2	32	4	123	122	157	50	122	157	51	50	4	124	123	156	51	157	156	52	51	4	125	124	155	52	156	155	53	52	4	194	125	194	126	125	154	53	155	154	54	53	82	12	83	194	127	126	153	54	154	153	55	54	81	12	82	194	128	127	152	55	153	152	56	55	80	12	81	194	129	128	151	56	152	151	57	56	79	12	80	194	130	129	150	57	151	150	58	57	78	12	79	4	195	194	229	130	194	4	196	195	228	130	229	4	197	196	227	130	228	227	131	130	149	58	150	4	198	197	226	131	227	149	59	58	77	12	78	4	199	198	225	131	226	225	132	131	148	59	149	148	60	59	76	12	77	4	200	199	224	132	225	4	201	200	223	132	224	223	133	132	147	60	148	147	61	60	75	12	76	4	202	201	222	133	223	222	134	133	146	61	147	146	62	61	74	12	75	4	203	202	221	134	222	221	135	134	145	62	146	145	63	62	73	12	74	4	204	203	220	135	221	220	136	135	144	63	145	144	64	63	72	12	73	4	205	204	219	136	220	219	137	136	143	64	144	143	65	64	71	12	72	4	206	205	218	137	219	218	138	137	142	65	143	142	66	65	70	12	71	218	139	138	141	66	142	141	67	66	69	12	70	4	207	206	217	139	218	217	140	139	140	67	141	140	68	67	68	12	69	217	68	140	217	12	68	4	208	207	216	12	217	4	209	208	215	12	216	4	210	209	214	12	215	4	211	210	213	12	214	4	212	211	212	12	213	4	12	212	13	9	8	13	2	9	4	13	12	4	2	13
5	230	4	231	230	5	234	6	233	9	6	234	238	10	237	13	10	238
1	231	0	1	242	231	242	241	231	241	313	231	313	233	231	233	232	231	232	237	231	237	236	231	236	230	231	241	314	313	312	233	313	240	314	241	240	315	314	347	233	312	1	243	242	275	315	240	275	316	315	346	233	347	1	244	243	274	316	275	274	317	316	345	233	346	1	245	244	273	317	274	273	318	317	344	233	345	1	246	245	272	318	273	272	319	318	343	385	344	385	233	344	1	247	246	271	319	272	343	386	385	384	233	385	343	387	386	419	233	384	271	320	319	342	387	343	1	248	247	270	320	271	342	388	387	418	233	419	342	389	388	417	233	418	342	390	389	416	233	417	270	321	320	341	390	342	1	249	248	269	321	270	341	391	390	415	233	416	341	392	391	414	233	415	269	322	321	340	392	341	340	393	392	413	233	414	1	250	249	268	322	269	340	394	393	412	233	413	268	323	322	339	394	340	1	251	250	267	323	268	339	395	394	411	233	412	411	234	233	235	237	232	339	396	395	410	234	411	267	324	323	338	396	339	1	252	251	266	324	267	338	397	396	409	234	410	338	398	397	408	234	409	266	325	324	337	398	338	1	253	252	265	325	266	337	399	398	407	234	408	337	400	399	406	234	407	337	401	400	405	234	406	265	326	325	336	401	337	1	254	253	264	326	265	336	402	401	404	234	405	336	403	402	403	234	404	336	234	403	264	327	326	335	234	336	1	255	254	263	327	264	235	238	237	239	280	236	280	279	236	279	278	236	278	277	236	277	349	236	349	230	236	263	328	327	334	234	335	1	256	255	262	328	263	262	329	328	333	234	334	1	257	256	261	329	262	261	330	329	332	234	333	1	258	257	260	330	261	260	331	330	331	234	332	1	259	258	259	331	260	259	234	331	1	234	259	277	350	349	348	230	349	276	350	277	276	351	350	383	230	348	311	351	276	311	352	351	382	230	383	310	352	311	310	353	352	381	421	382	421	230	382	239	281	280	309	353	310	309	354	353	380	421	381	239	282	281	308	354	309	308	355	354	379	421	380	239	283	282	307	355	308	307	356	355	378	421	379	239	284	283	306	356	307	306	357	356	377	421	378	239	285	284	305	357	306	377	422	421	420	230	421	377	423	422	455	230	420	377	424	423	454	230	455	305	358	357	376	424	377	376	425	424	453	230	454	239	286	285	304	358	305	376	426	425	452	230	453	304	359	358	375	426	376	239	287	286	303	359	304	375	427	426	451	230	452	375	428	427	450	230	451	303	360	359	374	428	375	239	288	287	302	360	303	374	429	428	449	230	450	302	361	360	373	429	374	239	289	288	301	361	302	373	430	429	448	230	449	301	362	361	372	430	373	239	290	289	300	362	301	372	431	430	447	230	448	300	363	362	371	431	372	239	291	290	299	363	300	371	432	431	446	230	447	299	364	363	370	432	371	239	292	291	298	364	299	370	433	432	445	230	446	298	365	364	369	433	370	239	293	292	297	365	298	297	366	365	368	433	369	239	294	293	296	366	297	368	434	433	444	230	445	296	367	366	367	434	368	239	295	294	295	367	296	295	434	367	239	434	295	239	435	434	443	230	444	239	436	435	442	230	443	239	437	436	441	230	442	239	438	437	440	230	441	239	439	438	439	230	440	239	230	439	1	235	234	1	238	235	1	239	238	1	230	239
0	5	3	231	5	0	235	9	234	8	9	235	239	13	238	12	13	239
2	230	1	4	230	2	233	7	232	6	7	233	237	11	236	10	11	237
241	15	240	14	15	241	313	87	312	86	87	313
240	16	275	15	16	240
275	17	274	16	17	275
274	18	273	17	18	274
273	19	272	18	19	273
272	20	271	19	20	272	344	92	343	91	92	344
271	21	270	20	21	271	343	93	342	92	93	343
270	22	269	21	22	270
269	23	268	22	23	269
268	24	267	23	24	268
267	25	266	24	25	267
266	26	265	25	26	266	338	98	337	97	98	338
265	27	264	26	27	265	337	99	336	98	99	337
264	28	263	27	28	264
263	29	262	28	29	263	335	101	334	100	101	335
262	30	261	29	30	262	334	102	333	101	102	334
261	31	260	30	31	261	333	103	332	102	103	333
260	32	259	31	32	260	332	104	331	103	104	332
259	33	258	32	33	259	331	105	330	104	105	331
258	34	257	33	34	258	330	106	329	105	106	330
257	35	256	34	35	257	329	107	328	106	107	329
256	36	255	35	36	256	328	108	327	107	108	328
255	37	254	36	37	255
254	38	253	37	38	254	326	110	325	109	110	326
253	39	252	38	39	253	325	111	324	110	111	325
252	40	251	39	40	252
251	41	250	40	41	251
250	42	249	41	42	250
249	43	248	42	43	249
248	44	247	43	44	248	320	116	319	115	116	320
247	45	246	44	45	247	319	117	318	116	117	319
246	46	245	45	46	246
245	47	244	46	47	245
244	48	243	47	48	244
243	49	242	48	49	243
242	14	241	49	14	242	314	86	313	121	86	314
277	51	276	50	51	277	385	159	384	158	159	385
276	52	311	51	52	276
311	53	310	52	53	311
310	54	309	53	54	310	382	126	381	125	126	382
309	55	308	54	55	309	381	127	380	126	127	381	417	163	416	162	163	417
308	56	307	55	56	308	380	128	379	127	128	380	416	164	415	163	164	416
307	57	306	56	57	307	415	165	414	164	165	415
306	58	305	57	58	306	414	166	413	165	166	414
305	59	304	58	59	305	377	131	376	130	131	377	413	167	412	166	167	413
304	60	303	59	60	304	376	132	375	131	132	376
303	61	302	60	61	303	411	169	410	168	169	411
302	62	301	61	62	302
301	63	300	62	63	301	373	135	372	134	135	373	409	171	408	170	171	409
300	64	299	63	64	300	372	136	371	135	136	372
299	65	298	64	65	299	371	137	370	136	137	371
298	66	297	65	66	298
297	67	296	66	67	297	369	139	368	138	139	369
296	68	295	67	68	296
295	69	294	68	69	295
294	70	293	69	70	294	402	178	401	177	178	402
293	71	292	70	71	293	365	143	364	142	143	365
292	72	291	71	72	292
291	73	290	72	73	291
290	74	289	73	74	290	362	146	361	145	146	362	398	182	397	181	182	398
289	75	288	74	75	289
288	76	287	75	76	288	396	184	395	183	184	396
287	77	286	76	77	287	359	149	358	148	149	359
286	78	285	77	78	286	358	150	357	149	150	358	394	186	393	185	186	394
285	79	284	78	79	285	393	187	392	186	187	393
284	80	283	79	80	284	392	188	391	187	188	392
283	81	282	80	81	283	355	153	354	152	153	355	391	189	390	188	189	391
282	82	281	81	82	282	390	190	389	189	190	390
281	83	280	82	83	281
280	84	279	83	84	280
279	85	278	84	85	279
278	50	277	85	50	278	386	158	385	193	158	386
312	88	347	87	88	312
347	89	346	88	89	347
346	90	345	89	90	346
345	91	344	90	91	345
342	94	341	93	94	342
341	95	340	94	95	341
340	96	339	95	96	340
339	97	338	96	97	339
336	100	335	99	100	336
327	109	326	108	109	327
324	112	323	111	112	324
323	113	322	112	113	323
322	114	321	113	114	322
321	115	320	114	115	321
318	118	317	117	118	318
317	119	316	118	119	317
316	120	315	119	120	316
315	121	314	120	121	315
349	123	348	122	123	349
348	124	383	123	124	348
383	125	382	124	125	383	419	161	418	160	161	419
379	129	378	128	129	379
378	130	377	129	130	378
375	133	374	132	133	375
374	134	373	133	134	374
370	138	369	137	138	370
368	140	367	139	140	368
367	141	366	140	141	367
366	142	365	141	142	366
364	144	363	143	144	364
363	145	362	144	145	363
361	147	360	146	147	361
360	148	359	147	148	360
357	151	356	150	151	357
356	152	355	151	152	356
354	154	353	153	154	354
353	155	352	154	155	353
352	156	351	155	156	352	388	192	387	191	192	388
351	157	350	156	157	351
350	122	349	157	122	350
384	160	419	159	160	384
418	162	417	161	162	418
412	168	411	167	168	412
410	170	409	169	170	410
408	172	407	171	172	408
407	173	406	172	173	407
406	174	405	173	174	406
405	175	404	174	175	405
404	176	403	175	176	404
403	177	402	176	177	403
401	179	400	178	179	401
400	180	399	179	180	400
399	181	398	180	181	399
397	183	396	182	183	397
395	185	394	184	185	395
389	191	388	190	191	389
387	193	386	192	193	387
421	195	420	194	195	421
420	196	455	195	196	420
455	197	454	196	197	455
454	198	453	197	198	454
453	199	452	198	199	453
452	200	451	199	200	452
451	201	450	200	201	451
450	202	449	201	202	450
449	203	448	202	203	449
448	204	447	203	204	448
447	205	446	204	205	447
446	206	445	205	206	446
445	207	444	206	207	445
444	208	443	207	208	444
443	209	442	208	209	443
442	210	441	209	210	442
441	211	440	210	211	441
440	212	439	211	212	440
439	213	438	212	213	439
438	214	437	213	214	438
437	215	436	214	215	437
436	216	435	215	216	436
435	217	434	216	217	435
434	218	433	217	218	434
433	219	432	218	219	433
432	220	431	219	220	432
431	221	430	220	221	431
430	222	429	221	222	430
429	223	428	222	223	429
428	224	427	223	224	428
427	225	426	224	225	427
426	226	425	225	226	426
425	227	424	226	227	425
424	228	423	227	228	424
423	229	422	228	229	423
422	194	421	229	194	422

#	Normal	171
-1	0	0
0	-1	0
1	0	0
0	1	-0
0	0	1
0	0	-1
-0.0871511	0	-0.996195
-0.25891	0	-0.965902
-0.422498	0	-0.906364
-0.573683	0	-0.819078
-0.706917	0	-0.707297
-0.819401	0	-0.573221
-0.906077	0	-0.423113
-0.965962	0	-0.258684
-0.996202	0	-0.0870769
-0.996201	0	0.0870786
-0.965963	0	0.258679
-0.906077	0	0.423113
-0.819401	0	0.573221
-0.706907	0	0.707307
-0.573683	0	0.819078
-0.422498	0	0.906364
-0.258928	0	0.965897
-0.0871511	0	0.996195
0.0871511	-0	0.996195
0.258768	-0	0.965939
0.422743	-0	0.90625
0.573382	-0	0.819288
0.707227	-0	0.706987
0.8191	-0	0.57365
0.906322	-0	0.422588
0.965963	-0	0.258679
0.996201	-0	0.0870786
0.996202	0	-0.0870769
0.965962	0	-0.258684
0.906322	0	-0.422588
0.8191	0	-0.57365
0.707237	0	-0.706977
0.573382	0	-0.819288
0.422743	0	-0.90625
0.258749	0	-0.965944
0.0871511	0	-0.996195
-0.0872263	0	-0.996189
-0.258885	0	-0.965908
-0.42226	0	-0.906475
-0.573813	0	-0.818986
-0.706883	0	-0.707331
-0.819099	0	-0.573653
-0.906586	0	-0.422022
-0.965792	0	-0.259317
-0.996187	0	-0.0872485
-0.996187	0	0.0872485
-0.965792	0	0.259317
-0.906586	0	0.422022
-0.819099	0	0.573653
-0.706883	0	0.707331
-0.573813	0	0.818986
-0.42226	0	0.906475
-0.258885	0	0.965908
-0.0872263	0	0.996189
0.0871225	-0	0.996198
0.258885	-0	0.965908
0.422718	-0	0.906261
0.573252	-0	0.819379
0.70748	-0	0.706733
0.819099	-0	0.573653
0.906128	-0	0.423004
0.966091	-0	0.258202
0.996187	-0	0.0872485
0.996187	0	-0.0872485
0.966091	0	-0.258202
0.906128	0	-0.423004
0.819099	0	-0.573653
0.70748	0	-0.706733
0.573252	0	-0.819379
0.422718	0	-0.906261
0.258885	0	-0.965908
0.0871225	0	-0.996198
-0.258928	0	-0.965897
-0.422481	0	-0.906372
-0.573696	0	-0.819068
-0.706907	0	-0.707307
-0.965963	0	-0.258679
-0.996201	0	-0.0870786
-0.996202	0	0.0870769
-0.965962	0	0.258684
-0.706917	0	0.707297
0.707237	-0	0.706977
0.965962	-0	0.258684
0.996202	-0	0.0870769
0.996201	0	-0.0870786
0.965963	0	-0.258679
0.707227	0	-0.706987
0.573395	0	-0.819279
0.422727	0	-0.906257
0.258768	0	-0.965939
-0.0871225	0	-0.996198
-0.258816	0	-0.965927
-0.422779	0	-0.906233
-0.906128	0	-0.423004
-0.966091	0	-0.258202
-0.966091	0	0.258202
-0.906128	0	0.423004
-0.422718	0	0.906261
-0.0871225	0	0.996198
0.0872263	-0	0.996189
0.258587	-0	0.965988
0.573813	-0	0.818986
0.706883	-0	0.707331
0.906586	-0	0.422022
0.965792	-0	0.259317
0.965792	0	-0.259317
0.906586	0	-0.422022
0.706883	0	-0.707331
0.573813	0	-0.818986
0.422779	0	-0.906233
0.258517	0	-0.966007
0.0872263	0	-0.996189
-0.258552	0	-0.965997
-0.573788	0	-0.819004
-0.996187	0	0.0872452
-0.906579	0	0.422036
-0.706901	0	0.707312
-0.573788	0	0.819004
-0.422748	0	0.906247
-0.258587	0	0.965988
-0.0871892	0	0.996192
0.0870855	-0	0.996201
0.422748	-0	0.906247
0.573227	-0	0.819397
0.707499	-0	0.706714
0.906121	-0	0.423018
0.996187	-0	0.0872452
0.573227	0	-0.819397
0.258851	0	-0.965917
-0.087167	0	-0.996194
-0.258736	0	-0.965948
-0.422647	0	-0.906294
-0.57406	0	-0.818814
-0.707062	0	-0.707151
-0.819249	0	-0.573438
-0.906313	0	-0.422608
-0.965892	0	-0.258946
-0.996103	0	-0.0882026
-0.996102	0	0.0882104
-0.965892	0	0.258946
-0.906328	0	0.422574
-0.819219	0	0.57348
-0.707107	0	0.707107
-0.57406	0	0.818814
-0.422574	0	0.906328
-0.258819	0	0.965926
-0.087167	0	0.996194
0.0870435	-0	0.996205
0.259175	-0	0.96583
0.422574	-0	0.906328
0.573391	-0	0.819282
0.707107	-0	0.707107
0.819219	-0	0.57348
0.906328	-0	0.422574
0.965892	-0	0.258946
0.996226	-0	0.0867985
0.996227	0	-0.0867908
0.965892	0	-0.258946
0.906313	0	-0.422608
0.819249	0	-0.573438
0.707062	0	-0.707151
0.573391	0	-0.819282
0.422647	0	-0.906294
0.259092	0	-0.965853
0.0870435	0	-0.996205

#	Mesh	0	End

