#	Mesh	0	Begin

#	Vertex	162
-89281.7	-30585.5	-50
-89281.7	-30585.5	4351.6
-89081.7	-30585.5	4351.6
-89081.7	-30585.5	-50
-89081.7	-24435.5	4351.6
-89081.7	-24435.5	-50
-89081.7	-30435.5	3600
-89081.7	-30435.5	-5.00222e-012
-89081.7	-24435.5	-5.00222e-012
-89081.7	-29271.1	4351.07
-89081.7	-29284.5	4347.46
-89081.7	-29297.2	4341.56
-89081.7	-29308.6	4333.56
-89081.7	-29318.4	4323.7
-89081.7	-29326.4	4312.28
-89081.7	-29332.3	4299.64
-89081.7	-29335.9	4286.17
-89081.7	-29337.2	4272.28
-89081.7	-29335.9	4258.39
-89081.7	-29332.3	4244.92
-89081.7	-29326.4	4232.28
-89081.7	-29318.4	4220.86
-89081.7	-29308.6	4211
-89081.7	-29297.2	4203
-89081.7	-29284.5	4197.11
-89081.7	-29271.1	4193.5
-89081.7	-29257.2	4192.28
-89081.7	-29243.3	4193.5
-89081.7	-29229.8	4197.11
-89081.7	-29217.2	4203
-89081.7	-29205.7	4211
-89081.7	-29195.9	4220.86
-89081.7	-29187.9	4232.28
-89081.7	-29182	4244.92
-89081.7	-29178.4	4258.39
-89081.7	-29177.2	4272.28
-89081.7	-29178.4	4286.17
-89081.7	-29182	4299.64
-89081.7	-29187.9	4312.28
-89081.7	-29195.9	4323.7
-89081.7	-29205.7	4333.56
-89081.7	-29217.2	4341.56
-89081.7	-29229.8	4347.46
-89081.7	-29243.3	4351.07
-89081.7	-28960.5	4186.32
-89081.7	-28946.6	4187.54
-89081.7	-28933.1	4191.15
-89081.7	-28920.5	4197.04
-89081.7	-28909.1	4205.04
-89081.7	-28899.2	4214.9
-89081.7	-28891.2	4226.32
-89081.7	-28885.3	4238.96
-89081.7	-28881.7	4252.43
-89081.7	-28880.5	4266.32
-89081.7	-28881.7	4280.21
-89081.7	-28885.3	4293.68
-89081.7	-28891.2	4306.32
-89081.7	-28899.2	4317.75
-89081.7	-28909.1	4327.61
-89081.7	-28920.5	4335.6
-89081.7	-28933.1	4341.5
-89081.7	-28946.6	4345.11
-89081.7	-28960.5	4346.32
-89081.7	-28974.4	4345.11
-89081.7	-28987.8	4341.5
-89081.7	-29000.5	4335.6
-89081.7	-29011.9	4327.61
-89081.7	-29021.8	4317.75
-89081.7	-29029.8	4306.32
-89081.7	-29035.7	4293.68
-89081.7	-29039.3	4280.21
-89081.7	-29040.5	4266.32
-89081.7	-29039.3	4252.43
-89081.7	-29035.7	4238.96
-89081.7	-29029.8	4226.32
-89081.7	-29021.8	4214.9
-89081.7	-29011.9	4205.04
-89081.7	-29000.5	4197.04
-89081.7	-28987.8	4191.15
-89081.7	-28974.4	4187.54
-89281.7	-24435.5	-5.00222e-012
-89281.7	-24435.5	-50
-89281.7	-24435.5	4351.6
-89081.7	-24435.5	3600
-89281.7	-30435.5	-5.00222e-012
-89281.7	-30435.5	3600
-89281.7	-24435.5	3600
-89281.7	-29243.3	4351.07
-89281.7	-29229.8	4347.46
-89281.7	-29217.2	4341.56
-89281.7	-29205.7	4333.56
-89281.7	-29195.9	4323.7
-89281.7	-29187.9	4312.28
-89281.7	-29182	4299.64
-89281.7	-29178.4	4286.17
-89281.7	-29177.2	4272.28
-89281.7	-29178.4	4258.39
-89281.7	-29182	4244.92
-89281.7	-29187.9	4232.28
-89281.7	-29195.9	4220.86
-89281.7	-29205.7	4211
-89281.7	-29217.2	4203
-89281.7	-29229.8	4197.11
-89281.7	-29243.3	4193.5
-89281.7	-29257.2	4192.28
-89281.7	-29271.1	4193.5
-89281.7	-29284.5	4197.11
-89281.7	-29297.2	4203
-89281.7	-29308.6	4211
-89281.7	-29318.4	4220.86
-89281.7	-29326.4	4232.28
-89281.7	-29332.3	4244.92
-89281.7	-29335.9	4258.39
-89281.7	-29337.2	4272.28
-89281.7	-29335.9	4286.17
-89281.7	-29332.3	4299.64
-89281.7	-29326.4	4312.28
-89281.7	-29318.4	4323.7
-89281.7	-29308.6	4333.56
-89281.7	-29297.2	4341.56
-89281.7	-29284.5	4347.46
-89281.7	-29271.1	4351.07
-89281.7	-28946.6	4187.54
-89281.7	-28960.5	4186.32
-89281.7	-28974.4	4187.54
-89281.7	-28987.8	4191.15
-89281.7	-29000.5	4197.04
-89281.7	-29011.9	4205.04
-89281.7	-29021.8	4214.9
-89281.7	-29029.8	4226.32
-89281.7	-29035.7	4238.96
-89281.7	-29039.3	4252.43
-89281.7	-29040.5	4266.32
-89281.7	-29039.3	4280.21
-89281.7	-29035.7	4293.68
-89281.7	-29029.8	4306.32
-89281.7	-29021.8	4317.75
-89281.7	-29011.9	4327.61
-89281.7	-29000.5	4335.6
-89281.7	-28987.8	4341.5
-89281.7	-28974.4	4345.11
-89281.7	-28960.5	4346.32
-89281.7	-28946.6	4345.11
-89281.7	-28933.1	4341.5
-89281.7	-28920.5	4335.6
-89281.7	-28909.1	4327.61
-89281.7	-28899.2	4317.75
-89281.7	-28891.2	4306.32
-89281.7	-28885.3	4293.68
-89281.7	-28881.7	4280.21
-89281.7	-28880.5	4266.32
-89281.7	-28881.7	4252.43
-89281.7	-28885.3	4238.96
-89281.7	-28891.2	4226.32
-89281.7	-28899.2	4214.9
-89281.7	-28909.1	4205.04
-89281.7	-28920.5	4197.04
-89281.7	-28933.1	4191.15
-89081.7	-29249.3	4351.6
-89281.7	-29249.3	4351.6
-89281.7	-29265	4351.6
-89081.7	-29265	4351.6

#	Triangle	70
0	2	1	3	2	0
8	3	5	8	7	3	7	2	3	6	2	7	4	6	83	4	44	6	44	79	6	79	26	6	26	25	6	25	2	6	4	45	44	4	46	45	78	26	79	4	47	46	77	26	78	77	27	26	77	28	27	24	2	25	4	48	47	76	28	77	76	29	28	23	2	24	76	30	29	22	2	23	4	49	48	75	30	76	75	31	30	21	2	22	4	50	49	74	31	75	74	32	31	20	2	21	4	51	50	73	32	74	73	33	32	19	2	20	4	52	51	72	33	73	72	34	33	18	2	19	4	53	52	71	34	72	71	35	34	17	2	18	4	54	53	70	35	71	70	36	35	16	2	17	4	55	54	69	36	70	69	37	36	15	2	16	4	56	55	68	37	69	68	38	37	14	2	15	4	57	56	67	38	68	67	39	38	13	2	14	4	58	57	66	39	67	66	40	39	12	2	13	4	59	58	65	40	66	65	41	40	11	2	12	4	60	59	64	41	65	4	61	60	63	41	64	63	42	41	10	2	11	4	62	61	62	42	63	4	42	62	4	43	42	9	2	10	4	158	43	161	2	9
8	81	80	5	81	8	86	4	83	82	4	86	84	6	7	85	6	84
1	84	0	84	81	0	84	80	81	1	85	84	1	86	85	1	105	86	105	104	86	104	124	86	124	123	86	123	82	86	122	82	123	104	125	124	157	82	122	104	126	125	156	82	157	103	126	104	1	106	105	102	126	103	102	127	126	155	82	156	1	107	106	101	127	102	1	108	107	100	127	101	100	128	127	154	82	155	1	109	108	99	128	100	99	129	128	153	82	154	1	110	109	98	129	99	98	130	129	152	82	153	1	111	110	97	130	98	97	131	130	151	82	152	1	112	111	96	131	97	96	132	131	150	82	151	1	113	112	95	132	96	95	133	132	149	82	150	1	114	113	94	133	95	94	134	133	148	82	149	1	115	114	93	134	94	93	135	134	147	82	148	1	116	115	92	135	93	92	136	135	146	82	147	1	117	116	91	136	92	91	137	136	145	82	146	1	118	117	90	137	91	90	138	137	144	82	145	1	119	118	89	138	90	89	139	138	143	82	144	89	140	139	142	82	143	1	120	119	88	140	89	88	141	140	141	82	142	88	82	141	1	121	120	87	82	88	1	160	121	159	82	87
0	5	3	81	5	0	85	83	6	86	83	85
158	82	159	4	82	158	160	2	161	1	2	160	80	7	8	84	7	80
104	27	103	26	27	104
103	28	102	27	28	103
102	29	101	28	29	102
101	30	100	29	30	101
100	31	99	30	31	100	155	49	154	48	49	155
99	32	98	31	32	99	154	50	153	49	50	154
98	33	97	32	33	98
97	34	96	33	34	97
96	35	95	34	35	96
95	36	94	35	36	95
94	37	93	36	37	94
93	38	92	37	38	93
92	39	91	38	39	92	147	57	146	56	57	147
91	40	90	39	40	91
90	41	89	40	41	90
89	42	88	41	42	89
88	43	87	42	43	88
87	158	159	43	158	87
9	160	161	121	160	9
121	10	120	9	10	121
120	11	119	10	11	120	139	65	138	64	65	139
119	12	118	11	12	119
118	13	117	12	13	118
117	14	116	13	14	117
116	15	115	14	15	116	135	69	134	68	69	135
115	16	114	15	16	115	134	70	133	69	70	134
114	17	113	16	17	114
113	18	112	17	18	113
112	19	111	18	19	112	131	73	130	72	73	131
111	20	110	19	20	111	130	74	129	73	74	130
110	21	109	20	21	110
109	22	108	21	22	109
108	23	107	22	23	108
107	24	106	23	24	107
106	25	105	24	25	106
105	26	104	25	26	105
123	45	122	44	45	123
122	46	157	45	46	122
157	47	156	46	47	157
156	48	155	47	48	156
153	51	152	50	51	153
152	52	151	51	52	152
151	53	150	52	53	151
150	54	149	53	54	150
149	55	148	54	55	149
148	56	147	55	56	148
146	58	145	57	58	146
145	59	144	58	59	145
144	60	143	59	60	144
143	61	142	60	61	143
142	62	141	61	62	142
141	63	140	62	63	141
140	64	139	63	64	140
138	66	137	65	66	138
137	67	136	66	67	137
136	68	135	67	68	136
133	71	132	70	71	133
132	72	131	71	72	132
129	75	128	74	75	129
128	76	127	75	76	128
127	77	126	76	77	127
126	78	125	77	78	126
125	79	124	78	79	125
124	44	123	79	44	124

#	Normal	70
-0	1	0
-1	0	0
0	-1	0
1	0	0
0	-0	1
0	0	-1
0	0.0871478	-0.996195
0	0.25878	-0.965936
0	0.422675	-0.906282
0	0.573552	-0.819169
0	0.707072	-0.707142
0	0.819174	-0.573545
0	0.906327	-0.422577
0	0.965923	-0.258831
0	0.996198	-0.0871161
-0	0.996198	0.0871192
-0	0.965923	0.258831
-0	0.906333	0.422563
-0	0.819163	0.573561
-0	0.707072	0.707142
-0	0.573552	0.819169
-0	0.422675	0.906282
-0	0.25878	0.965936
-0	0.0871949	0.996191
0	-0.0871949	0.996191
0	-0.25878	0.965936
0	-0.422621	0.906307
0	-0.573617	0.819123
0	-0.707072	0.707142
0	-0.819163	0.573561
0	-0.906333	0.422563
0	-0.965923	0.258831
0	-0.996186	0.0872582
0	-0.996186	-0.0872551
0	-0.965923	-0.258831
0	-0.906327	-0.422577
0	-0.819174	-0.573545
0	-0.707072	-0.707142
0	-0.573617	-0.819123
0	-0.422621	-0.906307
0	-0.25878	-0.965936
0	-0.08716	-0.996194
0	0.08716	-0.996194
0	0.258813	-0.965927
0	0.422592	-0.90632
0	0.573617	-0.819123
0	0.906273	-0.422692
0	0.965958	-0.2587
0	0.996186	-0.0872551
-0	0.996186	0.0872582
-0	0.965958	0.2587
-0	0.90628	0.422678
-0	0.707089	0.707124
-0	0.573594	0.81914
-0	0.422621	0.906307
-0	0.258813	0.965927
-0	0.08716	0.996194
0	-0.0871478	0.996195
0	-0.258848	0.965918
0	-0.573528	0.819186
0	-0.707159	0.707054
0	-0.819097	0.573655
0	-0.996198	0.0871192
0	-0.996198	-0.0871161
0	-0.819109	-0.573639
0	-0.707142	-0.707072
0	-0.573552	-0.819169
0	-0.422592	-0.90632
0	-0.258848	-0.965918
0	-0.0871478	-0.996195

#	Mesh	0	End

