#	Mesh	0	Begin

#	Vertex	456
-106332	9664.53	-50
-106332	9664.53	5230
-106332	9864.53	5230
-106332	9864.53	-50
-114032	9864.53	5230
-114032	9864.53	-50
-114012	9693.62	1900
-114012	9864.53	1900
-113312	9693.62	1900
-113312	9864.53	1900
-113312	9693.62	100
-113312	9864.53	100
-114012	9693.62	100
-114012	9864.53	100
-112682	9864.53	4050
-113582	9864.53	4050
-113582	9864.53	4550
-112682	9864.53	4550
-111132	9864.53	3959.63
-111144	9864.53	3960.69
-111156	9864.53	3963.85
-111167	9864.53	3969.01
-111177	9864.53	3976
-111185	9864.53	3984.63
-111192	9864.53	3994.63
-111198	9864.53	4005.69
-111201	9864.53	4017.47
-111202	9864.53	4029.63
-111201	9864.53	4041.78
-111198	9864.53	4053.57
-111192	9864.53	4064.63
-111185	9864.53	4074.62
-111177	9864.53	4083.25
-111167	9864.53	4090.25
-111156	9864.53	4095.41
-111144	9864.53	4098.56
-111132	9864.53	4099.63
-111120	9864.53	4098.56
-111108	9864.53	4095.41
-111097	9864.53	4090.25
-111087	9864.53	4083.25
-111078	9864.53	4074.62
-111071	9864.53	4064.63
-111066	9864.53	4053.57
-111063	9864.53	4041.78
-111062	9864.53	4029.63
-111063	9864.53	4017.47
-111066	9864.53	4005.69
-111071	9864.53	3994.63
-111078	9864.53	3984.63
-111087	9864.53	3976
-111097	9864.53	3969.01
-111108	9864.53	3963.85
-111120	9864.53	3960.69
-111932	9864.53	3834.44
-111946	9864.53	3835.73
-111961	9864.53	3839.57
-111974	9864.53	3845.83
-111986	9864.53	3854.33
-111997	9864.53	3864.81
-112005	9864.53	3876.94
-112012	9864.53	3890.37
-112015	9864.53	3904.68
-112017	9864.53	3919.44
-112015	9864.53	3934.2
-112012	9864.53	3948.52
-112005	9864.53	3961.94
-111997	9864.53	3974.08
-111986	9864.53	3984.56
-111974	9864.53	3993.06
-111961	9864.53	3999.32
-111946	9864.53	4003.15
-111932	9864.53	4004.44
-111917	9864.53	4003.15
-111903	9864.53	3999.32
-111889	9864.53	3993.06
-111877	9864.53	3984.56
-111867	9864.53	3974.08
-111858	9864.53	3961.94
-111852	9864.53	3948.52
-111848	9864.53	3934.2
-111847	9864.53	3919.44
-111848	9864.53	3904.68
-111852	9864.53	3890.37
-111858	9864.53	3876.94
-111867	9864.53	3864.81
-111877	9864.53	3854.33
-111889	9864.53	3845.83
-111903	9864.53	3839.57
-111917	9864.53	3835.73
-111382	9864.53	3959.07
-111394	9864.53	3960.13
-111406	9864.53	3963.29
-111417	9864.53	3968.44
-111427	9864.53	3975.44
-111435	9864.53	3984.07
-111442	9864.53	3994.07
-111448	9864.53	4005.12
-111451	9864.53	4016.91
-111452	9864.53	4029.07
-111451	9864.53	4041.22
-111448	9864.53	4053.01
-111442	9864.53	4064.07
-111435	9864.53	4074.06
-111427	9864.53	4082.69
-111417	9864.53	4089.69
-111406	9864.53	4094.84
-111394	9864.53	4098
-111382	9864.53	4099.07
-111370	9864.53	4098
-111358	9864.53	4094.84
-111347	9864.53	4089.69
-111337	9864.53	4082.69
-111328	9864.53	4074.06
-111321	9864.53	4064.07
-111316	9864.53	4053.01
-111313	9864.53	4041.22
-111312	9864.53	4029.07
-111313	9864.53	4016.91
-111316	9864.53	4005.12
-111321	9864.53	3994.07
-111328	9864.53	3984.07
-111337	9864.53	3975.44
-111347	9864.53	3968.44
-111358	9864.53	3963.29
-111370	9864.53	3960.13
-112182	9864.53	3833.48
-112196	9864.53	3834.77
-112211	9864.53	3838.6
-112224	9864.53	3844.87
-112236	9864.53	3853.36
-112247	9864.53	3863.84
-112255	9864.53	3875.98
-112262	9864.53	3889.41
-112265	9864.53	3903.72
-112267	9864.53	3918.48
-112265	9864.53	3933.24
-112262	9864.53	3947.55
-112255	9864.53	3960.98
-112247	9864.53	3973.12
-112236	9864.53	3983.59
-112224	9864.53	3992.09
-112211	9864.53	3998.35
-112196	9864.53	4002.19
-112182	9864.53	4003.48
-112167	9864.53	4002.19
-112153	9864.53	3998.35
-112139	9864.53	3992.09
-112127	9864.53	3983.59
-112117	9864.53	3973.12
-112108	9864.53	3960.98
-112102	9864.53	3947.55
-112098	9864.53	3933.24
-112097	9864.53	3918.48
-112098	9864.53	3903.72
-112102	9864.53	3889.41
-112108	9864.53	3875.98
-112117	9864.53	3863.84
-112127	9864.53	3853.36
-112139	9864.53	3844.87
-112153	9864.53	3838.6
-112167	9864.53	3834.77
-111632	9864.53	3992.09
-111638	9864.53	3992.66
-111645	9864.53	3994.35
-111650	9864.53	3997.11
-111656	9864.53	4000.86
-111660	9864.53	4005.48
-111664	9864.53	4010.84
-111667	9864.53	4016.76
-111669	9864.53	4023.08
-111669	9864.53	4029.59
-111669	9864.53	4036.1
-111667	9864.53	4042.41
-111664	9864.53	4048.34
-111660	9864.53	4053.69
-111656	9864.53	4058.31
-111650	9864.53	4062.06
-111645	9864.53	4064.83
-111638	9864.53	4066.52
-111632	9864.53	4067.09
-111625	9864.53	4066.52
-111619	9864.53	4064.83
-111613	9864.53	4062.06
-111608	9864.53	4058.31
-111603	9864.53	4053.69
-111599	9864.53	4048.34
-111596	9864.53	4042.41
-111595	9864.53	4036.1
-111594	9864.53	4029.59
-111595	9864.53	4023.08
-111596	9864.53	4016.76
-111599	9864.53	4010.84
-111603	9864.53	4005.48
-111608	9864.53	4000.86
-111613	9864.53	3997.11
-111619	9864.53	3994.35
-111625	9864.53	3992.66
-112432	9864.53	3886.01
-112437	9864.53	3886.49
-112443	9864.53	3887.91
-112447	9864.53	3890.23
-112452	9864.53	3893.38
-112456	9864.53	3897.26
-112459	9864.53	3901.76
-112461	9864.53	3906.74
-112463	9864.53	3912.04
-112463	9864.53	3917.51
-112463	9864.53	3922.98
-112461	9864.53	3928.28
-112459	9864.53	3933.26
-112456	9864.53	3937.76
-112452	9864.53	3941.64
-112447	9864.53	3944.79
-112443	9864.53	3947.11
-112437	9864.53	3948.53
-112432	9864.53	3949.01
-112426	9864.53	3948.53
-112421	9864.53	3947.11
-112416	9864.53	3944.79
-112411	9864.53	3941.64
-112408	9864.53	3937.76
-112404	9864.53	3933.26
-112402	9864.53	3928.28
-112401	9864.53	3922.98
-112400	9864.53	3917.51
-112401	9864.53	3912.04
-112402	9864.53	3906.74
-112404	9864.53	3901.76
-112408	9864.53	3897.26
-112411	9864.53	3893.38
-112416	9864.53	3890.23
-112421	9864.53	3887.91
-112426	9864.53	3886.49
-114032	9664.53	5230
-114032	9664.53	-50
-113582	9664.53	4050
-112682	9664.53	4050
-112682	9664.53	4550
-113582	9664.53	4550
-111144	9664.53	3960.69
-111132	9664.53	3959.63
-111120	9664.53	3960.69
-111108	9664.53	3963.85
-111097	9664.53	3969.01
-111087	9664.53	3976
-111078	9664.53	3984.63
-111071	9664.53	3994.63
-111066	9664.53	4005.69
-111063	9664.53	4017.47
-111062	9664.53	4029.63
-111063	9664.53	4041.78
-111066	9664.53	4053.57
-111071	9664.53	4064.63
-111078	9664.53	4074.62
-111087	9664.53	4083.25
-111097	9664.53	4090.25
-111108	9664.53	4095.41
-111120	9664.53	4098.56
-111132	9664.53	4099.63
-111144	9664.53	4098.56
-111156	9664.53	4095.41
-111167	9664.53	4090.25
-111177	9664.53	4083.25
-111185	9664.53	4074.62
-111192	9664.53	4064.63
-111198	9664.53	4053.57
-111201	9664.53	4041.78
-111202	9664.53	4029.63
-111201	9664.53	4017.47
-111198	9664.53	4005.69
-111192	9664.53	3994.63
-111185	9664.53	3984.63
-111177	9664.53	3976
-111167	9664.53	3969.01
-111156	9664.53	3963.85
-111946	9664.53	3835.73
-111932	9664.53	3834.44
-111917	9664.53	3835.73
-111903	9664.53	3839.57
-111889	9664.53	3845.83
-111877	9664.53	3854.33
-111867	9664.53	3864.81
-111858	9664.53	3876.94
-111852	9664.53	3890.37
-111848	9664.53	3904.68
-111847	9664.53	3919.44
-111848	9664.53	3934.2
-111852	9664.53	3948.52
-111858	9664.53	3961.94
-111867	9664.53	3974.08
-111877	9664.53	3984.56
-111889	9664.53	3993.06
-111903	9664.53	3999.32
-111917	9664.53	4003.15
-111932	9664.53	4004.44
-111946	9664.53	4003.15
-111961	9664.53	3999.32
-111974	9664.53	3993.06
-111986	9664.53	3984.56
-111997	9664.53	3974.08
-112005	9664.53	3961.94
-112012	9664.53	3948.52
-112015	9664.53	3934.2
-112017	9664.53	3919.44
-112015	9664.53	3904.68
-112012	9664.53	3890.37
-112005	9664.53	3876.94
-111997	9664.53	3864.81
-111986	9664.53	3854.33
-111974	9664.53	3845.83
-111961	9664.53	3839.57
-111394	9664.53	3960.13
-111382	9664.53	3959.07
-111370	9664.53	3960.13
-111358	9664.53	3963.29
-111347	9664.53	3968.44
-111337	9664.53	3975.44
-111328	9664.53	3984.07
-111321	9664.53	3994.07
-111316	9664.53	4005.12
-111313	9664.53	4016.91
-111312	9664.53	4029.07
-111313	9664.53	4041.22
-111316	9664.53	4053.01
-111321	9664.53	4064.07
-111328	9664.53	4074.06
-111337	9664.53	4082.69
-111347	9664.53	4089.69
-111358	9664.53	4094.84
-111370	9664.53	4098
-111382	9664.53	4099.07
-111394	9664.53	4098
-111406	9664.53	4094.84
-111417	9664.53	4089.69
-111427	9664.53	4082.69
-111435	9664.53	4074.06
-111442	9664.53	4064.07
-111448	9664.53	4053.01
-111451	9664.53	4041.22
-111452	9664.53	4029.07
-111451	9664.53	4016.91
-111448	9664.53	4005.12
-111442	9664.53	3994.07
-111435	9664.53	3984.07
-111427	9664.53	3975.44
-111417	9664.53	3968.44
-111406	9664.53	3963.29
-112196	9664.53	3834.77
-112182	9664.53	3833.48
-112167	9664.53	3834.77
-112153	9664.53	3838.6
-112139	9664.53	3844.87
-112127	9664.53	3853.36
-112117	9664.53	3863.84
-112108	9664.53	3875.98
-112102	9664.53	3889.41
-112098	9664.53	3903.72
-112097	9664.53	3918.48
-112098	9664.53	3933.24
-112102	9664.53	3947.55
-112108	9664.53	3960.98
-112117	9664.53	3973.12
-112127	9664.53	3983.59
-112139	9664.53	3992.09
-112153	9664.53	3998.35
-112167	9664.53	4002.19
-112182	9664.53	4003.48
-112196	9664.53	4002.19
-112211	9664.53	3998.35
-112224	9664.53	3992.09
-112236	9664.53	3983.59
-112247	9664.53	3973.12
-112255	9664.53	3960.98
-112262	9664.53	3947.55
-112265	9664.53	3933.24
-112267	9664.53	3918.48
-112265	9664.53	3903.72
-112262	9664.53	3889.41
-112255	9664.53	3875.98
-112247	9664.53	3863.84
-112236	9664.53	3853.36
-112224	9664.53	3844.87
-112211	9664.53	3838.6
-111638	9664.53	3992.66
-111632	9664.53	3992.09
-111625	9664.53	3992.66
-111619	9664.53	3994.35
-111613	9664.53	3997.11
-111608	9664.53	4000.86
-111603	9664.53	4005.48
-111599	9664.53	4010.84
-111596	9664.53	4016.76
-111595	9664.53	4023.08
-111594	9664.53	4029.59
-111595	9664.53	4036.1
-111596	9664.53	4042.41
-111599	9664.53	4048.34
-111603	9664.53	4053.69
-111608	9664.53	4058.31
-111613	9664.53	4062.06
-111619	9664.53	4064.83
-111625	9664.53	4066.52
-111632	9664.53	4067.09
-111638	9664.53	4066.52
-111645	9664.53	4064.83
-111650	9664.53	4062.06
-111656	9664.53	4058.31
-111660	9664.53	4053.69
-111664	9664.53	4048.34
-111667	9664.53	4042.41
-111669	9664.53	4036.1
-111669	9664.53	4029.59
-111669	9664.53	4023.08
-111667	9664.53	4016.76
-111664	9664.53	4010.84
-111660	9664.53	4005.48
-111656	9664.53	4000.86
-111650	9664.53	3997.11
-111645	9664.53	3994.35
-112437	9664.53	3886.49
-112432	9664.53	3886.01
-112426	9664.53	3886.49
-112421	9664.53	3887.91
-112416	9664.53	3890.23
-112411	9664.53	3893.38
-112408	9664.53	3897.26
-112404	9664.53	3901.76
-112402	9664.53	3906.74
-112401	9664.53	3912.04
-112400	9664.53	3917.51
-112401	9664.53	3922.98
-112402	9664.53	3928.28
-112404	9664.53	3933.26
-112408	9664.53	3937.76
-112411	9664.53	3941.64
-112416	9664.53	3944.79
-112421	9664.53	3947.11
-112426	9664.53	3948.53
-112432	9664.53	3949.01
-112437	9664.53	3948.53
-112443	9664.53	3947.11
-112447	9664.53	3944.79
-112452	9664.53	3941.64
-112456	9664.53	3937.76
-112459	9664.53	3933.26
-112461	9664.53	3928.28
-112463	9664.53	3922.98
-112463	9664.53	3917.51
-112463	9664.53	3912.04
-112461	9664.53	3906.74
-112459	9664.53	3901.76
-112456	9664.53	3897.26
-112452	9664.53	3893.38
-112447	9664.53	3890.23
-112443	9664.53	3887.91

#	Triangle	168
0	2	1	3	2	0	12	7	6	13	7	12	236	16	239	15	16	236
4	13	5	13	3	5	13	11	3	11	2	3	4	7	13	9	2	11	4	9	7	4	15	9	15	202	9	202	201	9	201	200	9	200	199	9	199	198	9	198	130	9	130	129	9	129	128	9	128	127	9	127	126	9	126	54	9	54	89	9	89	90	9	90	18	9	18	53	9	53	2	9	161	54	126	161	55	54	160	55	161	160	56	55	88	90	89	159	56	160	159	57	56	87	90	88	158	57	159	158	58	57	86	90	87	198	131	130	157	58	158	157	59	58	85	90	86	198	132	131	156	59	157	156	60	59	84	90	85	198	133	132	155	60	156	155	61	60	83	90	84	233	133	198	232	133	233	231	133	232	231	134	133	154	61	155	230	134	231	154	62	61	82	90	83	15	203	202	229	134	230	15	204	203	228	134	229	15	205	204	227	134	228	227	135	134	153	62	154	153	63	62	81	90	82	15	206	205	226	135	227	15	207	206	225	135	226	15	208	207	224	135	225	224	136	135	152	63	153	152	64	63	80	90	81	15	209	208	223	136	224	15	210	209	222	136	223	222	137	136	151	64	152	15	211	210	221	137	222	151	65	64	79	90	80	15	212	211	220	137	221	15	213	212	219	137	220	15	214	213	218	137	219	15	215	214	217	137	218	217	138	137	150	65	151	150	66	65	78	90	79	15	216	215	216	138	217	15	138	216	78	91	90	125	18	90	125	19	18	78	92	91	124	19	125	124	20	19	52	2	53	15	139	138	149	66	150	149	67	66	77	92	78	77	93	92	123	20	124	123	21	20	51	2	52	77	94	93	122	21	123	122	22	21	50	2	51	15	140	139	148	67	149	148	68	67	76	94	77	76	95	94	121	22	122	121	23	22	49	2	50	15	141	140	147	68	148	76	96	95	120	23	121	147	69	68	75	162	76	162	96	76	120	24	23	48	2	49	75	163	162	197	96	162	15	142	141	146	69	147	75	164	163	196	96	197	146	70	69	74	164	75	196	97	96	119	24	120	74	165	164	195	97	196	119	25	24	47	2	48	74	166	165	194	97	195	15	143	142	145	70	146	145	71	70	73	166	74	73	167	166	193	97	194	15	144	143	144	71	145	144	72	71	72	167	73	15	72	144	15	167	72	193	98	97	118	25	119	15	168	167	192	98	193	118	26	25	46	2	47	15	169	168	191	98	192	15	170	169	190	98	191	190	99	98	117	26	118	117	27	26	45	2	46	15	171	170	189	99	190	189	100	99	116	27	117	15	172	171	188	100	189	116	28	27	44	2	45	15	173	172	187	100	188	187	101	100	115	28	116	115	29	28	43	2	44	15	174	173	186	101	187	15	14	174	14	175	174	185	101	186	4	16	15	17	175	14	185	102	101	114	29	115	114	30	29	42	2	43	17	176	175	184	102	185	17	177	176	183	102	184	17	178	177	182	102	183	182	103	102	113	30	114	113	31	30	41	2	42	17	179	178	181	103	182	17	180	179	180	103	181	17	103	180	17	104	103	112	31	113	112	32	31	40	2	41	17	105	104	111	32	112	111	33	32	39	2	40	17	106	105	110	33	111	110	34	33	38	2	39	17	107	106	109	34	110	109	35	34	37	2	38	17	108	107	108	35	109	108	36	35	36	2	37	17	36	108	17	2	36	4	17	16	4	2	17	12	8	10	6	8	12
5	234	4	235	234	5	8	11	10	9	11	8	238	14	237	17	14	238
1	235	0	1	242	235	242	241	235	241	313	235	313	278	235	278	277	235	277	349	235	349	348	235	348	383	235	383	382	235	382	381	235	381	421	235	421	420	235	420	455	235	455	454	235	454	453	235	453	237	235	237	236	235	236	234	235	277	350	349	276	350	277	276	351	350	313	279	278	311	351	276	311	352	351	313	280	279	310	352	311	310	353	352	313	281	280	309	353	310	309	354	353	380	421	381	313	282	281	308	354	309	308	355	354	379	421	380	313	283	282	307	355	308	307	356	355	378	421	379	313	284	283	306	356	307	378	422	421	378	423	422	378	424	423	306	357	356	377	424	378	377	425	424	313	285	284	305	357	306	377	426	425	452	237	453	377	427	426	451	237	452	377	428	427	450	237	451	305	358	357	376	428	377	313	286	285	304	358	305	376	429	428	449	237	450	376	430	429	448	237	449	376	431	430	447	237	448	304	359	358	375	431	376	313	287	286	303	359	304	375	432	431	446	237	447	375	433	432	445	237	446	303	360	359	374	433	375	374	434	433	444	237	445	313	288	287	302	360	303	374	435	434	443	237	444	374	436	435	442	237	443	374	437	436	441	237	442	374	438	437	440	237	441	302	361	360	373	438	374	313	289	288	301	361	302	373	439	438	439	237	440	373	237	439	241	314	313	312	289	313	240	314	241	240	315	314	347	289	312	1	243	242	275	315	240	301	362	361	372	237	373	347	290	289	300	362	301	275	316	315	346	290	347	1	244	243	274	316	275	274	317	316	345	290	346	1	245	244	273	317	274	300	363	362	371	237	372	345	291	290	299	363	300	273	318	317	344	291	345	1	246	245	272	318	273	299	364	363	370	237	371	272	319	318	343	291	344	343	385	291	385	292	291	298	364	299	1	247	246	271	319	272	343	386	385	384	292	385	298	365	364	369	237	370	343	387	386	419	292	384	419	293	292	297	365	298	271	320	319	342	387	343	342	388	387	418	293	419	1	248	247	270	320	271	342	389	388	417	293	418	297	366	365	368	237	369	417	294	293	296	366	297	342	390	389	416	294	417	296	367	366	367	237	368	416	295	294	295	367	296	295	237	367	416	237	295	270	321	320	341	390	342	341	391	390	415	237	416	1	249	248	269	321	270	341	392	391	414	237	415	341	393	392	413	237	414	269	322	321	340	393	341	1	250	249	268	322	269	340	394	393	412	237	413	268	323	322	339	394	340	339	395	394	411	237	412	1	251	250	267	323	268	339	396	395	410	237	411	267	324	323	338	396	339	1	252	251	266	324	267	338	397	396	409	237	410	338	398	397	408	237	409	408	238	237	239	234	236	266	325	324	337	398	338	1	253	252	265	325	266	337	399	398	407	238	408	337	400	399	406	238	407	337	401	400	405	238	406	265	326	325	336	401	337	1	254	253	264	326	265	336	402	401	404	238	405	336	403	402	403	238	404	336	238	403	264	327	326	335	238	336	1	255	254	263	327	264	263	328	327	334	238	335	1	256	255	262	328	263	262	329	328	333	238	334	1	257	256	261	329	262	261	330	329	332	238	333	1	258	257	260	330	261	260	331	330	331	238	332	1	259	258	259	331	260	259	238	331	1	238	259	1	239	238	1	234	239
0	5	3	235	5	0	6	9	8	7	9	6	239	17	238	16	17	239
2	234	1	4	234	2	10	13	12	11	13	10	237	15	236	14	15	237
241	19	240	18	19	241	313	91	312	90	91	313
240	20	275	19	20	240	312	92	347	91	92	312
275	21	274	20	21	275	347	93	346	92	93	347
274	22	273	21	22	274
273	23	272	22	23	273
272	24	271	23	24	272	344	96	343	95	96	344
271	25	270	24	25	271	343	97	342	96	97	343
270	26	269	25	26	270	342	98	341	97	98	342
269	27	268	26	27	269	341	99	340	98	99	341
268	28	267	27	28	268	340	100	339	99	100	340
267	29	266	28	29	267	339	101	338	100	101	339
266	30	265	29	30	266	338	102	337	101	102	338
265	31	264	30	31	265	337	103	336	102	103	337
264	32	263	31	32	264	336	104	335	103	104	336
263	33	262	32	33	263
262	34	261	33	34	262	334	106	333	105	106	334
261	35	260	34	35	261	333	107	332	106	107	333
260	36	259	35	36	260	332	108	331	107	108	332
259	37	258	36	37	259	331	109	330	108	109	331
258	38	257	37	38	258	330	110	329	109	110	330
257	39	256	38	39	257	329	111	328	110	111	329
256	40	255	39	40	256
255	41	254	40	41	255	327	113	326	112	113	327
254	42	253	41	42	254	326	114	325	113	114	326
253	43	252	42	43	253	325	115	324	114	115	325
252	44	251	43	44	252	324	116	323	115	116	324
251	45	250	44	45	251	323	117	322	116	117	323
250	46	249	45	46	250	322	118	321	117	118	322
249	47	248	46	47	249	321	119	320	118	119	321
248	48	247	47	48	248	320	120	319	119	120	320
247	49	246	48	49	247	319	121	318	120	121	319
246	50	245	49	50	246
245	51	244	50	51	245
244	52	243	51	52	244	316	124	315	123	124	316
243	53	242	52	53	243	315	125	314	124	125	315
242	18	241	53	18	242	314	90	313	125	90	314
277	55	276	54	55	277
276	56	311	55	56	276	348	128	383	127	128	348
311	57	310	56	57	311	383	129	382	128	129	383
310	58	309	57	58	310
309	59	308	58	59	309	381	131	380	130	131	381
308	60	307	59	60	308	380	132	379	131	132	380
307	61	306	60	61	307	379	133	378	132	133	379
306	62	305	61	62	306	378	134	377	133	134	378
305	63	304	62	63	305	377	135	376	134	135	377
304	64	303	63	64	304
303	65	302	64	65	303
302	66	301	65	66	302	374	138	373	137	138	374
301	67	300	66	67	301	373	139	372	138	139	373
300	68	299	67	68	300	372	140	371	139	140	372
299	69	298	68	69	299
298	70	297	69	70	298	370	142	369	141	142	370
297	71	296	70	71	297
296	72	295	71	72	296	368	144	367	143	144	368
295	73	294	72	73	295	367	145	366	144	145	367
294	74	293	73	74	294
293	75	292	74	75	293	365	147	364	146	147	365
292	76	291	75	76	292
291	77	290	76	77	291	363	149	362	148	149	363
290	78	289	77	78	290	362	150	361	149	150	362
289	79	288	78	79	289	361	151	360	150	151	361
288	80	287	79	80	288
287	81	286	80	81	287
286	82	285	81	82	286	358	154	357	153	154	358
285	83	284	82	83	285	357	155	356	154	155	357
284	84	283	83	84	284	356	156	355	155	156	356
283	85	282	84	85	283	355	157	354	156	157	355
282	86	281	85	86	282	354	158	353	157	158	354
281	87	280	86	87	281
280	88	279	87	88	280	352	160	351	159	160	352
279	89	278	88	89	279	351	161	350	160	161	351
278	54	277	89	54	278
346	94	345	93	94	346
345	95	344	94	95	345
335	105	334	104	105	335
328	112	327	111	112	328
318	122	317	121	122	318
317	123	316	122	123	317
349	127	348	126	127	349
382	130	381	129	130	382
376	136	375	135	136	376
375	137	374	136	137	375
371	141	370	140	141	371
369	143	368	142	143	369
366	146	365	145	146	366
364	148	363	147	148	364
360	152	359	151	152	360
359	153	358	152	153	359
353	159	352	158	159	353
350	126	349	161	126	350
385	163	384	162	163	385
384	164	419	163	164	384
419	165	418	164	165	419
418	166	417	165	166	418
417	167	416	166	167	417
416	168	415	167	168	416
415	169	414	168	169	415
414	170	413	169	170	414
413	171	412	170	171	413
412	172	411	171	172	412
411	173	410	172	173	411
410	174	409	173	174	410
409	175	408	174	175	409
408	176	407	175	176	408
407	177	406	176	177	407
406	178	405	177	178	406
405	179	404	178	179	405
404	180	403	179	180	404
403	181	402	180	181	403
402	182	401	181	182	402
401	183	400	182	183	401
400	184	399	183	184	400
399	185	398	184	185	399
398	186	397	185	186	398
397	187	396	186	187	397
396	188	395	187	188	396
395	189	394	188	189	395
394	190	393	189	190	394
393	191	392	190	191	393
392	192	391	191	192	392
391	193	390	192	193	391
390	194	389	193	194	390
389	195	388	194	195	389
388	196	387	195	196	388
387	197	386	196	197	387
386	162	385	197	162	386
421	199	420	198	199	421
420	200	455	199	200	420
455	201	454	200	201	455
454	202	453	201	202	454
453	203	452	202	203	453
452	204	451	203	204	452
451	205	450	204	205	451
450	206	449	205	206	450
449	207	448	206	207	449
448	208	447	207	208	448
447	209	446	208	209	447
446	210	445	209	210	446
445	211	444	210	211	445
444	212	443	211	212	444
443	213	442	212	213	443
442	214	441	213	214	442
441	215	440	214	215	441
440	216	439	215	216	440
439	217	438	216	217	439
438	218	437	217	218	438
437	219	436	218	219	437
436	220	435	219	220	436
435	221	434	220	221	435
434	222	433	221	222	434
433	223	432	222	223	433
432	224	431	223	224	432
431	225	430	224	225	431
430	226	429	225	226	430
429	227	428	226	227	429
428	228	427	227	228	428
427	229	426	228	229	427
426	230	425	229	230	426
425	231	424	230	231	425
424	232	423	231	232	424
423	233	422	232	233	423
422	198	421	233	198	422

#	Normal	168
-1	0	0
0	-1	0
1	0	0
0	1	-0
0	0	1
0	0	-1
-0.0871511	0	-0.996195
-0.25891	0	-0.965902
-0.422498	0	-0.906364
-0.573696	0	-0.819068
-0.706907	0	-0.707307
-0.819401	0	-0.573221
-0.906077	0	-0.423113
-0.965962	0	-0.258684
-0.996202	0	-0.0870769
-0.996201	0	0.0870786
-0.965963	0	0.258679
-0.906077	0	0.423113
-0.819401	0	0.573221
-0.706907	0	0.707307
-0.573696	0	0.819068
-0.422498	0	0.906364
-0.25891	0	0.965902
-0.0871511	0	0.996195
0.0871511	-0	0.996195
0.258749	-0	0.965944
0.422743	-0	0.90625
0.573395	-0	0.819279
0.707227	-0	0.706987
0.8191	-0	0.57365
0.906322	-0	0.422588
0.965963	-0	0.258679
0.996201	-0	0.0870786
0.996202	0	-0.0870769
0.965962	0	-0.258684
0.906322	0	-0.422588
0.8191	0	-0.57365
0.707227	0	-0.706987
0.573395	0	-0.819279
0.422743	0	-0.90625
0.258749	0	-0.965944
0.0871511	0	-0.996195
-0.08718	0	-0.996193
-0.2588	0	-0.965931
-0.422582	0	-0.906325
-0.573703	0	-0.819063
-0.707115	0	-0.707099
-0.819101	0	-0.573649
-0.906206	0	-0.422837
-0.965907	0	-0.258889
-0.996208	0	-0.0870036
-0.996208	0	0.0870022
-0.965906	0	0.258893
-0.906206	0	0.422837
-0.819101	0	0.573649
-0.707115	0	0.707099
-0.573715	0	0.819055
-0.422582	0	0.906325
-0.2588	0	0.965931
-0.0871637	0	0.996194
0.0871637	-0	0.996194
0.2588	-0	0.965931
0.422582	-0	0.906325
0.573467	-0	0.819229
0.707115	-0	0.707099
0.819101	-0	0.573649
0.906408	-0	0.422404
0.965906	-0	0.258893
0.996208	-0	0.0870022
0.996208	0	-0.0870036
0.965907	0	-0.258889
0.906408	0	-0.422404
0.819101	0	-0.573649
0.707115	0	-0.707099
0.573456	0	-0.819237
0.422582	0	-0.906325
0.2588	0	-0.965931
0.08718	0	-0.996193
-0.573683	0	-0.819078
-0.706917	0	-0.707297
-0.573683	0	0.819078
0.573382	-0	0.819288
0.707237	0	-0.706977
0.573382	0	-0.819288
-0.0871637	0	-0.996194
-0.573715	0	-0.819055
-0.996208	0	0.0870036
-0.965907	0	0.258889
-0.573703	0	0.819063
-0.258815	0	0.965927
0.258815	-0	0.965927
0.573456	-0	0.819237
0.965907	-0	0.258889
0.996208	-0	0.0870036
0.573467	0	-0.819229
0.0871637	0	-0.996194
-0.0872263	0	-0.996189
-0.258552	0	-0.965997
-0.422779	0	-0.906233
-0.573788	0	-0.819004
-0.706883	0	-0.707331
-0.819099	0	-0.573653
-0.906586	0	-0.422022
-0.965792	0	-0.259317
-0.996187	0	-0.0872485
-0.996187	0	0.0872452
-0.965792	0	0.259317
-0.906579	0	0.422036
-0.819099	0	0.573653
-0.706901	0	0.707312
-0.573788	0	0.819004
-0.422748	0	0.906247
-0.258587	0	0.965988
-0.0871892	0	0.996192
0.0870855	-0	0.996201
0.258885	-0	0.965908
0.422748	-0	0.906247
0.573227	-0	0.819397
0.707499	-0	0.706714
0.819099	-0	0.573653
0.906121	-0	0.423018
0.966091	-0	0.258202
0.996187	-0	0.0872452
0.996187	0	-0.0872485
0.966091	0	-0.258202
0.906128	0	-0.423004
0.819099	0	-0.573653
0.70748	0	-0.706733
0.573227	0	-0.819397
0.422779	0	-0.906233
0.258851	0	-0.965917
0.0871225	0	-0.996198
-0.087167	0	-0.996194
-0.258778	0	-0.965937
-0.42261	0	-0.906311
-0.573391	0	-0.819282
-0.707085	0	-0.707129
-0.819234	0	-0.573459
-0.906321	0	-0.422591
-0.965892	0	-0.258946
-0.996226	0	-0.0867946
-0.996226	0	0.0867985
-0.965895	0	0.258935
-0.906321	0	0.422591
-0.819234	0	0.573459
-0.707085	0	0.707129
-0.573391	0	0.819282
-0.42261	0	0.906311
-0.258778	0	0.965937
-0.087167	0	0.996194
0.087167	-0	0.996194
0.258778	-0	0.965937
0.42261	-0	0.906311
0.573391	-0	0.819282
0.707085	-0	0.707129
0.819234	-0	0.573459
0.906321	-0	0.422591
0.965895	-0	0.258935
0.996226	-0	0.0867985
0.996226	0	-0.0867946
0.965892	0	-0.258946
0.906321	0	-0.422591
0.819234	0	-0.573459
0.707085	0	-0.707129
0.573391	0	-0.819282
0.42261	0	-0.906311
0.258778	0	-0.965937
0.087167	0	-0.996194

#	Mesh	0	End

