#	Mesh	0	Begin

#	Vertex	648
-119382	-15585.5	-50
-119382	-15585.5	5230
-119182	-15585.5	5230
-119182	-15585.5	-50
-119182	9664.53	5230
-119182	9664.53	-50
-119182	-3435.47	0
-119182	-1935.47	0
-119182	-1935.47	2100
-119182	-2467.74	2100
-119182	-2467.74	2130
-119182	-3567.74	2130
-119182	-3567.74	1710
-119182	-3435.47	1710
-119182	-8585.47	2100
-119182	-10085.5	2100
-119182	-10085.5	0
-119182	-8585.47	0
-119182	-14893.2	3850
-119182	-14593.2	3850
-119182	-14293.2	3850
-119182	-13993.2	3850
-119182	-13993.2	4050
-119182	-14293.2	4050
-119182	-14593.2	4050
-119182	-14893.2	4050
-119182	-535.475	4090
-119182	814.525	4090
-119182	814.525	4690
-119182	-535.475	4690
-119182	-4000.47	3630
-119182	-2650.47	3630
-119182	-2650.47	4050
-119182	-4000.47	4050
-119182	-8663.22	3543.05
-119182	-8643.69	3544.76
-119182	-8624.75	3549.83
-119182	-8606.97	3558.12
-119182	-8590.91	3569.37
-119182	-8577.04	3583.23
-119182	-8565.79	3599.3
-119182	-8557.51	3617.07
-119182	-8552.43	3636.01
-119182	-8550.72	3655.55
-119182	-8552.43	3675.08
-119182	-8557.51	3694.02
-119182	-8565.79	3711.8
-119182	-8577.04	3727.86
-119182	-8590.91	3741.73
-119182	-8606.97	3752.97
-119182	-8624.75	3761.26
-119182	-8643.69	3766.34
-119182	-8663.22	3768.05
-119182	-8682.76	3766.34
-119182	-8701.7	3761.26
-119182	-8719.47	3752.97
-119182	-8735.54	3741.73
-119182	-8749.4	3727.86
-119182	-8760.65	3711.8
-119182	-8768.94	3694.02
-119182	-8774.01	3675.08
-119182	-8775.72	3655.55
-119182	-8774.01	3636.01
-119182	-8768.94	3617.07
-119182	-8760.65	3599.3
-119182	-8749.4	3583.23
-119182	-8735.54	3569.37
-119182	-8719.47	3558.12
-119182	-8701.7	3549.83
-119182	-8682.76	3544.76
-119182	-8280.67	3543.8
-119182	-8261.13	3545.51
-119182	-8242.19	3550.59
-119182	-8224.42	3558.88
-119182	-8208.36	3570.12
-119182	-8194.49	3583.99
-119182	-8183.24	3600.05
-119182	-8174.95	3617.83
-119182	-8169.88	3636.77
-119182	-8168.17	3656.3
-119182	-8169.88	3675.84
-119182	-8174.95	3694.78
-119182	-8183.24	3712.55
-119182	-8194.49	3728.62
-119182	-8208.36	3742.48
-119182	-8224.42	3753.73
-119182	-8242.19	3762.02
-119182	-8261.13	3767.1
-119182	-8280.67	3768.8
-119182	-8300.21	3767.1
-119182	-8319.15	3762.02
-119182	-8336.92	3753.73
-119182	-8352.98	3742.48
-119182	-8366.85	3728.62
-119182	-8378.1	3712.55
-119182	-8386.38	3694.78
-119182	-8391.46	3675.84
-119182	-8393.17	3656.3
-119182	-8391.46	3636.77
-119182	-8386.38	3617.83
-119182	-8378.1	3600.05
-119182	-8366.85	3583.99
-119182	-8352.98	3570.12
-119182	-8336.92	3558.88
-119182	-8319.15	3550.59
-119182	-8300.21	3545.51
-119182	-7863.45	3612.05
-119182	-7855.63	3612.73
-119182	-7848.05	3614.76
-119182	-7840.95	3618.08
-119182	-7834.52	3622.57
-119182	-7828.97	3628.12
-119182	-7824.47	3634.55
-119182	-7821.16	3641.66
-119182	-7819.13	3649.23
-119182	-7818.45	3657.05
-119182	-7819.13	3664.86
-119182	-7821.16	3672.44
-119182	-7824.47	3679.55
-119182	-7828.97	3685.97
-119182	-7834.52	3691.52
-119182	-7840.95	3696.02
-119182	-7848.05	3699.33
-119182	-7855.63	3701.36
-119182	-7863.45	3702.05
-119182	-7871.26	3701.36
-119182	-7878.84	3699.33
-119182	-7885.95	3696.02
-119182	-7892.37	3691.52
-119182	-7897.92	3685.97
-119182	-7902.42	3679.55
-119182	-7905.73	3672.44
-119182	-7907.76	3664.86
-119182	-7908.45	3657.05
-119182	-7907.76	3649.23
-119182	-7905.73	3641.66
-119182	-7902.42	3634.55
-119182	-7897.92	3628.12
-119182	-7892.37	3622.57
-119182	-7885.95	3618.08
-119182	-7878.84	3614.76
-119182	-7871.26	3612.73
-119182	-9502.09	3589.15
-119182	-9489.94	3590.22
-119182	-9478.15	3593.38
-119182	-9467.09	3598.53
-119182	-9457.1	3605.53
-119182	-9448.47	3614.16
-119182	-9441.47	3624.15
-119182	-9436.31	3635.21
-119182	-9433.16	3647
-119182	-9432.09	3659.15
-119182	-9433.16	3671.31
-119182	-9436.31	3683.1
-119182	-9441.47	3694.15
-119182	-9448.47	3704.15
-119182	-9457.1	3712.78
-119182	-9467.09	3719.78
-119182	-9478.15	3724.93
-119182	-9489.94	3728.09
-119182	-9502.09	3729.15
-119182	-9514.25	3728.09
-119182	-9526.03	3724.93
-119182	-9537.09	3719.78
-119182	-9547.09	3712.78
-119182	-9555.72	3704.15
-119182	-9562.71	3694.15
-119182	-9567.87	3683.1
-119182	-9571.03	3671.31
-119182	-9572.09	3659.15
-119182	-9571.03	3647
-119182	-9567.87	3635.21
-119182	-9562.71	3624.15
-119182	-9555.72	3614.16
-119182	-9547.09	3605.53
-119182	-9537.09	3598.53
-119182	-9526.03	3593.38
-119182	-9514.25	3590.22
-119182	-9119.74	3588.73
-119182	-9107.59	3589.8
-119182	-9095.8	3592.96
-119182	-9084.74	3598.11
-119182	-9074.75	3605.11
-119182	-9066.12	3613.74
-119182	-9059.12	3623.73
-119182	-9053.96	3634.79
-119182	-9050.81	3646.58
-119182	-9049.74	3658.73
-119182	-9050.81	3670.89
-119182	-9053.96	3682.68
-119182	-9059.12	3693.73
-119182	-9066.12	3703.73
-119182	-9074.75	3712.36
-119182	-9084.74	3719.36
-119182	-9095.8	3724.51
-119182	-9107.59	3727.67
-119182	-9119.74	3728.73
-119182	-9131.9	3727.67
-119182	-9143.68	3724.51
-119182	-9154.74	3719.36
-119182	-9164.74	3712.36
-119182	-9173.37	3703.73
-119182	-9180.36	3693.73
-119182	-9185.52	3682.68
-119182	-9188.68	3670.89
-119182	-9189.74	3658.73
-119182	-9188.68	3646.58
-119182	-9185.52	3634.79
-119182	-9180.36	3623.73
-119182	-9173.37	3613.74
-119182	-9164.74	3605.11
-119182	-9154.74	3598.11
-119182	-9143.68	3592.96
-119182	-9131.9	3589.8
-119182	-4414.52	4068.5
-119182	-4409.05	4068.98
-119182	-4403.75	4070.4
-119182	-4398.77	4072.72
-119182	-4394.27	4075.87
-119182	-4390.39	4079.75
-119182	-4387.24	4084.25
-119182	-4384.92	4089.23
-119182	-4383.5	4094.53
-119182	-4383.02	4100
-119182	-4383.5	4105.47
-119182	-4384.92	4110.77
-119182	-4387.24	4115.75
-119182	-4390.39	4120.25
-119182	-4394.27	4124.13
-119182	-4398.77	4127.28
-119182	-4403.75	4129.6
-119182	-4409.05	4131.02
-119182	-4414.52	4131.5
-119182	-4419.99	4131.02
-119182	-4425.29	4129.6
-119182	-4430.27	4127.28
-119182	-4434.77	4124.13
-119182	-4438.65	4120.25
-119182	-4441.8	4115.75
-119182	-4444.12	4110.77
-119182	-4445.54	4105.47
-119182	-4446.02	4100
-119182	-4445.54	4094.53
-119182	-4444.12	4089.23
-119182	-4441.8	4084.25
-119182	-4438.65	4079.75
-119182	-4434.77	4075.87
-119182	-4430.27	4072.72
-119182	-4425.29	4070.4
-119182	-4419.99	4068.98
-119182	-4251.01	4068.5
-119182	-4245.54	4068.98
-119182	-4240.24	4070.4
-119182	-4235.26	4072.72
-119182	-4230.76	4075.87
-119182	-4226.88	4079.75
-119182	-4223.73	4084.25
-119182	-4221.41	4089.23
-119182	-4219.99	4094.53
-119182	-4219.51	4100
-119182	-4219.99	4105.47
-119182	-4221.41	4110.77
-119182	-4223.73	4115.75
-119182	-4226.88	4120.25
-119182	-4230.76	4124.13
-119182	-4235.26	4127.28
-119182	-4240.24	4129.6
-119182	-4245.54	4131.02
-119182	-4251.01	4131.5
-119182	-4256.48	4131.02
-119182	-4261.78	4129.6
-119182	-4266.76	4127.28
-119182	-4271.26	4124.13
-119182	-4275.14	4120.25
-119182	-4278.29	4115.75
-119182	-4280.61	4110.77
-119182	-4282.03	4105.47
-119182	-4282.51	4100
-119182	-4282.03	4094.53
-119182	-4280.61	4089.23
-119182	-4278.29	4084.25
-119182	-4275.14	4079.75
-119182	-4271.26	4075.87
-119182	-4266.76	4072.72
-119182	-4261.78	4070.4
-119182	-4256.48	4068.98
-119182	-4093.01	4068.5
-119182	-4087.54	4068.98
-119182	-4082.23	4070.4
-119182	-4077.26	4072.72
-119182	-4072.76	4075.87
-119182	-4068.88	4079.75
-119182	-4065.73	4084.25
-119182	-4063.41	4089.23
-119182	-4061.98	4094.53
-119182	-4061.51	4100
-119182	-4061.98	4105.47
-119182	-4063.41	4110.77
-119182	-4065.73	4115.75
-119182	-4068.88	4120.25
-119182	-4072.76	4124.13
-119182	-4077.26	4127.28
-119182	-4082.23	4129.6
-119182	-4087.54	4131.02
-119182	-4093.01	4131.5
-119182	-4098.48	4131.02
-119182	-4103.78	4129.6
-119182	-4108.76	4127.28
-119182	-4113.25	4124.13
-119182	-4117.14	4120.25
-119182	-4120.29	4115.75
-119182	-4122.61	4110.77
-119182	-4124.03	4105.47
-119182	-4124.51	4100
-119182	-4124.03	4094.53
-119182	-4122.61	4089.23
-119182	-4120.29	4084.25
-119182	-4117.14	4079.75
-119182	-4113.25	4075.87
-119182	-4108.76	4072.72
-119182	-4103.78	4070.4
-119182	-4098.48	4068.98
-119382	9664.53	5230
-119382	9664.53	-50
-119382	-1935.47	2100
-119382	-1935.47	0
-119382	-3435.47	0
-119382	-3435.47	1710
-119382	-3567.74	1710
-119382	-3567.74	2130
-119382	-2467.74	2130
-119382	-2467.74	2100
-119382	-10085.5	2100
-119382	-8585.47	2100
-119382	-8585.47	0
-119382	-10085.5	0
-119382	-14593.2	3850
-119382	-14893.2	3850
-119382	-14893.2	4050
-119382	-14593.2	4050
-119382	-14293.2	4050
-119382	-13993.2	4050
-119382	-13993.2	3850
-119382	-14293.2	3850
-119224	-7110.47	1900
-119382	-7110.47	1900
-119224	-6410.47	1900
-119382	-6410.47	1900
-119224	-6410.47	100
-119382	-6410.47	100
-119224	-7110.47	100
-119382	-7110.47	100
-119382	814.525	4090
-119382	-535.475	4090
-119382	-535.475	4690
-119382	814.525	4690
-119382	-2650.47	3630
-119382	-4000.47	3630
-119382	-4000.47	4050
-119382	-2650.47	4050
-119382	-8643.69	3544.76
-119382	-8663.22	3543.05
-119382	-8682.76	3544.76
-119382	-8701.7	3549.83
-119382	-8719.47	3558.12
-119382	-8735.54	3569.37
-119382	-8749.4	3583.23
-119382	-8760.65	3599.3
-119382	-8768.94	3617.07
-119382	-8774.01	3636.01
-119382	-8775.72	3655.55
-119382	-8774.01	3675.08
-119382	-8768.94	3694.02
-119382	-8760.65	3711.8
-119382	-8749.4	3727.86
-119382	-8735.54	3741.73
-119382	-8719.47	3752.97
-119382	-8701.7	3761.26
-119382	-8682.76	3766.34
-119382	-8663.22	3768.05
-119382	-8643.69	3766.34
-119382	-8624.75	3761.26
-119382	-8606.97	3752.97
-119382	-8590.91	3741.73
-119382	-8577.04	3727.86
-119382	-8565.79	3711.8
-119382	-8557.51	3694.02
-119382	-8552.43	3675.08
-119382	-8550.72	3655.55
-119382	-8552.43	3636.01
-119382	-8557.51	3617.07
-119382	-8565.79	3599.3
-119382	-8577.04	3583.23
-119382	-8590.91	3569.37
-119382	-8606.97	3558.12
-119382	-8624.75	3549.83
-119382	-8261.13	3545.51
-119382	-8280.67	3543.8
-119382	-8300.21	3545.51
-119382	-8319.15	3550.59
-119382	-8336.92	3558.88
-119382	-8352.98	3570.12
-119382	-8366.85	3583.99
-119382	-8378.1	3600.05
-119382	-8386.38	3617.83
-119382	-8391.46	3636.77
-119382	-8393.17	3656.3
-119382	-8391.46	3675.84
-119382	-8386.38	3694.78
-119382	-8378.1	3712.55
-119382	-8366.85	3728.62
-119382	-8352.98	3742.48
-119382	-8336.92	3753.73
-119382	-8319.15	3762.02
-119382	-8300.21	3767.1
-119382	-8280.67	3768.8
-119382	-8261.13	3767.1
-119382	-8242.19	3762.02
-119382	-8224.42	3753.73
-119382	-8208.36	3742.48
-119382	-8194.49	3728.62
-119382	-8183.24	3712.55
-119382	-8174.95	3694.78
-119382	-8169.88	3675.84
-119382	-8168.17	3656.3
-119382	-8169.88	3636.77
-119382	-8174.95	3617.83
-119382	-8183.24	3600.05
-119382	-8194.49	3583.99
-119382	-8208.36	3570.12
-119382	-8224.42	3558.88
-119382	-8242.19	3550.59
-119382	-7855.63	3612.73
-119382	-7863.45	3612.05
-119382	-7871.26	3612.73
-119382	-7878.84	3614.76
-119382	-7885.95	3618.08
-119382	-7892.37	3622.57
-119382	-7897.92	3628.12
-119382	-7902.42	3634.55
-119382	-7905.73	3641.66
-119382	-7907.76	3649.23
-119382	-7908.45	3657.05
-119382	-7907.76	3664.86
-119382	-7905.73	3672.44
-119382	-7902.42	3679.55
-119382	-7897.92	3685.97
-119382	-7892.37	3691.52
-119382	-7885.95	3696.02
-119382	-7878.84	3699.33
-119382	-7871.26	3701.36
-119382	-7863.45	3702.05
-119382	-7855.63	3701.36
-119382	-7848.05	3699.33
-119382	-7840.95	3696.02
-119382	-7834.52	3691.52
-119382	-7828.97	3685.97
-119382	-7824.47	3679.55
-119382	-7821.16	3672.44
-119382	-7819.13	3664.86
-119382	-7818.45	3657.05
-119382	-7819.13	3649.23
-119382	-7821.16	3641.66
-119382	-7824.47	3634.55
-119382	-7828.97	3628.12
-119382	-7834.52	3622.57
-119382	-7840.95	3618.08
-119382	-7848.05	3614.76
-119382	-9489.94	3590.22
-119382	-9502.09	3589.15
-119382	-9514.25	3590.22
-119382	-9526.03	3593.38
-119382	-9537.09	3598.53
-119382	-9547.09	3605.53
-119382	-9555.72	3614.16
-119382	-9562.71	3624.15
-119382	-9567.87	3635.21
-119382	-9571.03	3647
-119382	-9572.09	3659.15
-119382	-9571.03	3671.31
-119382	-9567.87	3683.1
-119382	-9562.71	3694.15
-119382	-9555.72	3704.15
-119382	-9547.09	3712.78
-119382	-9537.09	3719.78
-119382	-9526.03	3724.93
-119382	-9514.25	3728.09
-119382	-9502.09	3729.15
-119382	-9489.94	3728.09
-119382	-9478.15	3724.93
-119382	-9467.09	3719.78
-119382	-9457.1	3712.78
-119382	-9448.47	3704.15
-119382	-9441.47	3694.15
-119382	-9436.31	3683.1
-119382	-9433.16	3671.31
-119382	-9432.09	3659.15
-119382	-9433.16	3647
-119382	-9436.31	3635.21
-119382	-9441.47	3624.15
-119382	-9448.47	3614.16
-119382	-9457.1	3605.53
-119382	-9467.09	3598.53
-119382	-9478.15	3593.38
-119382	-9107.59	3589.8
-119382	-9119.74	3588.73
-119382	-9131.9	3589.8
-119382	-9143.68	3592.96
-119382	-9154.74	3598.11
-119382	-9164.74	3605.11
-119382	-9173.37	3613.74
-119382	-9180.36	3623.73
-119382	-9185.52	3634.79
-119382	-9188.68	3646.58
-119382	-9189.74	3658.73
-119382	-9188.68	3670.89
-119382	-9185.52	3682.68
-119382	-9180.36	3693.73
-119382	-9173.37	3703.73
-119382	-9164.74	3712.36
-119382	-9154.74	3719.36
-119382	-9143.68	3724.51
-119382	-9131.9	3727.67
-119382	-9119.74	3728.73
-119382	-9107.59	3727.67
-119382	-9095.8	3724.51
-119382	-9084.74	3719.36
-119382	-9074.75	3712.36
-119382	-9066.12	3703.73
-119382	-9059.12	3693.73
-119382	-9053.96	3682.68
-119382	-9050.81	3670.89
-119382	-9049.74	3658.73
-119382	-9050.81	3646.58
-119382	-9053.96	3634.79
-119382	-9059.12	3623.73
-119382	-9066.12	3613.74
-119382	-9074.75	3605.11
-119382	-9084.74	3598.11
-119382	-9095.8	3592.96
-119382	-4409.05	4068.98
-119382	-4414.52	4068.5
-119382	-4419.99	4068.98
-119382	-4425.29	4070.4
-119382	-4430.27	4072.72
-119382	-4434.77	4075.87
-119382	-4438.65	4079.75
-119382	-4441.8	4084.25
-119382	-4444.12	4089.23
-119382	-4445.54	4094.53
-119382	-4446.02	4100
-119382	-4445.54	4105.47
-119382	-4444.12	4110.77
-119382	-4441.8	4115.75
-119382	-4438.65	4120.25
-119382	-4434.77	4124.13
-119382	-4430.27	4127.28
-119382	-4425.29	4129.6
-119382	-4419.99	4131.02
-119382	-4414.52	4131.5
-119382	-4409.05	4131.02
-119382	-4403.75	4129.6
-119382	-4398.77	4127.28
-119382	-4394.27	4124.13
-119382	-4390.39	4120.25
-119382	-4387.24	4115.75
-119382	-4384.92	4110.77
-119382	-4383.5	4105.47
-119382	-4383.02	4100
-119382	-4383.5	4094.53
-119382	-4384.92	4089.23
-119382	-4387.24	4084.25
-119382	-4390.39	4079.75
-119382	-4394.27	4075.87
-119382	-4398.77	4072.72
-119382	-4403.75	4070.4
-119382	-4245.54	4068.98
-119382	-4251.01	4068.5
-119382	-4256.48	4068.98
-119382	-4261.78	4070.4
-119382	-4266.76	4072.72
-119382	-4271.26	4075.87
-119382	-4275.14	4079.75
-119382	-4278.29	4084.25
-119382	-4280.61	4089.23
-119382	-4282.03	4094.53
-119382	-4282.51	4100
-119382	-4282.03	4105.47
-119382	-4280.61	4110.77
-119382	-4278.29	4115.75
-119382	-4275.14	4120.25
-119382	-4271.26	4124.13
-119382	-4266.76	4127.28
-119382	-4261.78	4129.6
-119382	-4256.48	4131.02
-119382	-4251.01	4131.5
-119382	-4245.54	4131.02
-119382	-4240.24	4129.6
-119382	-4235.26	4127.28
-119382	-4230.76	4124.13
-119382	-4226.88	4120.25
-119382	-4223.73	4115.75
-119382	-4221.41	4110.77
-119382	-4219.99	4105.47
-119382	-4219.51	4100
-119382	-4219.99	4094.53
-119382	-4221.41	4089.23
-119382	-4223.73	4084.25
-119382	-4226.88	4079.75
-119382	-4230.76	4075.87
-119382	-4235.26	4072.72
-119382	-4240.24	4070.4
-119382	-4087.54	4068.98
-119382	-4093.01	4068.5
-119382	-4098.48	4068.98
-119382	-4103.78	4070.4
-119382	-4108.76	4072.72
-119382	-4113.25	4075.87
-119382	-4117.14	4079.75
-119382	-4120.29	4084.25
-119382	-4122.61	4089.23
-119382	-4124.03	4094.53
-119382	-4124.51	4100
-119382	-4124.03	4105.47
-119382	-4122.61	4110.77
-119382	-4120.29	4115.75
-119382	-4117.14	4120.25
-119382	-4113.25	4124.13
-119382	-4108.76	4127.28
-119382	-4103.78	4129.6
-119382	-4098.48	4131.02
-119382	-4093.01	4131.5
-119382	-4087.54	4131.02
-119382	-4082.23	4129.6
-119382	-4077.26	4127.28
-119382	-4072.76	4124.13
-119382	-4068.88	4120.25
-119382	-4065.73	4115.75
-119382	-4063.41	4110.77
-119382	-4061.98	4105.47
-119382	-4061.51	4100
-119382	-4061.98	4094.53
-119382	-4063.41	4089.23
-119382	-4065.73	4084.25
-119382	-4068.88	4079.75
-119382	-4072.76	4075.87
-119382	-4077.26	4072.72
-119382	-4082.23	4070.4

#	Triangle	185
0	2	1	3	2	0	342	22	341	21	22	342	331	10	330	9	10	331	7	324	325	8	324	7	346	349	348	347	349	346	17	333	334	14	333	17	352	28	355	27	28	352	356	32	359	31	32	356
4	7	5	7	3	5	7	6	3	6	17	3	17	16	3	16	20	3	20	19	3	19	18	3	18	2	3	4	8	7	13	17	6	13	12	17	12	14	17	15	20	16	11	14	12	4	9	8	4	10	9	11	15	14	11	20	15	4	11	10	4	31	11	31	71	11	71	70	11	70	34	11	34	20	11	70	35	34	69	142	34	142	20	34	105	35	70	105	36	35	68	142	69	31	72	71	104	36	105	104	37	36	67	142	68	31	73	72	103	37	104	103	38	37	66	142	67	31	74	73	102	38	103	102	39	38	65	142	66	31	75	74	101	39	102	101	40	39	64	178	65	178	142	65	31	76	75	100	40	101	64	179	178	213	142	178	213	143	142	177	20	142	64	180	179	212	143	213	212	144	143	176	20	177	64	181	180	211	144	212	211	145	144	175	20	176	64	182	181	210	145	211	210	146	145	174	20	175	100	41	40	63	182	64	31	106	76	106	77	76	99	41	100	63	183	182	209	146	210	209	147	146	173	20	174	31	107	106	141	77	106	31	108	107	140	77	141	63	184	183	208	147	209	208	148	147	172	20	173	31	109	108	139	77	140	99	42	41	62	184	63	139	78	77	98	42	99	31	110	109	138	78	139	31	111	110	137	78	138	62	185	184	207	148	208	207	149	148	171	20	172	31	30	111	30	112	111	136	78	137	4	27	31	27	32	31	33	112	30	33	113	112	135	78	136	62	186	185	206	149	207	206	150	149	170	20	171	98	43	42	61	186	62	135	79	78	97	43	98	33	114	113	134	79	135	61	187	186	205	150	206	205	151	150	169	20	170	33	115	114	133	79	134	97	44	43	60	187	61	133	80	79	96	44	97	33	116	115	132	80	133	60	188	187	204	151	205	204	152	151	168	20	169	33	117	116	131	80	132	60	189	188	203	152	204	203	153	152	167	20	168	33	118	117	130	80	131	96	45	44	59	189	60	130	81	80	95	45	96	33	119	118	129	81	130	59	190	189	202	153	203	202	154	153	166	20	167	33	120	119	128	81	129	33	121	120	127	81	128	59	191	190	201	154	202	95	46	45	58	191	59	201	155	154	165	20	166	127	82	81	94	46	95	33	122	121	126	82	127	33	123	122	125	82	126	33	124	123	124	82	125	33	82	124	58	192	191	200	155	201	200	156	155	164	20	165	94	47	46	57	192	58	57	193	192	199	156	200	33	83	82	93	47	94	199	157	156	163	20	164	57	194	193	198	157	199	198	158	157	162	20	163	57	195	194	197	158	198	197	159	158	161	20	162	57	196	195	196	159	197	93	48	47	56	196	57	196	160	159	160	20	161	33	84	83	92	48	93	56	160	196	56	20	160	92	49	48	55	20	56	33	85	84	91	49	92	91	50	49	54	20	55	33	86	85	90	50	91	90	51	50	53	20	54	33	87	86	89	51	90	89	52	51	52	20	53	33	88	87	88	52	89	88	20	52	33	21	88	21	20	88	33	22	21	25	2	18	27	33	32	27	286	33	286	22	33	286	23	22	286	24	23	286	25	24	286	250	25	250	214	25	214	249	25	249	2	25	27	287	286	321	250	286	321	251	250	285	214	250	285	215	214	27	288	287	320	251	321	320	252	251	284	215	285	284	216	215	248	2	249	27	289	288	319	252	320	319	253	252	283	216	284	283	217	216	247	2	248	27	290	289	318	253	319	318	254	253	282	217	283	282	218	217	246	2	247	27	291	290	317	254	318	317	255	254	281	218	282	281	219	218	245	2	246	27	292	291	316	255	317	316	256	255	280	219	281	280	220	219	244	2	245	27	293	292	315	256	316	315	257	256	279	220	280	279	221	220	243	2	244	27	26	293	26	294	293	314	257	315	314	258	257	278	221	279	278	222	221	242	2	243	4	28	27	29	294	26	29	295	294	313	258	314	313	259	258	277	222	278	277	223	222	241	2	242	29	296	295	312	259	313	312	260	259	276	223	277	276	224	223	240	2	241	29	297	296	311	260	312	311	261	260	275	224	276	275	225	224	239	2	240	29	298	297	310	261	311	310	262	261	274	225	275	274	226	225	238	2	239	29	299	298	309	262	310	309	263	262	273	226	274	273	227	226	237	2	238	29	300	299	308	263	309	308	264	263	272	227	273	272	228	227	236	2	237	29	301	300	307	264	308	307	265	264	271	228	272	271	229	228	235	2	236	29	302	301	306	265	307	306	266	265	270	229	271	270	230	229	234	2	235	29	303	302	305	266	306	305	267	266	269	230	270	269	231	230	233	2	234	29	304	303	304	267	305	304	268	267	268	231	269	268	232	231	232	2	233	29	268	304	29	232	268	29	2	232	4	29	28	4	2	29
5	322	4	323	322	5	338	18	337	25	18	338	329	12	328	11	12	329	326	13	6	327	13	326	350	345	344	351	345	350	15	335	332	16	335	15	354	26	353	29	26	354	358	30	357	33	30	358
1	337	0	337	335	0	335	323	0	335	334	323	334	326	323	326	325	323	325	322	323	337	332	335	333	351	334	351	326	334	351	349	326	349	327	326	324	322	325	333	345	351	347	328	349	328	327	349	347	329	328	333	347	345	333	329	347	337	333	332	337	329	333	330	324	331	330	322	324	337	330	329	337	361	330	361	397	330	397	396	330	396	357	330	357	356	330	356	322	330	337	362	361	360	397	361	360	398	397	337	363	362	395	398	360	395	399	398	431	357	396	337	469	363	469	364	363	394	399	395	394	400	399	430	357	431	469	365	364	393	400	394	393	401	400	429	357	430	469	366	365	392	401	393	392	402	401	428	357	429	469	505	366	505	367	366	391	402	392	391	403	402	427	357	428	469	506	505	504	367	505	337	470	469	468	506	469	468	507	506	539	367	504	337	471	470	503	507	468	503	508	507	538	367	539	337	472	471	502	508	503	502	509	508	537	367	538	337	473	472	501	509	502	537	368	367	390	403	391	390	404	403	426	433	427	433	357	427	501	510	509	536	368	537	337	474	473	500	510	501	426	434	433	432	357	433	426	435	434	467	357	432	500	511	510	535	368	536	337	475	474	499	511	500	426	436	435	466	357	467	535	369	368	389	404	390	389	405	404	425	436	426	425	437	436	465	357	466	425	438	437	464	357	465	499	512	511	534	369	535	337	476	475	498	512	499	425	439	438	463	357	464	463	358	357	359	353	356	353	352	356	352	322	356	425	440	439	462	358	463	498	513	512	533	369	534	337	477	476	497	513	498	533	370	369	388	405	389	388	406	405	424	440	425	424	441	440	461	358	462	497	514	513	532	370	533	337	478	477	496	514	497	424	442	441	460	358	461	532	371	370	387	406	388	387	407	406	423	442	424	423	443	442	459	358	460	496	515	514	531	371	532	337	479	478	495	515	496	423	444	443	458	358	459	495	516	515	530	371	531	337	480	479	494	516	495	423	445	444	457	358	458	530	372	371	386	407	387	386	408	407	422	445	423	422	446	445	456	358	457	494	517	516	529	372	530	337	481	480	493	517	494	422	447	446	455	358	456	422	448	447	454	358	455	493	518	517	528	372	529	528	373	372	385	408	386	337	482	481	492	518	493	385	409	408	421	448	422	421	449	448	453	358	454	421	450	449	452	358	453	421	451	450	451	358	452	421	358	451	492	519	518	527	373	528	337	483	482	491	519	492	527	374	373	384	409	385	491	520	519	526	374	527	384	410	409	420	358	421	337	484	483	490	520	491	490	521	520	525	374	526	337	485	484	489	521	490	489	522	521	524	374	525	337	486	485	488	522	489	488	523	522	523	374	524	523	375	374	383	410	384	337	487	486	487	523	488	383	411	410	419	358	420	487	375	523	337	375	487	337	376	375	382	411	383	382	412	411	418	358	419	337	377	376	381	412	382	381	413	412	417	358	418	337	378	377	380	413	381	380	414	413	416	358	417	337	379	378	379	414	380	379	415	414	415	358	416	337	415	379	337	336	415	336	343	415	343	342	415	342	358	415	1	338	337	341	358	342	1	339	338	1	340	339	1	341	340	1	542	341	542	541	341	541	358	341	541	359	358	541	577	359	577	613	359	613	353	359	540	577	541	540	578	577	576	613	577	576	614	613	612	353	613	1	543	542	575	578	540	575	579	578	611	614	576	611	615	614	647	353	612	1	544	543	574	579	575	574	580	579	610	615	611	610	616	615	646	353	647	1	545	544	573	580	574	573	581	580	609	616	610	609	617	616	645	353	646	1	546	545	572	581	573	572	582	581	608	617	609	608	618	617	644	353	645	1	547	546	571	582	572	571	583	582	607	618	608	607	619	618	643	353	644	1	548	547	570	583	571	570	584	583	606	619	607	606	620	619	642	353	643	1	549	548	569	584	570	569	585	584	605	620	606	605	621	620	641	353	642	641	354	353	355	322	352	1	550	549	568	585	569	568	586	585	604	621	605	604	622	621	640	354	641	1	551	550	567	586	568	567	587	586	603	622	604	603	623	622	639	354	640	1	552	551	566	587	567	566	588	587	602	623	603	602	624	623	638	354	639	1	553	552	565	588	566	565	589	588	601	624	602	601	625	624	637	354	638	1	554	553	564	589	565	564	590	589	600	625	601	600	626	625	636	354	637	1	555	554	563	590	564	563	591	590	599	626	600	599	627	626	635	354	636	1	556	555	562	591	563	562	592	591	598	627	599	598	628	627	634	354	635	1	557	556	561	592	562	561	593	592	597	628	598	597	629	628	633	354	634	1	558	557	560	593	561	560	594	593	596	629	597	596	630	629	632	354	633	1	559	558	559	594	560	559	595	594	595	630	596	595	631	630	631	354	632	1	595	559	1	631	595	1	354	631	1	355	354	1	322	355	350	346	348	344	346	350
0	5	3	323	5	0	339	25	338	24	25	339	341	23	340	22	23	341	340	24	339	23	24	340	330	11	329	10	11	330	8	331	324	9	331	8	344	347	346	345	347	344	14	332	333	15	332	14	355	29	354	28	29	355	359	33	358	32	33	359
2	322	1	4	322	2	337	19	336	18	19	337	343	21	342	20	21	343	336	20	343	19	20	336	13	328	12	327	328	13	6	325	326	7	325	6	348	351	350	349	351	348	16	334	335	17	334	16	353	27	352	26	27	353	357	31	356	30	31	357
361	35	360	34	35	361	397	71	396	70	71	397	433	107	432	106	107	433
360	36	395	35	36	360	396	72	431	71	72	396
395	37	394	36	37	395	431	73	430	72	73	431
394	38	393	37	38	394	430	74	429	73	74	430
393	39	392	38	39	393	429	75	428	74	75	429
392	40	391	39	40	392
391	41	390	40	41	391
390	42	389	41	42	390	426	78	425	77	78	426
389	43	388	42	43	389
388	44	387	43	44	388
387	45	386	44	45	387
386	46	385	45	46	386
385	47	384	46	47	385
384	48	383	47	48	384	420	84	419	83	84	420
383	49	382	48	49	383	419	85	418	84	85	419
382	50	381	49	50	382	418	86	417	85	86	418
381	51	380	50	51	381	417	87	416	86	87	417
380	52	379	51	52	380	416	88	415	87	88	416
379	53	378	52	53	379	415	89	414	88	89	415
378	54	377	53	54	378	414	90	413	89	90	414
377	55	376	54	55	377	413	91	412	90	91	413
376	56	375	55	56	376	412	92	411	91	92	412
375	57	374	56	57	375	411	93	410	92	93	411
374	58	373	57	58	374	410	94	409	93	94	410
373	59	372	58	59	373
372	60	371	59	60	372
371	61	370	60	61	371	407	97	406	96	97	407
370	62	369	61	62	370	406	98	405	97	98	406
369	63	368	62	63	369	405	99	404	98	99	405
368	64	367	63	64	368	404	100	403	99	100	404
367	65	366	64	65	367	403	101	402	100	101	403
366	66	365	65	66	366	402	102	401	101	102	402
365	67	364	66	67	365	401	103	400	102	103	401
364	68	363	67	68	364	400	104	399	103	104	400
363	69	362	68	69	363	399	105	398	104	105	399
362	34	361	69	34	362	398	70	397	105	70	398
428	76	427	75	76	428
427	77	426	76	77	427	463	113	462	112	113	463
425	79	424	78	79	425
424	80	423	79	80	424
423	81	422	80	81	423
422	82	421	81	82	422
421	83	420	82	83	421
409	95	408	94	95	409
408	96	407	95	96	408
432	108	467	107	108	432
467	109	466	108	109	467
466	110	465	109	110	466
465	111	464	110	111	465
464	112	463	111	112	464
462	114	461	113	114	462
461	115	460	114	115	461	569	223	568	222	223	569	605	259	604	258	259	605
460	116	459	115	116	460
459	117	458	116	117	459
458	118	457	117	118	458
457	119	456	118	119	457
456	120	455	119	120	456
455	121	454	120	121	455
454	122	453	121	122	454
453	123	452	122	123	453
452	124	451	123	124	452
451	125	450	124	125	451
450	126	449	125	126	450
449	127	448	126	127	449
448	128	447	127	128	448
447	129	446	128	129	447
446	130	445	129	130	446
445	131	444	130	131	445
444	132	443	131	132	444
443	133	442	132	133	443
442	134	441	133	134	442	550	242	549	241	242	550	586	278	585	277	278	586	622	314	621	313	314	622
441	135	440	134	135	441
440	136	439	135	136	440
439	137	438	136	137	439
438	138	437	137	138	438
437	139	436	138	139	437
436	140	435	139	140	436
435	141	434	140	141	435
434	106	433	141	106	434
469	143	468	142	143	469	505	179	504	178	179	505
468	144	503	143	144	468
503	145	502	144	145	503	539	181	538	180	181	539
502	146	501	145	146	502
501	147	500	146	147	501	537	183	536	182	183	537	645	291	644	290	291	645
500	148	499	147	148	500
499	149	498	148	149	499
498	150	497	149	150	498	534	186	533	185	186	534
497	151	496	150	151	497	533	187	532	186	187	533
496	152	495	151	152	496
495	153	494	152	153	495
494	154	493	153	154	494
493	155	492	154	155	493
492	156	491	155	156	492
491	157	490	156	157	491
490	158	489	157	158	490	526	194	525	193	194	526
489	159	488	158	159	489	525	195	524	194	195	525
488	160	487	159	160	488	524	196	523	195	196	524
487	161	486	160	161	487	523	197	522	196	197	523
486	162	485	161	162	486	522	198	521	197	198	522
485	163	484	162	163	485	521	199	520	198	199	521
484	164	483	163	164	484
483	165	482	164	165	483
482	166	481	165	166	482	518	202	517	201	202	518
481	167	480	166	167	481	517	203	516	202	203	517
480	168	479	167	168	480
479	169	478	168	169	479
478	170	477	169	170	478	514	206	513	205	206	514
477	171	476	170	171	477	513	207	512	206	207	513
476	172	475	171	172	476	512	208	511	207	208	512
475	173	474	172	173	475	511	209	510	208	209	511
474	174	473	173	174	474	510	210	509	209	210	510
473	175	472	174	175	473
472	176	471	175	176	472	508	212	507	211	212	508
471	177	470	176	177	471
470	142	469	177	142	470	506	178	505	213	178	506
504	180	539	179	180	504
538	182	537	181	182	538
536	184	535	183	184	536
535	185	534	184	185	535
532	188	531	187	188	532
531	189	530	188	189	531
530	190	529	189	190	530
529	191	528	190	191	529
528	192	527	191	192	528	564	228	563	227	228	564	600	264	599	263	264	600
527	193	526	192	193	527
520	200	519	199	200	520
519	201	518	200	201	519
516	204	515	203	204	516
515	205	514	204	205	515
509	211	508	210	211	509
507	213	506	212	213	507
541	215	540	214	215	541
540	216	575	215	216	540	576	252	611	251	252	576	612	288	647	287	288	612
575	217	574	216	217	575
574	218	573	217	218	574	610	254	609	253	254	610
573	219	572	218	219	573	609	255	608	254	255	609
572	220	571	219	220	572	608	256	607	255	256	608	644	292	643	291	292	644
571	221	570	220	221	571	607	257	606	256	257	607
570	222	569	221	222	570	606	258	605	257	258	606
568	224	567	223	224	568	604	260	603	259	260	604
567	225	566	224	225	567	603	261	602	260	261	603
566	226	565	225	226	566	602	262	601	261	262	602
565	227	564	226	227	565	601	263	600	262	263	601	637	299	636	298	299	637
563	229	562	228	229	563	599	265	598	264	265	599
562	230	561	229	230	562
561	231	560	230	231	561	597	267	596	266	267	597	633	303	632	302	303	633
560	232	559	231	232	560
559	233	558	232	233	559	595	269	594	268	269	595
558	234	557	233	234	558	594	270	593	269	270	594	630	306	629	305	306	630
557	235	556	234	235	557	593	271	592	270	271	593	629	307	628	306	307	629
556	236	555	235	236	556	592	272	591	271	272	592	628	308	627	307	308	628
555	237	554	236	237	555	591	273	590	272	273	591	627	309	626	308	309	627
554	238	553	237	238	554	590	274	589	273	274	590	626	310	625	309	310	626
553	239	552	238	239	553	589	275	588	274	275	589	625	311	624	310	311	625
552	240	551	239	240	552	588	276	587	275	276	588	624	312	623	311	312	624
551	241	550	240	241	551	587	277	586	276	277	587	623	313	622	312	313	623
549	243	548	242	243	549	585	279	584	278	279	585	621	315	620	314	315	621
548	244	547	243	244	548	584	280	583	279	280	584	620	316	619	315	316	620
547	245	546	244	245	547	583	281	582	280	281	583	619	317	618	316	317	619
546	246	545	245	246	546	582	282	581	281	282	582	618	318	617	317	318	618
545	247	544	246	247	545	581	283	580	282	283	581	617	319	616	318	319	617
544	248	543	247	248	544	580	284	579	283	284	580	616	320	615	319	320	616
543	249	542	248	249	543	579	285	578	284	285	579	615	321	614	320	321	615
542	214	541	249	214	542	578	250	577	285	250	578
577	251	576	250	251	577	613	287	612	286	287	613
611	253	610	252	253	611	647	289	646	288	289	647
598	266	597	265	266	598	634	302	633	301	302	634
596	268	595	267	268	596	632	304	631	303	304	632
646	290	645	289	290	646
643	293	642	292	293	643
642	294	641	293	294	642
641	295	640	294	295	641
640	296	639	295	296	640
639	297	638	296	297	639
638	298	637	297	298	638
636	300	635	299	300	636
635	301	634	300	301	635
631	305	630	304	305	631
614	286	613	321	286	614

#	Normal	185
-0	1	0
-1	0	0
-0	-1	-0
1	0	0
0	-0	1
0	0	-1
0	0.0871453	-0.996196
0	0.258824	-0.965924
0	0.422625	-0.906305
0	0.573554	-0.819168
0	0.707113	-0.707101
0	0.819149	-0.57358
0	0.906316	-0.4226
0	0.965929	-0.258806
0	0.996195	-0.0871486
-0	0.996195	0.0871486
-0	0.965929	0.258806
-0	0.906316	0.4226
-0	0.819145	0.573586
-0	0.707113	0.707101
-0	0.573554	0.819168
-0	0.422625	0.906305
-0	0.258824	0.965924
-0	0.0871577	0.996195
0	-0.087162	0.996194
0	-0.258824	0.965924
0	-0.422606	0.906313
0	-0.573578	0.819151
0	-0.707113	0.707101
0	-0.819145	0.573586
0	-0.906316	0.4226
0	-0.965929	0.258806
0	-0.996191	0.087198
0	-0.996191	-0.087198
0	-0.965929	-0.258806
0	-0.906316	-0.4226
0	-0.819149	-0.57358
0	-0.707113	-0.707101
0	-0.573578	-0.819151
0	-0.422606	-0.906313
0	-0.258824	-0.965924
0	-0.0871497	-0.996195
0	0.819161	-0.573563
0	0.906307	-0.42262
0	0.996193	-0.0871733
-0	0.996193	0.0871733
-0	0.965928	0.258809
-0	0.906309	0.422616
-0	0.819157	0.573569
0	-0.906319	0.422595
0	-0.965928	0.258809
0	0.258804	-0.96593
0	0.422645	-0.906295
0	0.573575	-0.819153
0	0.707091	-0.707122
0	0.819163	-0.573561
0	0.965924	-0.258825
0	0.996195	-0.087148
-0	0.996195	0.0871507
-0	0.965924	0.258825
-0	0.906313	0.422608
-0	0.819153	0.573575
-0	0.707091	0.707122
-0	0.573575	0.819153
-0	0.422645	0.906295
-0	0.258804	0.96593
-0	0.0871762	0.996193
0	-0.0871816	0.996192
0	-0.258804	0.96593
0	-0.422621	0.906306
0	-0.573575	0.819153
0	-0.707122	0.707091
0	-0.819124	0.573617
0	-0.906313	0.422608
0	-0.965924	0.258825
0	-0.996195	0.0871507
0	-0.996195	-0.087148
0	-0.965924	-0.258825
0	-0.906307	-0.42262
0	-0.819134	-0.573602
0	-0.707122	-0.707091
0	-0.573575	-0.819153
0	-0.422621	-0.906306
0	-0.258804	-0.96593
0	-0.0871507	-0.996195
0	0.087158	-0.996194
0	0.258828	-0.965923
0	0.42262	-0.906307
0	0.57357	-0.819157
0	0.707107	-0.707107
0	0.819138	-0.573597
0	0.906322	-0.422588
0	0.965923	-0.258828
0	0.996194	-0.087158
-0	0.996195	0.0871563
-0	0.965922	0.258833
-0	0.906322	0.422588
-0	0.819138	0.573597
-0	0.707117	0.707097
-0	0.57357	0.819157
-0	0.42262	0.906307
-0	0.258809	0.965928
-0	0.087158	0.996194
0	-0.087158	0.996194
0	-0.258809	0.965928
0	-0.42262	0.906307
0	-0.57357	0.819157
0	-0.707117	0.707097
0	-0.819138	0.573597
0	-0.906322	0.422588
0	-0.965922	0.258833
0	-0.996195	0.0871563
0	-0.996194	-0.087158
0	-0.965923	-0.258828
0	-0.906322	-0.422588
0	-0.819138	-0.573597
0	-0.707107	-0.707107
0	-0.57357	-0.819157
0	-0.42262	-0.906307
0	-0.258828	-0.965923
0	-0.087158	-0.996194
0	0.258809	-0.965928
0	0.573583	-0.819147
0	0.819176	-0.573543
0	0.906291	-0.422653
-0	0.996194	0.087158
-0	0.965923	0.258828
-0	0.906291	0.422653
-0	0.819176	0.573543
-0	0.707107	0.707107
-0	0.573583	0.819147
0	-0.573583	0.819147
0	-0.707107	0.707107
0	-0.965923	0.258828
0	-0.996194	0.087158
0	-0.573583	-0.819147
0	-0.258809	-0.965928
0	0.0871438	-0.996196
0	0.258822	-0.965925
0	0.422644	-0.906296
0	0.573558	-0.819165
0	0.707129	-0.707085
0	0.81915	-0.573579
0	0.906286	-0.422664
0	0.965936	-0.258781
-0	0.996195	0.0871515
-0	0.965936	0.258781
-0	0.906294	0.422647
-0	0.819165	0.573558
-0	0.573558	0.819165
-0	0.422608	0.906313
-0	0.258864	0.965914
-0	0.0871438	0.996196
0	-0.0871515	0.996195
0	-0.258864	0.965914
0	-0.422574	0.906328
0	-0.5736	0.819136
0	-0.707062	0.707151
0	-0.819165	0.573558
0	-0.906328	0.422574
0	-0.965914	0.258864
0	-0.996195	0.0871515
0	-0.965914	-0.258864
0	-0.906321	-0.422591
0	-0.81915	-0.573579
0	-0.707085	-0.707129
0	-0.5736	-0.819136
0	-0.42261	-0.906311
0	-0.258822	-0.965925
0	-0.0871515	-0.996195
0	0.0871515	-0.996195
0	0.42261	-0.906311
-0	0.422574	0.906328
-0	0.0871515	0.996195
0	0.573579	-0.81915
0	0.906321	-0.422591
0	0.965925	-0.258822
0	0.996192	-0.0871918
-0	0.996191	0.0871956
-0	0.965925	0.258822
-0	0.906328	0.422574
-0	0.707085	0.707129
-0	0.573579	0.81915
0	-0.0871476	0.996195
0	-0.0871476	-0.996195

#	Mesh	0	End

