#	Mesh	0	Begin

#	Vertex	232
-114732	-15785.5	-50
-114732	-15785.5	4650
-114732	-15585.5	4650
-114732	-15585.5	-50
-122432	-15585.5	4650
-114832	-15585.5	4090
-116182	-15585.5	4090
-122432	-15585.5	-50
-118173	-15585.5	4268.5
-118179	-15585.5	4268.98
-118184	-15585.5	4270.4
-118189	-15585.5	4272.72
-118193	-15585.5	4275.87
-118197	-15585.5	4279.75
-118200	-15585.5	4284.25
-118203	-15585.5	4289.23
-118204	-15585.5	4294.53
-118205	-15585.5	4300
-118204	-15585.5	4305.47
-118203	-15585.5	4310.77
-118200	-15585.5	4315.75
-118197	-15585.5	4320.25
-118193	-15585.5	4324.13
-118189	-15585.5	4327.28
-118184	-15585.5	4329.6
-118179	-15585.5	4331.02
-118173	-15585.5	4331.5
-118168	-15585.5	4331.02
-118162	-15585.5	4329.6
-118157	-15585.5	4327.28
-118153	-15585.5	4324.13
-118149	-15585.5	4320.25
-118146	-15585.5	4315.75
-118144	-15585.5	4310.77
-118142	-15585.5	4305.47
-118142	-15585.5	4300
-118142	-15585.5	4294.53
-118144	-15585.5	4289.23
-118146	-15585.5	4284.25
-118149	-15585.5	4279.75
-118153	-15585.5	4275.87
-118157	-15585.5	4272.72
-118162	-15585.5	4270.4
-118168	-15585.5	4268.98
-118322	-15585.5	4268.5
-118327	-15585.5	4268.98
-118333	-15585.5	4270.4
-118337	-15585.5	4272.72
-118342	-15585.5	4275.87
-118346	-15585.5	4279.75
-118349	-15585.5	4284.25
-118351	-15585.5	4289.23
-118353	-15585.5	4294.53
-118353	-15585.5	4300
-118353	-15585.5	4305.47
-118351	-15585.5	4310.77
-118349	-15585.5	4315.75
-118346	-15585.5	4320.25
-118342	-15585.5	4324.13
-118337	-15585.5	4327.28
-118333	-15585.5	4329.6
-118327	-15585.5	4331.02
-118322	-15585.5	4331.5
-118316	-15585.5	4331.02
-118311	-15585.5	4329.6
-118306	-15585.5	4327.28
-118301	-15585.5	4324.13
-118298	-15585.5	4320.25
-118294	-15585.5	4315.75
-118292	-15585.5	4310.77
-118291	-15585.5	4305.47
-118290	-15585.5	4300
-118291	-15585.5	4294.53
-118292	-15585.5	4289.23
-118294	-15585.5	4284.25
-118298	-15585.5	4279.75
-118301	-15585.5	4275.87
-118306	-15585.5	4272.72
-118311	-15585.5	4270.4
-118316	-15585.5	4268.98
-118482	-15585.5	4275
-118487	-15585.5	4275.38
-118491	-15585.5	4276.51
-118495	-15585.5	4278.35
-118499	-15585.5	4280.85
-118502	-15585.5	4283.93
-118504	-15585.5	4287.5
-118506	-15585.5	4291.45
-118507	-15585.5	4295.66
-118507	-15585.5	4300
-118507	-15585.5	4304.34
-118506	-15585.5	4308.55
-118504	-15585.5	4312.5
-118502	-15585.5	4316.07
-118499	-15585.5	4319.15
-118495	-15585.5	4321.65
-118491	-15585.5	4323.49
-118487	-15585.5	4324.62
-118482	-15585.5	4325
-118478	-15585.5	4324.62
-118474	-15585.5	4323.49
-118470	-15585.5	4321.65
-118466	-15585.5	4319.15
-118463	-15585.5	4316.07
-118461	-15585.5	4312.5
-118459	-15585.5	4308.55
-118458	-15585.5	4304.34
-118457	-15585.5	4300
-118458	-15585.5	4295.66
-118459	-15585.5	4291.45
-118461	-15585.5	4287.5
-118463	-15585.5	4283.93
-118466	-15585.5	4280.85
-118470	-15585.5	4278.35
-118474	-15585.5	4276.51
-118478	-15585.5	4275.38
-122432	-15785.5	4650
-122432	-15785.5	-50
-116182	-15785.5	4090
-114832	-15785.5	4090
-118179	-15785.5	4268.98
-118173	-15785.5	4268.5
-118168	-15785.5	4268.98
-118162	-15785.5	4270.4
-118157	-15785.5	4272.72
-118153	-15785.5	4275.87
-118149	-15785.5	4279.75
-118146	-15785.5	4284.25
-118144	-15785.5	4289.23
-118142	-15785.5	4294.53
-118142	-15785.5	4300
-118142	-15785.5	4305.47
-118144	-15785.5	4310.77
-118146	-15785.5	4315.75
-118149	-15785.5	4320.25
-118153	-15785.5	4324.13
-118157	-15785.5	4327.28
-118162	-15785.5	4329.6
-118168	-15785.5	4331.02
-118173	-15785.5	4331.5
-118179	-15785.5	4331.02
-118184	-15785.5	4329.6
-118189	-15785.5	4327.28
-118193	-15785.5	4324.13
-118197	-15785.5	4320.25
-118200	-15785.5	4315.75
-118203	-15785.5	4310.77
-118204	-15785.5	4305.47
-118205	-15785.5	4300
-118204	-15785.5	4294.53
-118203	-15785.5	4289.23
-118200	-15785.5	4284.25
-118197	-15785.5	4279.75
-118193	-15785.5	4275.87
-118189	-15785.5	4272.72
-118184	-15785.5	4270.4
-118327	-15785.5	4268.98
-118322	-15785.5	4268.5
-118316	-15785.5	4268.98
-118311	-15785.5	4270.4
-118306	-15785.5	4272.72
-118301	-15785.5	4275.87
-118298	-15785.5	4279.75
-118294	-15785.5	4284.25
-118292	-15785.5	4289.23
-118291	-15785.5	4294.53
-118290	-15785.5	4300
-118291	-15785.5	4305.47
-118292	-15785.5	4310.77
-118294	-15785.5	4315.75
-118298	-15785.5	4320.25
-118301	-15785.5	4324.13
-118306	-15785.5	4327.28
-118311	-15785.5	4329.6
-118316	-15785.5	4331.02
-118322	-15785.5	4331.5
-118327	-15785.5	4331.02
-118333	-15785.5	4329.6
-118337	-15785.5	4327.28
-118342	-15785.5	4324.13
-118346	-15785.5	4320.25
-118349	-15785.5	4315.75
-118351	-15785.5	4310.77
-118353	-15785.5	4305.47
-118353	-15785.5	4300
-118353	-15785.5	4294.53
-118351	-15785.5	4289.23
-118349	-15785.5	4284.25
-118346	-15785.5	4279.75
-118342	-15785.5	4275.87
-118337	-15785.5	4272.72
-118333	-15785.5	4270.4
-118487	-15785.5	4275.38
-118482	-15785.5	4275
-118478	-15785.5	4275.38
-118474	-15785.5	4276.51
-118470	-15785.5	4278.35
-118466	-15785.5	4280.85
-118463	-15785.5	4283.93
-118461	-15785.5	4287.5
-118459	-15785.5	4291.45
-118458	-15785.5	4295.66
-118457	-15785.5	4300
-118458	-15785.5	4304.34
-118459	-15785.5	4308.55
-118461	-15785.5	4312.5
-118463	-15785.5	4316.07
-118466	-15785.5	4319.15
-118470	-15785.5	4321.65
-118474	-15785.5	4323.49
-118478	-15785.5	4324.62
-118482	-15785.5	4325
-118487	-15785.5	4324.62
-118491	-15785.5	4323.49
-118495	-15785.5	4321.65
-118499	-15785.5	4319.15
-118502	-15785.5	4316.07
-118504	-15785.5	4312.5
-118506	-15785.5	4308.55
-118507	-15785.5	4304.34
-118507	-15785.5	4300
-118507	-15785.5	4295.66
-118506	-15785.5	4291.45
-118504	-15785.5	4287.5
-118502	-15785.5	4283.93
-118499	-15785.5	4280.85
-118495	-15785.5	4278.35
-118491	-15785.5	4276.51
-116182	-15585.5	4650
-116182	-15785.5	4650
-114832	-15785.5	4650
-114832	-15585.5	4650

#	Triangle	86
0	2	1	3	2	0	118	228	229	6	228	118
4	3	7	4	81	3	81	80	3	80	45	3	45	44	3	44	6	3	6	5	3	5	2	3	44	8	6	8	43	6	43	228	6	231	2	5	79	8	44	79	9	8	80	46	45	78	9	79	78	10	9	42	228	43	80	47	46	77	10	78	77	11	10	41	228	42	80	48	47	76	11	77	76	12	11	40	228	41	115	48	80	4	82	81	114	48	115	114	49	48	75	12	76	75	13	12	39	228	40	4	83	82	113	49	114	4	84	83	112	49	113	112	50	49	74	13	75	74	14	13	38	228	39	4	85	84	111	50	112	4	86	85	110	50	111	110	51	50	73	14	74	73	15	14	37	228	38	4	87	86	109	51	110	109	52	51	72	15	73	72	16	15	36	228	37	4	88	87	108	52	109	108	53	52	71	16	72	71	17	16	35	228	36	4	89	88	107	53	108	4	90	89	106	53	107	106	54	53	70	17	71	70	18	17	34	228	35	4	91	90	105	54	106	105	55	54	69	18	70	69	19	18	33	228	34	4	92	91	104	55	105	104	56	55	68	19	69	68	20	19	32	228	33	4	93	92	103	56	104	103	57	56	67	20	68	67	21	20	31	228	32	4	94	93	102	57	103	4	95	94	101	57	102	101	58	57	66	21	67	66	22	21	30	228	31	4	96	95	100	58	101	4	97	96	99	58	100	99	59	58	65	22	66	65	23	22	29	228	30	4	98	97	98	59	99	4	59	98	4	60	59	64	23	65	64	24	23	28	228	29	4	61	60	63	24	64	63	25	24	27	228	28	4	62	61	62	25	63	62	26	25	26	228	27	4	26	62	4	228	26
7	116	4	117	116	7	5	230	231	119	230	5
1	119	0	119	117	0	119	118	117	118	157	117	157	156	117	156	193	117	193	192	117	192	116	117	1	230	119	229	122	118	122	121	118	121	157	118	120	157	121	120	158	157	229	123	122	155	158	120	155	159	158	191	193	156	229	124	123	154	159	155	154	160	159	190	193	191	229	125	124	153	160	154	153	161	160	189	193	190	189	194	193	189	195	194	227	116	192	229	126	125	152	161	153	152	162	161	188	195	189	188	196	195	226	116	227	188	197	196	225	116	226	229	127	126	151	162	152	151	163	162	187	197	188	187	198	197	224	116	225	187	199	198	223	116	224	229	128	127	150	163	151	150	164	163	186	199	187	186	200	199	222	116	223	229	129	128	149	164	150	149	165	164	185	200	186	185	201	200	221	116	222	229	130	129	148	165	149	148	166	165	184	201	185	184	202	201	220	116	221	229	131	130	147	166	148	147	167	166	183	202	184	183	203	202	219	116	220	183	204	203	218	116	219	229	132	131	146	167	147	146	168	167	182	204	183	182	205	204	217	116	218	229	133	132	145	168	146	145	169	168	181	205	182	181	206	205	216	116	217	229	134	133	144	169	145	144	170	169	180	206	181	180	207	206	215	116	216	180	208	207	214	116	215	229	135	134	143	170	144	143	171	170	179	208	180	179	209	208	213	116	214	179	210	209	212	116	213	229	136	135	142	171	143	142	172	171	178	210	179	178	211	210	211	116	212	178	116	211	229	137	136	141	172	142	141	173	172	177	116	178	229	138	137	140	173	141	140	174	173	176	116	177	229	139	138	139	174	140	139	175	174	175	116	176	229	175	139	229	116	175
0	7	3	117	7	0
228	116	229	4	116	228	230	2	231	1	2	230	119	6	118	5	6	119
121	9	120	8	9	121	157	45	156	44	45	157
120	10	155	9	10	120	156	46	191	45	46	156
155	11	154	10	11	155	191	47	190	46	47	191
154	12	153	11	12	154	190	48	189	47	48	190
153	13	152	12	13	153	189	49	188	48	49	189
152	14	151	13	14	152	188	50	187	49	50	188
151	15	150	14	15	151	187	51	186	50	51	187
150	16	149	15	16	150	186	52	185	51	52	186
149	17	148	16	17	149	185	53	184	52	53	185
148	18	147	17	18	148	184	54	183	53	54	184
147	19	146	18	19	147	183	55	182	54	55	183
146	20	145	19	20	146	182	56	181	55	56	182
145	21	144	20	21	145	181	57	180	56	57	181
144	22	143	21	22	144	180	58	179	57	58	180
143	23	142	22	23	143	179	59	178	58	59	179
142	24	141	23	24	142	178	60	177	59	60	178
141	25	140	24	25	141	177	61	176	60	61	177
140	26	139	25	26	140	176	62	175	61	62	176
139	27	138	26	27	139	175	63	174	62	63	175
138	28	137	27	28	138	174	64	173	63	64	174
137	29	136	28	29	137	173	65	172	64	65	173
136	30	135	29	30	136
135	31	134	30	31	135	171	67	170	66	67	171
134	32	133	31	32	134
133	33	132	32	33	133	169	69	168	68	69	169
132	34	131	33	34	132
131	35	130	34	35	131
130	36	129	35	36	130
129	37	128	36	37	129
128	38	127	37	38	128	164	74	163	73	74	164
127	39	126	38	39	127
126	40	125	39	40	126	162	76	161	75	76	162
125	41	124	40	41	125
124	42	123	41	42	124	160	78	159	77	78	160
123	43	122	42	43	123	159	79	158	78	79	159
122	8	121	43	8	122	158	44	157	79	44	158
172	66	171	65	66	172
170	68	169	67	68	170
168	70	167	69	70	168
167	71	166	70	71	167
166	72	165	71	72	166
165	73	164	72	73	165
163	75	162	74	75	163
161	77	160	76	77	161
193	81	192	80	81	193
192	82	227	81	82	192
227	83	226	82	83	227
226	84	225	83	84	226
225	85	224	84	85	225
224	86	223	85	86	224
223	87	222	86	87	223
222	88	221	87	88	222
221	89	220	88	89	221
220	90	219	89	90	220
219	91	218	90	91	219
218	92	217	91	92	218
217	93	216	92	93	217
216	94	215	93	94	216
215	95	214	94	95	215
214	96	213	95	96	214
213	97	212	96	97	213
212	98	211	97	98	212
211	99	210	98	99	211
210	100	209	99	100	210
209	101	208	100	101	209
208	102	207	101	102	208
207	103	206	102	103	207
206	104	205	103	104	206
205	105	204	104	105	205
204	106	203	105	106	204
203	107	202	106	107	203
202	108	201	107	108	202
201	109	200	108	109	201
200	110	199	109	110	200
199	111	198	110	111	199
198	112	197	111	112	198
197	113	196	112	113	197
196	114	195	113	114	196
195	115	194	114	115	195
194	80	193	115	80	194

#	Normal	86
-1	0	0
0	-1	0
1	0	0
0	1	-0
0	0	1
0	0	-1
-0.087167	0	-0.996194
-0.258819	0	-0.965926
-0.422574	0	-0.906328
-0.573391	0	-0.819282
-0.707062	0	-0.707151
-0.819249	0	-0.573438
-0.906328	0	-0.422574
-0.965892	0	-0.258946
-0.996226	0	-0.0867985
-0.996226	0	0.0867985
-0.965892	0	0.258946
-0.906328	0	0.422574
-0.819249	0	0.573438
-0.707062	0	0.707151
-0.573391	0	0.819282
-0.422574	0	0.906328
-0.258819	0	0.965926
-0.087167	0	0.996194
0.087167	-0	0.996194
0.258819	-0	0.965926
0.422574	-0	0.906328
0.57406	-0	0.818814
0.707062	-0	0.707151
0.81858	-0	0.574392
0.906328	-0	0.422574
0.966247	-0	0.257618
0.996102	-0	0.0882104
0.996102	0	-0.0882104
0.966247	0	-0.257618
0.906328	0	-0.422574
0.81858	0	-0.574392
0.707062	0	-0.707151
0.57406	0	-0.818814
0.422574	0	-0.906328
0.258819	0	-0.965926
0.087167	0	-0.996194
0.573391	-0	0.819282
0.819249	-0	0.573438
0.965892	-0	0.258946
0.996226	-0	0.0867985
0.996226	0	-0.0867985
0.965892	0	-0.258946
0.819249	0	-0.573438
0.573391	0	-0.819282
-0.0871225	0	-0.996198
-0.258736	0	-0.965948
-0.422916	0	-0.906169
-0.573583	0	-0.819148
-0.706547	0	-0.707666
-0.819111	0	-0.573635
-0.906821	0	-0.421516
-0.965637	0	-0.259893
-0.99629	0	-0.086059
-0.99629	0	0.086059
-0.965637	0	0.259893
-0.906821	0	0.421516
-0.819111	0	0.573635
-0.706547	0	0.707666
-0.573583	0	0.819148
-0.422916	0	0.906169
-0.258736	0	0.965948
-0.0871225	0	0.996198
0.0872783	-0	0.996184
0.258736	-0	0.965948
0.422229	-0	0.906489
0.573583	-0	0.819148
0.707443	-0	0.70677
0.819111	-0	0.573635
0.906134	-0	0.42299
0.966086	-0	0.258221
0.996135	-0	0.0878382
0.996135	0	-0.0878382
0.966086	0	-0.258221
0.906134	0	-0.42299
0.819111	0	-0.573635
0.707443	0	-0.70677
0.573583	0	-0.819148
0.422229	0	-0.906489
0.258736	0	-0.965948
0.0872783	0	-0.996184

#	Mesh	0	End

