#	Mesh	0	Begin

#	Vertex	232
-106332	-15785.5	-50
-106332	-15785.5	4350
-106332	-15585.5	4350
-106332	-15585.5	-50
-114032	-15585.5	4350
-112738	-15585.5	4350
-112738	-15585.5	3850
-113468	-15585.5	3850
-113468	-15585.5	4350
-114032	-15585.5	-50
-111132	-15585.5	3860.78
-111146	-15585.5	3862
-111159	-15585.5	3865.61
-111172	-15585.5	3871.5
-111183	-15585.5	3879.5
-111193	-15585.5	3889.36
-111201	-15585.5	3900.78
-111207	-15585.5	3913.42
-111211	-15585.5	3926.89
-111212	-15585.5	3940.78
-111211	-15585.5	3954.68
-111207	-15585.5	3968.15
-111201	-15585.5	3980.78
-111193	-15585.5	3992.21
-111183	-15585.5	4002.07
-111172	-15585.5	4010.07
-111159	-15585.5	4015.96
-111146	-15585.5	4019.57
-111132	-15585.5	4020.78
-111118	-15585.5	4019.57
-111104	-15585.5	4015.96
-111092	-15585.5	4010.07
-111080	-15585.5	4002.07
-111070	-15585.5	3992.21
-111062	-15585.5	3980.78
-111057	-15585.5	3968.15
-111053	-15585.5	3954.68
-111052	-15585.5	3940.78
-111053	-15585.5	3926.89
-111057	-15585.5	3913.42
-111062	-15585.5	3900.78
-111070	-15585.5	3889.36
-111080	-15585.5	3879.5
-111092	-15585.5	3871.5
-111104	-15585.5	3865.61
-111118	-15585.5	3862
-111382	-15585.5	3860.91
-111396	-15585.5	3862.12
-111409	-15585.5	3865.73
-111422	-15585.5	3871.63
-111433	-15585.5	3879.63
-111443	-15585.5	3889.49
-111451	-15585.5	3900.91
-111457	-15585.5	3913.55
-111461	-15585.5	3927.02
-111462	-15585.5	3940.91
-111461	-15585.5	3954.8
-111457	-15585.5	3968.27
-111451	-15585.5	3980.91
-111443	-15585.5	3992.33
-111433	-15585.5	4002.19
-111422	-15585.5	4010.19
-111409	-15585.5	4016.08
-111396	-15585.5	4019.69
-111382	-15585.5	4020.91
-111368	-15585.5	4019.69
-111354	-15585.5	4016.08
-111342	-15585.5	4010.19
-111330	-15585.5	4002.19
-111320	-15585.5	3992.33
-111312	-15585.5	3980.91
-111307	-15585.5	3968.27
-111303	-15585.5	3954.8
-111302	-15585.5	3940.91
-111303	-15585.5	3927.02
-111307	-15585.5	3913.55
-111312	-15585.5	3900.91
-111320	-15585.5	3889.49
-111330	-15585.5	3879.63
-111342	-15585.5	3871.63
-111354	-15585.5	3865.73
-111368	-15585.5	3862.12
-111632	-15585.5	3902.26
-111638	-15585.5	3902.83
-111645	-15585.5	3904.52
-111650	-15585.5	3907.28
-111656	-15585.5	3911.03
-111660	-15585.5	3915.66
-111664	-15585.5	3921.01
-111667	-15585.5	3926.93
-111669	-15585.5	3933.25
-111669	-15585.5	3939.76
-111669	-15585.5	3946.27
-111667	-15585.5	3952.59
-111664	-15585.5	3958.51
-111660	-15585.5	3963.86
-111656	-15585.5	3968.49
-111650	-15585.5	3972.24
-111645	-15585.5	3975
-111638	-15585.5	3976.69
-111632	-15585.5	3977.26
-111625	-15585.5	3976.69
-111619	-15585.5	3975
-111613	-15585.5	3972.24
-111608	-15585.5	3968.49
-111603	-15585.5	3963.86
-111599	-15585.5	3958.51
-111596	-15585.5	3952.59
-111595	-15585.5	3946.27
-111594	-15585.5	3939.76
-111595	-15585.5	3933.25
-111596	-15585.5	3926.93
-111599	-15585.5	3921.01
-111603	-15585.5	3915.66
-111608	-15585.5	3911.03
-111613	-15585.5	3907.28
-111619	-15585.5	3904.52
-111625	-15585.5	3902.83
-114032	-15785.5	4350
-114032	-15785.5	-50
-113468	-15785.5	4350
-113468	-15785.5	3850
-112738	-15785.5	3850
-112738	-15785.5	4350
-111146	-15785.5	3862
-111132	-15785.5	3860.78
-111118	-15785.5	3862
-111104	-15785.5	3865.61
-111092	-15785.5	3871.5
-111080	-15785.5	3879.5
-111070	-15785.5	3889.36
-111062	-15785.5	3900.78
-111057	-15785.5	3913.42
-111053	-15785.5	3926.89
-111052	-15785.5	3940.78
-111053	-15785.5	3954.68
-111057	-15785.5	3968.15
-111062	-15785.5	3980.78
-111070	-15785.5	3992.21
-111080	-15785.5	4002.07
-111092	-15785.5	4010.07
-111104	-15785.5	4015.96
-111118	-15785.5	4019.57
-111132	-15785.5	4020.78
-111146	-15785.5	4019.57
-111159	-15785.5	4015.96
-111172	-15785.5	4010.07
-111183	-15785.5	4002.07
-111193	-15785.5	3992.21
-111201	-15785.5	3980.78
-111207	-15785.5	3968.15
-111211	-15785.5	3954.68
-111212	-15785.5	3940.78
-111211	-15785.5	3926.89
-111207	-15785.5	3913.42
-111201	-15785.5	3900.78
-111193	-15785.5	3889.36
-111183	-15785.5	3879.5
-111172	-15785.5	3871.5
-111159	-15785.5	3865.61
-111396	-15785.5	3862.12
-111382	-15785.5	3860.91
-111368	-15785.5	3862.12
-111354	-15785.5	3865.73
-111342	-15785.5	3871.63
-111330	-15785.5	3879.63
-111320	-15785.5	3889.49
-111312	-15785.5	3900.91
-111307	-15785.5	3913.55
-111303	-15785.5	3927.02
-111302	-15785.5	3940.91
-111303	-15785.5	3954.8
-111307	-15785.5	3968.27
-111312	-15785.5	3980.91
-111320	-15785.5	3992.33
-111330	-15785.5	4002.19
-111342	-15785.5	4010.19
-111354	-15785.5	4016.08
-111368	-15785.5	4019.69
-111382	-15785.5	4020.91
-111396	-15785.5	4019.69
-111409	-15785.5	4016.08
-111422	-15785.5	4010.19
-111433	-15785.5	4002.19
-111443	-15785.5	3992.33
-111451	-15785.5	3980.91
-111457	-15785.5	3968.27
-111461	-15785.5	3954.8
-111462	-15785.5	3940.91
-111461	-15785.5	3927.02
-111457	-15785.5	3913.55
-111451	-15785.5	3900.91
-111443	-15785.5	3889.49
-111433	-15785.5	3879.63
-111422	-15785.5	3871.63
-111409	-15785.5	3865.73
-111638	-15785.5	3902.83
-111632	-15785.5	3902.26
-111625	-15785.5	3902.83
-111619	-15785.5	3904.52
-111613	-15785.5	3907.28
-111608	-15785.5	3911.03
-111603	-15785.5	3915.66
-111599	-15785.5	3921.01
-111596	-15785.5	3926.93
-111595	-15785.5	3933.25
-111594	-15785.5	3939.76
-111595	-15785.5	3946.27
-111596	-15785.5	3952.59
-111599	-15785.5	3958.51
-111603	-15785.5	3963.86
-111608	-15785.5	3968.49
-111613	-15785.5	3972.24
-111619	-15785.5	3975
-111625	-15785.5	3976.69
-111632	-15785.5	3977.26
-111638	-15785.5	3976.69
-111645	-15785.5	3975
-111650	-15785.5	3972.24
-111656	-15785.5	3968.49
-111660	-15785.5	3963.86
-111664	-15785.5	3958.51
-111667	-15785.5	3952.59
-111669	-15785.5	3946.27
-111669	-15785.5	3939.76
-111669	-15785.5	3933.25
-111667	-15785.5	3926.93
-111664	-15785.5	3921.01
-111660	-15785.5	3915.66
-111656	-15785.5	3911.03
-111650	-15785.5	3907.28
-111645	-15785.5	3904.52

#	Triangle	94
0	2	1	3	2	0	121	8	120	7	8	121
4	7	9	7	3	9	7	6	3	6	10	3	10	45	3	45	2	3	4	8	7	5	84	6	84	83	6	83	82	6	82	48	6	48	47	6	47	46	6	46	10	6	46	11	10	81	11	46	81	12	11	44	2	45	80	12	81	80	13	12	43	2	44	82	49	48	79	13	80	79	14	13	42	2	43	82	50	49	78	14	79	78	15	14	41	2	42	82	51	50	77	15	78	77	16	15	40	2	41	82	52	51	76	16	77	76	17	16	39	2	40	82	53	52	75	17	76	117	53	82	116	53	117	5	85	84	115	53	116	5	86	85	114	53	115	5	87	86	113	53	114	75	18	17	38	2	39	113	54	53	74	18	75	5	88	87	112	54	113	5	89	88	111	54	112	74	19	18	37	2	38	5	90	89	110	54	111	110	55	54	73	19	74	5	91	90	109	55	110	5	92	91	108	55	109	73	20	19	36	2	37	108	56	55	72	20	73	5	93	92	107	56	108	5	94	93	106	56	107	72	21	20	35	2	36	106	57	56	71	21	72	5	95	94	105	57	106	5	96	95	104	57	105	71	22	21	34	2	35	104	58	57	70	22	71	5	97	96	103	58	104	5	98	97	102	58	103	5	99	98	101	58	102	5	100	99	100	58	101	5	58	100	70	23	22	33	2	34	5	59	58	69	23	70	69	24	23	32	2	33	5	60	59	68	24	69	68	25	24	31	2	32	5	61	60	67	25	68	67	26	25	30	2	31	5	62	61	66	26	67	66	27	26	29	2	30	5	63	62	65	27	66	65	28	27	28	2	29	5	64	63	64	28	65	64	2	28	5	2	64
9	118	4	119	118	9	123	6	122	5	6	123
1	119	0	1	126	119	126	125	119	125	122	119	122	121	119	121	118	119	125	161	122	161	160	122	160	195	122	195	197	122	197	196	122	196	231	122	231	123	122	120	118	121	124	161	125	124	162	161	1	127	126	159	162	124	159	163	162	1	128	127	158	163	159	158	164	163	194	197	195	1	129	128	157	164	158	157	165	164	193	197	194	1	130	129	156	165	157	156	166	165	192	197	193	1	131	130	155	166	156	155	167	166	191	197	192	1	132	131	154	167	155	154	168	167	190	197	191	190	198	197	190	199	198	190	200	199	230	123	231	190	201	200	229	123	230	190	202	201	228	123	229	1	133	132	153	168	154	153	169	168	189	202	190	189	203	202	227	123	228	189	204	203	226	123	227	1	134	133	152	169	153	189	205	204	225	123	226	152	170	169	188	205	189	188	206	205	224	123	225	188	207	206	223	123	224	1	135	134	151	170	152	151	171	170	187	207	188	187	208	207	222	123	223	187	209	208	221	123	222	1	136	135	150	171	151	150	172	171	186	209	187	186	210	209	220	123	221	186	211	210	219	123	220	1	137	136	149	172	150	149	173	172	185	211	186	185	212	211	218	123	219	185	213	212	217	123	218	185	214	213	216	123	217	185	215	214	215	123	216	185	123	215	1	138	137	148	173	149	148	174	173	184	123	185	1	139	138	147	174	148	147	175	174	183	123	184	1	140	139	146	175	147	146	176	175	182	123	183	1	141	140	145	176	146	145	177	176	181	123	182	1	142	141	144	177	145	144	178	177	180	123	181	1	143	142	143	178	144	143	179	178	179	123	180	1	179	143	1	123	179
0	9	3	119	9	0
8	118	120	4	118	8	123	2	5	1	2	123	122	7	121	6	7	122
125	11	124	10	11	125
124	12	159	11	12	124	160	48	195	47	48	160
159	13	158	12	13	159
158	14	157	13	14	158
157	15	156	14	15	157	193	51	192	50	51	193
156	16	155	15	16	156
155	17	154	16	17	155	191	53	190	52	53	191
154	18	153	17	18	154	190	54	189	53	54	190
153	19	152	18	19	153	189	55	188	54	55	189
152	20	151	19	20	152
151	21	150	20	21	151	187	57	186	56	57	187
150	22	149	21	22	150
149	23	148	22	23	149	185	59	184	58	59	185
148	24	147	23	24	148
147	25	146	24	25	147	183	61	182	60	61	183
146	26	145	25	26	146	182	62	181	61	62	182
145	27	144	26	27	145
144	28	143	27	28	144	180	64	179	63	64	180
143	29	142	28	29	143	179	65	178	64	65	179
142	30	141	29	30	142
141	31	140	30	31	141	177	67	176	66	67	177
140	32	139	31	32	140	176	68	175	67	68	176
139	33	138	32	33	139
138	34	137	33	34	138	174	70	173	69	70	174
137	35	136	34	35	137
136	36	135	35	36	136	172	72	171	71	72	172
135	37	134	36	37	135
134	38	133	37	38	134	170	74	169	73	74	170
133	39	132	38	39	133	169	75	168	74	75	169
132	40	131	39	40	132	168	76	167	75	76	168
131	41	130	40	41	131
130	42	129	41	42	130	166	78	165	77	78	166
129	43	128	42	43	129
128	44	127	43	44	128
127	45	126	44	45	127	163	81	162	80	81	163
126	10	125	45	10	126
161	47	160	46	47	161
195	49	194	48	49	195
194	50	193	49	50	194
192	52	191	51	52	192
188	56	187	55	56	188
186	58	185	57	58	186
184	60	183	59	60	184
181	63	180	62	63	181
178	66	177	65	66	178
175	69	174	68	69	175
173	71	172	70	71	173
171	73	170	72	73	171
167	77	166	76	77	167
165	79	164	78	79	165
164	80	163	79	80	164
162	46	161	81	46	162
197	83	196	82	83	197
196	84	231	83	84	196
231	85	230	84	85	231
230	86	229	85	86	230
229	87	228	86	87	229
228	88	227	87	88	228
227	89	226	88	89	227
226	90	225	89	90	226
225	91	224	90	91	225
224	92	223	91	92	224
223	93	222	92	93	223
222	94	221	93	94	222
221	95	220	94	95	221
220	96	219	95	96	220
219	97	218	96	97	219
218	98	217	97	98	218
217	99	216	98	99	217
216	100	215	99	100	216
215	101	214	100	101	215
214	102	213	101	102	214
213	103	212	102	103	213
212	104	211	103	104	212
211	105	210	104	105	211
210	106	209	105	106	210
209	107	208	106	107	209
208	108	207	107	108	208
207	109	206	108	109	207
206	110	205	109	110	206
205	111	204	110	111	205
204	112	203	111	112	204
203	113	202	112	113	203
202	114	201	113	114	202
201	115	200	114	115	201
200	116	199	115	116	200
199	117	198	116	117	199
198	82	197	117	82	198

#	Normal	94
-1	0	0
0	-1	0
1	0	0
0	1	-0
0	0	1
0	0	-1
-0.08716	0	-0.996194
-0.258832	0	-0.965922
-0.422567	0	-0.906332
-0.573606	0	-0.819132
-0.707151	0	-0.707063
-0.819103	0	-0.573647
-0.906384	0	-0.422455
-0.965923	0	-0.258831
-0.996174	0	-0.0873956
-0.996174	0	0.0873956
-0.965923	0	0.258831
-0.906384	0	0.422455
-0.819103	0	0.573647
-0.707142	0	0.707072
-0.573617	0	0.819123
-0.422553	0	0.906338
-0.258848	0	0.965918
-0.08716	0	0.996194
0.08716	-0	0.996194
0.258848	-0	0.965918
0.422553	-0	0.906338
0.573617	-0	0.819123
0.707142	-0	0.707072
0.819103	-0	0.573647
0.906169	-0	0.422915
0.965923	-0	0.258831
0.996222	-0	0.0868396
0.996222	0	-0.0868396
0.965923	0	-0.258831
0.906169	0	-0.422915
0.819103	0	-0.573647
0.707151	0	-0.707063
0.573606	0	-0.819132
0.422567	0	-0.906332
0.258832	0	-0.965922
0.08716	0	-0.996194
-0.0871774	0	-0.996193
-0.422553	0	-0.906338
-0.573617	0	-0.819123
-0.819097	0	-0.573655
-0.996174	0	0.0873941
-0.906381	0	0.422462
-0.707151	0	0.707063
-0.258832	0	0.965922
0.258832	-0	0.965922
0.707151	-0	0.707063
0.906166	-0	0.422922
0.996222	-0	0.0868381
0.819097	0	-0.573655
0.573617	0	-0.819123
0.422553	0	-0.906338
0.0871774	0	-0.996193
-0.0872263	0	-0.996189
-0.258552	0	-0.965997
-0.422779	0	-0.906233
-0.573788	0	-0.819004
-0.706883	0	-0.707331
-0.819099	0	-0.573653
-0.906586	0	-0.422022
-0.965792	0	-0.259317
-0.996187	0	-0.0872485
-0.996187	0	0.0872452
-0.96579	0	0.259327
-0.906586	0	0.422022
-0.819099	0	0.573653
-0.706901	0	0.707312
-0.573788	0	0.819004
-0.422748	0	0.906247
-0.258587	0	0.965988
-0.0871892	0	0.996192
0.0870855	-0	0.996201
0.258885	-0	0.965908
0.422748	-0	0.906247
0.573227	-0	0.819397
0.707499	-0	0.706714
0.819099	-0	0.573653
0.906128	-0	0.423004
0.966088	-0	0.258211
0.996187	-0	0.0872452
0.996187	0	-0.0872485
0.966091	0	-0.258202
0.906128	0	-0.423004
0.819099	0	-0.573653
0.70748	0	-0.706733
0.573227	0	-0.819397
0.422779	0	-0.906233
0.258851	0	-0.965917
0.0871225	0	-0.996198

#	Mesh	0	End

