#	Mesh	0	Begin

#	Vertex	152
-105182	-16285.5	-50
-105182	-16285.5	3600
-104982	-16285.5	3600
-104982	-16285.5	-50
-104982	-15085.5	3600
-104982	-15085.5	-50
-104982	-15203.3	3360.05
-104982	-15195.5	3360.74
-104982	-15187.9	3362.77
-104982	-15180.8	3366.08
-104982	-15174.4	3370.58
-104982	-15168.8	3376.13
-104982	-15164.3	3382.55
-104982	-15161	3389.66
-104982	-15159	3397.24
-104982	-15158.3	3405.05
-104982	-15159	3412.87
-104982	-15161	3420.44
-104982	-15164.3	3427.55
-104982	-15168.8	3433.98
-104982	-15174.4	3439.52
-104982	-15180.8	3444.02
-104982	-15187.9	3447.34
-104982	-15195.5	3449.37
-104982	-15203.3	3450.05
-104982	-15211.1	3449.37
-104982	-15218.7	3447.34
-104982	-15225.8	3444.02
-104982	-15232.2	3439.52
-104982	-15237.8	3433.98
-104982	-15242.3	3427.55
-104982	-15245.6	3420.44
-104982	-15247.6	3412.87
-104982	-15248.3	3405.05
-104982	-15247.6	3397.24
-104982	-15245.6	3389.66
-104982	-15242.3	3382.55
-104982	-15237.8	3376.13
-104982	-15232.2	3370.58
-104982	-15225.8	3366.08
-104982	-15218.7	3362.77
-104982	-15211.1	3360.74
-104982	-15358.8	3360.05
-104982	-15351	3360.73
-104982	-15343.4	3362.76
-104982	-15336.3	3366.08
-104982	-15329.9	3370.58
-104982	-15324.4	3376.12
-104982	-15319.9	3382.55
-104982	-15316.5	3389.66
-104982	-15314.5	3397.23
-104982	-15313.8	3405.05
-104982	-15314.5	3412.86
-104982	-15316.5	3420.44
-104982	-15319.9	3427.55
-104982	-15324.4	3433.97
-104982	-15329.9	3439.52
-104982	-15336.3	3444.02
-104982	-15343.4	3447.33
-104982	-15351	3449.36
-104982	-15358.8	3450.05
-104982	-15366.6	3449.36
-104982	-15374.2	3447.33
-104982	-15381.3	3444.02
-104982	-15387.8	3439.52
-104982	-15393.3	3433.97
-104982	-15397.8	3427.55
-104982	-15401.1	3420.44
-104982	-15403.1	3412.86
-104982	-15403.8	3405.05
-104982	-15403.1	3397.23
-104982	-15401.1	3389.66
-104982	-15397.8	3382.55
-104982	-15393.3	3376.12
-104982	-15387.8	3370.58
-104982	-15381.3	3366.08
-104982	-15374.2	3362.76
-104982	-15366.6	3360.73
-105182	-15085.5	3600
-105182	-15085.5	-50
-105182	-15195.5	3360.74
-105182	-15203.3	3360.05
-105182	-15211.1	3360.74
-105182	-15218.7	3362.77
-105182	-15225.8	3366.08
-105182	-15232.2	3370.58
-105182	-15237.8	3376.13
-105182	-15242.3	3382.55
-105182	-15245.6	3389.66
-105182	-15247.6	3397.24
-105182	-15248.3	3405.05
-105182	-15247.6	3412.87
-105182	-15245.6	3420.44
-105182	-15242.3	3427.55
-105182	-15237.8	3433.98
-105182	-15232.2	3439.52
-105182	-15225.8	3444.02
-105182	-15218.7	3447.34
-105182	-15211.1	3449.37
-105182	-15203.3	3450.05
-105182	-15195.5	3449.37
-105182	-15187.9	3447.34
-105182	-15180.8	3444.02
-105182	-15174.4	3439.52
-105182	-15168.8	3433.98
-105182	-15164.3	3427.55
-105182	-15161	3420.44
-105182	-15159	3412.87
-105182	-15158.3	3405.05
-105182	-15159	3397.24
-105182	-15161	3389.66
-105182	-15164.3	3382.55
-105182	-15168.8	3376.13
-105182	-15174.4	3370.58
-105182	-15180.8	3366.08
-105182	-15187.9	3362.77
-105182	-15351	3360.73
-105182	-15358.8	3360.05
-105182	-15366.6	3360.73
-105182	-15374.2	3362.76
-105182	-15381.3	3366.08
-105182	-15387.8	3370.58
-105182	-15393.3	3376.12
-105182	-15397.8	3382.55
-105182	-15401.1	3389.66
-105182	-15403.1	3397.23
-105182	-15403.8	3405.05
-105182	-15403.1	3412.86
-105182	-15401.1	3420.44
-105182	-15397.8	3427.55
-105182	-15393.3	3433.97
-105182	-15387.8	3439.52
-105182	-15381.3	3444.02
-105182	-15374.2	3447.33
-105182	-15366.6	3449.36
-105182	-15358.8	3450.05
-105182	-15351	3449.36
-105182	-15343.4	3447.33
-105182	-15336.3	3444.02
-105182	-15329.9	3439.52
-105182	-15324.4	3433.97
-105182	-15319.9	3427.55
-105182	-15316.5	3420.44
-105182	-15314.5	3412.86
-105182	-15313.8	3405.05
-105182	-15314.5	3397.23
-105182	-15316.5	3389.66
-105182	-15319.9	3382.55
-105182	-15324.4	3376.12
-105182	-15329.9	3370.58
-105182	-15336.3	3366.08
-105182	-15343.4	3362.76

#	Triangle	68
0	2	1	3	2	0
4	3	5	4	13	3	13	12	3	12	11	3	11	10	3	10	9	3	9	8	3	8	7	3	7	6	3	6	42	3	42	77	3	77	2	3	6	43	42	41	43	6	41	44	43	76	2	77	40	44	41	40	45	44	75	2	76	39	45	40	39	46	45	74	2	75	38	46	39	38	47	46	73	2	74	37	47	38	37	48	47	72	2	73	36	48	37	36	49	48	71	2	72	35	49	36	35	50	49	70	2	71	4	14	13	34	50	35	34	51	50	69	2	70	4	15	14	33	51	34	33	52	51	68	2	69	4	16	15	32	52	33	32	53	52	67	2	68	4	17	16	31	53	32	31	54	53	66	2	67	4	18	17	30	54	31	30	55	54	65	2	66	4	19	18	29	55	30	29	56	55	64	2	65	4	20	19	28	56	29	28	57	56	63	2	64	4	21	20	27	57	28	27	58	57	62	2	63	4	22	21	26	58	27	26	59	58	61	2	62	4	23	22	25	59	26	25	60	59	60	2	61	4	24	23	24	60	25	24	2	60	4	2	24
5	78	4	79	78	5
1	79	0	1	118	79	118	117	79	117	81	79	81	80	79	80	115	79	115	114	79	114	113	79	113	112	79	112	111	79	111	110	79	110	78	79	116	81	117	116	82	81	1	119	118	151	82	116	151	83	82	1	120	119	150	83	151	150	84	83	1	121	120	149	84	150	149	85	84	1	122	121	148	85	149	148	86	85	1	123	122	147	86	148	147	87	86	1	124	123	146	87	147	146	88	87	1	125	124	145	88	146	145	89	88	109	78	110	1	126	125	144	89	145	144	90	89	108	78	109	1	127	126	143	90	144	143	91	90	107	78	108	1	128	127	142	91	143	142	92	91	106	78	107	1	129	128	141	92	142	141	93	92	105	78	106	1	130	129	140	93	141	140	94	93	104	78	105	1	131	130	139	94	140	139	95	94	103	78	104	1	132	131	138	95	139	138	96	95	102	78	103	1	133	132	137	96	138	137	97	96	101	78	102	1	134	133	136	97	137	136	98	97	100	78	101	1	135	134	135	98	136	135	99	98	99	78	100	1	99	135	1	78	99
0	5	3	79	5	0
2	78	1	4	78	2
81	7	80	6	7	81
80	8	115	7	8	80
115	9	114	8	9	115
114	10	113	9	10	114
113	11	112	10	11	113	149	47	148	46	47	149
112	12	111	11	12	112	148	48	147	47	48	148
111	13	110	12	13	111
110	14	109	13	14	110
109	15	108	14	15	109
108	16	107	15	16	108	144	52	143	51	52	144
107	17	106	16	17	107
106	18	105	17	18	106
105	19	104	18	19	105	141	55	140	54	55	141
104	20	103	19	20	104	140	56	139	55	56	140
103	21	102	20	21	103
102	22	101	21	22	102
101	23	100	22	23	101
100	24	99	23	24	100
99	25	98	24	25	99
98	26	97	25	26	98
97	27	96	26	27	97
96	28	95	27	28	96
95	29	94	28	29	95	131	65	130	64	65	131
94	30	93	29	30	94	130	66	129	65	66	130
93	31	92	30	31	93
92	32	91	31	32	92
91	33	90	32	33	91	127	69	126	68	69	127
90	34	89	33	34	90
89	35	88	34	35	89
88	36	87	35	36	88
87	37	86	36	37	87	123	73	122	72	73	123
86	38	85	37	38	86	122	74	121	73	74	122
85	39	84	38	39	85
84	40	83	39	40	84
83	41	82	40	41	83
82	6	81	41	6	82
117	43	116	42	43	117
116	44	151	43	44	116
151	45	150	44	45	151
150	46	149	45	46	150
147	49	146	48	49	147
146	50	145	49	50	146
145	51	144	50	51	145
143	53	142	52	53	143
142	54	141	53	54	142
139	57	138	56	57	139
138	58	137	57	58	138
137	59	136	58	59	137
136	60	135	59	60	136
135	61	134	60	61	135
134	62	133	61	62	134
133	63	132	62	63	133
132	64	131	63	64	132
129	67	128	66	67	129
128	68	127	67	68	128
126	70	125	69	70	126
125	71	124	70	71	125
124	72	123	71	72	124
121	75	120	74	75	121
120	76	119	75	76	120
119	77	118	76	77	119
118	42	117	77	42	118

#	Normal	68
-0	1	0
-1	0	0
-0	-1	-0
1	0	0
0	-0	1
0	0	-1
0	0.0871762	-0.996193
0	0.258788	-0.965934
0	0.422669	-0.906284
0	0.573546	-0.819173
0	0.707091	-0.707122
0	0.819153	-0.573575
0	0.906337	-0.422557
0	0.965924	-0.258825
0	0.996195	-0.0871507
-0	0.996195	0.087148
-0	0.965924	0.258825
-0	0.906331	0.422568
-0	0.819163	0.573561
-0	0.707091	0.707122
-0	0.573546	0.819173
-0	0.422669	0.906284
-0	0.258788	0.965934
-0	0.0871453	0.996196
0	-0.0871561	0.996195
0	-0.258788	0.965934
0	-0.422621	0.906306
0	-0.573604	0.819132
0	-0.707091	0.707122
0	-0.819163	0.573561
0	-0.906283	0.422671
0	-0.965924	0.258825
0	-0.996195	0.087148
0	-0.996195	-0.0871507
0	-0.965924	-0.258825
0	-0.906289	-0.422659
0	-0.819153	-0.573575
0	-0.707091	-0.707122
0	-0.573604	-0.819132
0	-0.422621	-0.906306
0	-0.258788	-0.965934
0	-0.087187	-0.996192
0	0.0871561	-0.996195
0	0.258817	-0.965926
0	0.422596	-0.906318
0	0.573625	-0.819118
0	0.906289	-0.422659
0	0.965922	-0.258833
0	0.996195	-0.087148
-0	0.965922	0.258833
-0	0.906289	0.422659
-0	0.573604	0.819132
-0	0.422596	0.906318
-0	0.258817	0.965926
-0	0.0871561	0.996195
0	-0.0871453	0.996196
0	-0.258817	0.965926
0	-0.422643	0.906296
0	-0.573546	0.819173
0	-0.906337	0.422557
0	-0.965922	0.258833
0	-0.996195	-0.087148
0	-0.965922	-0.258833
0	-0.906337	-0.422557
0	-0.573567	-0.819159
0	-0.422643	-0.906296
0	-0.258817	-0.965926
0	-0.0871453	-0.996196

#	Mesh	0	End

