#	Mesh	0	Begin

#	Vertex	186
-121182	-7185.47	-50
-121182	-7185.47	5230
-121382	-7185.47	5230
-121382	-7185.47	-50
-121382	-8635.47	5230
-121382	-8635.47	-50
-121382	-8624.75	3755.26
-121382	-8606.97	3746.97
-121382	-8590.91	3735.73
-121382	-8577.04	3721.86
-121382	-8565.79	3705.8
-121382	-8557.51	3688.02
-121382	-8552.43	3669.08
-121382	-8550.72	3649.55
-121382	-8552.43	3630.01
-121382	-8557.51	3611.07
-121382	-8565.79	3593.3
-121382	-8577.04	3577.23
-121382	-8590.91	3563.37
-121382	-8606.97	3552.12
-121382	-8624.75	3543.83
-121382	-8280.67	3537.81
-121382	-8300.21	3539.52
-121382	-8319.15	3544.59
-121382	-8336.92	3552.88
-121382	-8352.98	3564.13
-121382	-8366.85	3577.99
-121382	-8378.1	3594.06
-121382	-8386.39	3611.83
-121382	-8391.46	3630.77
-121382	-8393.17	3650.31
-121382	-8391.46	3669.84
-121382	-8386.39	3688.79
-121382	-8378.1	3706.56
-121382	-8366.85	3722.62
-121382	-8352.98	3736.49
-121382	-8336.92	3747.74
-121382	-8319.15	3756.02
-121382	-8300.21	3761.1
-121382	-8280.67	3762.81
-121382	-8261.13	3761.1
-121382	-8242.19	3756.02
-121382	-8224.42	3747.74
-121382	-8208.36	3736.49
-121382	-8194.49	3722.62
-121382	-8183.24	3706.56
-121382	-8174.96	3688.79
-121382	-8169.88	3669.84
-121382	-8168.17	3650.31
-121382	-8169.88	3630.77
-121382	-8174.96	3611.83
-121382	-8183.24	3594.06
-121382	-8194.49	3577.99
-121382	-8208.36	3564.13
-121382	-8224.42	3552.88
-121382	-8242.19	3544.59
-121382	-8261.13	3539.52
-121382	-7863.45	3606.05
-121382	-7871.26	3606.73
-121382	-7878.84	3608.76
-121382	-7885.95	3612.07
-121382	-7892.37	3616.57
-121382	-7897.92	3622.12
-121382	-7902.42	3628.55
-121382	-7905.73	3635.66
-121382	-7907.76	3643.23
-121382	-7908.45	3651.05
-121382	-7907.76	3658.86
-121382	-7905.73	3666.44
-121382	-7902.42	3673.55
-121382	-7897.92	3679.97
-121382	-7892.37	3685.52
-121382	-7885.95	3690.02
-121382	-7878.84	3693.33
-121382	-7871.26	3695.36
-121382	-7863.45	3696.05
-121382	-7855.63	3695.36
-121382	-7848.05	3693.33
-121382	-7840.95	3690.02
-121382	-7834.52	3685.52
-121382	-7828.97	3679.97
-121382	-7824.47	3673.55
-121382	-7821.16	3666.44
-121382	-7819.13	3658.86
-121382	-7818.45	3651.05
-121382	-7819.13	3643.23
-121382	-7821.16	3635.66
-121382	-7824.47	3628.55
-121382	-7828.97	3622.12
-121382	-7834.52	3616.57
-121382	-7840.95	3612.07
-121382	-7848.05	3608.76
-121382	-7855.63	3606.73
-121182	-8635.47	5230
-121182	-8635.47	-50
-121182	-8624.75	3543.83
-121182	-8606.97	3552.12
-121182	-8590.91	3563.37
-121182	-8577.04	3577.23
-121182	-8565.79	3593.3
-121182	-8557.51	3611.07
-121182	-8552.43	3630.01
-121182	-8550.72	3649.55
-121182	-8552.43	3669.08
-121182	-8557.51	3688.02
-121182	-8565.79	3705.8
-121182	-8577.04	3721.86
-121182	-8590.91	3735.73
-121182	-8606.97	3746.97
-121182	-8624.75	3755.26
-121182	-8300.21	3539.52
-121182	-8280.67	3537.81
-121182	-8261.13	3539.52
-121182	-8242.19	3544.59
-121182	-8224.42	3552.88
-121182	-8208.36	3564.13
-121182	-8194.49	3577.99
-121182	-8183.24	3594.06
-121182	-8174.96	3611.83
-121182	-8169.88	3630.77
-121182	-8168.17	3650.31
-121182	-8169.88	3669.84
-121182	-8174.96	3688.79
-121182	-8183.24	3706.56
-121182	-8194.49	3722.62
-121182	-8208.36	3736.49
-121182	-8224.42	3747.74
-121182	-8242.19	3756.02
-121182	-8261.13	3761.1
-121182	-8280.67	3762.81
-121182	-8300.21	3761.1
-121182	-8319.15	3756.02
-121182	-8336.92	3747.74
-121182	-8352.98	3736.49
-121182	-8366.85	3722.62
-121182	-8378.1	3706.56
-121182	-8386.39	3688.79
-121182	-8391.46	3669.84
-121182	-8393.17	3650.31
-121182	-8391.46	3630.77
-121182	-8386.39	3611.83
-121182	-8378.1	3594.06
-121182	-8366.85	3577.99
-121182	-8352.98	3564.13
-121182	-8336.92	3552.88
-121182	-8319.15	3544.59
-121182	-7871.26	3606.73
-121182	-7863.45	3606.05
-121182	-7855.63	3606.73
-121182	-7848.05	3608.76
-121182	-7840.95	3612.07
-121182	-7834.52	3616.57
-121182	-7828.97	3622.12
-121182	-7824.47	3628.55
-121182	-7821.16	3635.66
-121182	-7819.13	3643.23
-121182	-7818.45	3651.05
-121182	-7819.13	3658.86
-121182	-7821.16	3666.44
-121182	-7824.47	3673.55
-121182	-7828.97	3679.97
-121182	-7834.52	3685.52
-121182	-7840.95	3690.02
-121182	-7848.05	3693.33
-121182	-7855.63	3695.36
-121182	-7863.45	3696.05
-121182	-7871.26	3695.36
-121182	-7878.84	3693.33
-121182	-7885.95	3690.02
-121182	-7892.37	3685.52
-121182	-7897.92	3679.97
-121182	-7902.42	3673.55
-121182	-7905.73	3666.44
-121182	-7907.76	3658.86
-121182	-7908.45	3651.05
-121182	-7907.76	3643.23
-121182	-7905.73	3635.66
-121182	-7902.42	3628.55
-121182	-7897.92	3622.12
-121182	-7892.37	3616.57
-121182	-7885.95	3612.07
-121182	-7878.84	3608.76
-121182	-8635.47	3758.14
-121382	-8635.47	3758.14
-121382	-8635.47	3540.96
-121182	-8635.47	3540.96

#	Triangle	90
0	2	1	3	2	0
184	3	5	184	21	3	21	56	3	56	55	3	55	54	3	54	53	3	53	52	3	52	51	3	51	57	3	57	92	3	92	91	3	91	90	3	90	89	3	89	88	3	88	87	3	87	86	3	86	2	3	184	22	21	184	23	22	20	23	184	19	23	20	19	24	23	18	24	19	18	25	24	17	25	18	17	26	25	16	26	17	16	27	26	15	27	16	15	28	27	50	57	51	50	58	57	50	59	58	50	60	59	14	28	15	14	29	28	49	60	50	49	61	60	49	62	61	49	63	62	49	64	63	13	29	14	13	30	29	48	64	49	48	65	64	85	2	86	48	66	65	84	2	85	12	30	13	12	31	30	47	66	48	47	67	66	83	2	84	47	68	67	82	2	83	47	69	68	81	2	82	11	31	12	11	32	31	46	69	47	46	70	69	80	2	81	46	71	70	79	2	80	46	72	71	78	2	79	10	32	11	10	33	32	45	72	46	45	73	72	77	2	78	45	74	73	76	2	77	45	75	74	75	2	76	45	2	75	9	33	10	9	34	33	44	2	45	8	34	9	8	35	34	43	2	44	7	35	8	7	36	35	42	2	43	6	36	7	6	37	36	41	2	42	183	37	6	183	38	37	40	2	41	4	38	183	4	39	38	39	2	40	4	2	39
184	94	185	5	94	184	182	4	183	93	4	182
1	94	0	1	154	94	154	153	94	153	152	94	152	151	94	151	150	94	150	149	94	149	148	94	148	147	94	147	117	94	117	116	94	116	115	94	115	114	94	114	113	94	113	112	94	112	111	94	111	185	94	110	185	111	145	185	110	145	95	185	145	96	95	144	96	145	144	97	96	143	97	144	143	98	97	142	98	143	142	99	98	141	99	142	141	100	99	147	118	117	140	100	141	146	118	147	181	118	146	180	118	181	140	101	100	180	119	118	139	101	140	179	119	180	178	119	179	177	119	178	176	119	177	139	102	101	176	120	119	138	102	139	1	155	154	175	120	176	1	156	155	174	120	175	138	103	102	174	121	120	137	103	138	1	157	156	173	121	174	1	158	157	172	121	173	1	159	158	171	121	172	137	104	103	171	122	121	136	104	137	1	160	159	170	122	171	1	161	160	169	122	170	1	162	161	168	122	169	136	105	104	168	123	122	135	105	136	1	163	162	167	123	168	1	164	163	166	123	167	1	165	164	165	123	166	1	123	165	135	106	105	1	124	123	134	106	135	134	107	106	1	125	124	133	107	134	133	108	107	1	126	125	132	108	133	132	109	108	1	127	126	131	109	132	131	182	109	1	128	127	130	182	131	130	93	182	1	129	128	129	93	130	1	93	129
0	5	3	94	5	0
2	93	1	4	93	2
6	182	183	109	182	6
109	7	108	6	7	109	127	42	126	41	42	127
108	8	107	7	8	108
107	9	106	8	9	107
106	10	105	9	10	106
105	11	104	10	11	105
104	12	103	11	12	104
103	13	102	12	13	103
102	14	101	13	14	102
101	15	100	14	15	101	119	50	118	49	50	119
100	16	99	15	16	100
99	17	98	16	17	99
98	18	97	17	18	98
97	19	96	18	19	97
96	20	95	19	20	96	114	55	113	54	55	114
95	184	185	20	184	95
111	22	110	21	22	111
110	23	145	22	23	110
145	24	144	23	24	145
144	25	143	24	25	144
143	26	142	25	26	143
142	27	141	26	27	142
141	28	140	27	28	141
140	29	139	28	29	140
139	30	138	29	30	139
138	31	137	30	31	138
137	32	136	31	32	137
136	33	135	32	33	136
135	34	134	33	34	135
134	35	133	34	35	134
133	36	132	35	36	133
132	37	131	36	37	132
131	38	130	37	38	131
130	39	129	38	39	130
129	40	128	39	40	129
128	41	127	40	41	128
126	43	125	42	43	126
125	44	124	43	44	125
124	45	123	44	45	124
123	46	122	45	46	123
122	47	121	46	47	122
121	48	120	47	48	121
120	49	119	48	49	120
118	51	117	50	51	118
117	52	116	51	52	117
116	53	115	52	53	116
115	54	114	53	54	115
113	56	112	55	56	113
112	21	111	56	21	112	148	57	147	92	57	148
147	58	146	57	58	147
146	59	181	58	59	146
181	60	180	59	60	181
180	61	179	60	61	180
179	62	178	61	62	179
178	63	177	62	63	178
177	64	176	63	64	177
176	65	175	64	65	176
175	66	174	65	66	175
174	67	173	66	67	174
173	68	172	67	68	173
172	69	171	68	69	172
171	70	170	69	70	171
170	71	169	70	71	170
169	72	168	71	72	169
168	73	167	72	73	168
167	74	166	73	74	167
166	75	165	74	75	166
165	76	164	75	76	165
164	77	163	76	77	164
163	78	162	77	78	163
162	79	161	78	79	162
161	80	160	79	80	161
160	81	159	80	81	160
159	82	158	81	82	159
158	83	157	82	83	158
157	84	156	83	84	157
156	85	155	84	85	156
155	86	154	85	86	155
154	87	153	86	87	154
153	88	152	87	88	153
152	89	151	88	89	152
151	90	150	89	90	151
150	91	149	90	91	150
149	92	148	91	92	149

#	Normal	90
-0	-1	-0
1	0	0
0	1	0
-1	0	0
-0	0	1
-0	-0	-1
-0	0.258823	0.965925
0	0.422625	0.906305
0	0.573554	0.819168
0	0.707113	0.707101
0	0.819149	0.57358
0	0.906316	0.4226
0	0.965929	0.258806
0	0.996195	0.0871486
0	0.996195	-0.0871486
0	0.965929	-0.258806
0	0.906316	-0.4226
0	0.819145	-0.573586
0	0.707113	-0.707101
0	0.573554	-0.819168
0	0.422625	-0.906305
0	0.258843	-0.965919
-0	-0.0871497	-0.996195
-0	-0.258824	-0.965924
-0	-0.422606	-0.906313
-0	-0.573578	-0.819151
-0	-0.707113	-0.707101
-0	-0.819149	-0.57358
-0	-0.906316	-0.4226
-0	-0.965917	-0.258853
-0	-0.996195	-0.0871486
0	-0.996195	0.0871486
0	-0.965916	0.258856
0	-0.906319	0.422595
0	-0.819145	0.573586
0	-0.707113	0.707101
0	-0.573578	0.819151
0	-0.422606	0.906313
0	-0.258824	0.965924
0	-0.087162	0.996194
0	0.0871577	0.996195
0	0.258824	0.965924
0	0.573578	0.819151
0	0.707088	0.707125
0	0.819157	0.573569
0	0.906309	0.422616
0	0.965928	0.258809
0	0.996193	0.0871733
0	0.996193	-0.0871733
0	0.906307	-0.42262
0	0.819161	-0.573563
0	0.707088	-0.707125
0	0.573578	-0.819151
0	0.258824	-0.965924
0	0.0871453	-0.996196
-0	-0.0871507	-0.996195
-0	-0.258833	-0.965922
-0	-0.422596	-0.906318
-0	-0.573596	-0.819138
-0	-0.707107	-0.707107
-0	-0.819134	-0.573602
-0	-0.906313	-0.422608
-0	-0.965922	-0.258833
-0	-0.996195	-0.087148
0	-0.996195	0.087148
0	-0.965922	0.258833
0	-0.906313	0.422608
0	-0.819134	0.573602
0	-0.707107	0.707107
0	-0.573596	0.819138
0	-0.422596	0.906318
0	-0.258833	0.965922
0	-0.0871507	0.996195
0	0.0871453	0.996196
0	0.258833	0.965922
0	0.42262	0.906307
0	0.573596	0.819138
0	0.707076	0.707138
0	0.819163	0.573561
0	0.906313	0.422608
0	0.965922	0.258833
0	0.996195	0.087148
0	0.996195	-0.087148
0	0.965922	-0.258833
0	0.906313	-0.422608
0	0.819163	-0.573561
0	0.707076	-0.707138
0	0.573596	-0.819138
0	0.42262	-0.906307
0	0.258833	-0.965922

#	Mesh	0	End

