#	Mesh	0	Begin

#	Vertex	206
-121382	-11285.5	-50
-121382	-11285.5	5230
-121182	-11285.5	5230
-121182	-11285.5	-50
-121182	-8635.47	5230
-121182	-8635.47	-50
-121182	-9835.47	2100
-121182	-9835.47	200
-121182	-8635.47	200
-121182	-8643.69	3760.34
-121182	-8663.22	3762.05
-121182	-8682.76	3760.34
-121182	-8701.7	3755.26
-121182	-8719.47	3746.97
-121182	-8735.54	3735.73
-121182	-8749.4	3721.86
-121182	-8760.65	3705.8
-121182	-8768.94	3688.02
-121182	-8774.01	3669.08
-121182	-8775.72	3649.55
-121182	-8774.01	3630.01
-121182	-8768.94	3611.07
-121182	-8760.65	3593.3
-121182	-8749.4	3577.23
-121182	-8735.54	3563.37
-121182	-8719.47	3552.12
-121182	-8701.7	3543.83
-121182	-8682.76	3538.75
-121182	-8663.22	3537.05
-121182	-8643.69	3538.75
-121182	-9119.74	3582.75
-121182	-9107.59	3583.81
-121182	-9095.8	3586.97
-121182	-9084.74	3592.12
-121182	-9074.75	3599.12
-121182	-9066.12	3607.75
-121182	-9059.12	3617.75
-121182	-9053.96	3628.8
-121182	-9050.81	3640.59
-121182	-9049.74	3652.75
-121182	-9050.81	3664.9
-121182	-9053.96	3676.69
-121182	-9059.12	3687.75
-121182	-9066.12	3697.74
-121182	-9074.75	3706.37
-121182	-9084.74	3713.37
-121182	-9095.8	3718.52
-121182	-9107.59	3721.68
-121182	-9119.74	3722.75
-121182	-9131.9	3721.68
-121182	-9143.68	3718.52
-121182	-9154.74	3713.37
-121182	-9164.74	3706.37
-121182	-9173.37	3697.74
-121182	-9180.36	3687.75
-121182	-9185.52	3676.69
-121182	-9188.68	3664.9
-121182	-9189.74	3652.75
-121182	-9188.68	3640.59
-121182	-9185.52	3628.8
-121182	-9180.36	3617.75
-121182	-9173.37	3607.75
-121182	-9164.74	3599.12
-121182	-9154.74	3592.12
-121182	-9143.68	3586.97
-121182	-9131.9	3583.81
-121182	-9502.09	3583.16
-121182	-9489.94	3584.23
-121182	-9478.15	3587.39
-121182	-9467.09	3592.54
-121182	-9457.1	3599.54
-121182	-9448.47	3608.17
-121182	-9441.47	3618.16
-121182	-9436.31	3629.22
-121182	-9433.16	3641.01
-121182	-9432.09	3653.16
-121182	-9433.16	3665.32
-121182	-9436.31	3677.11
-121182	-9441.47	3688.16
-121182	-9448.47	3698.16
-121182	-9457.1	3706.79
-121182	-9467.09	3713.79
-121182	-9478.15	3718.94
-121182	-9489.94	3722.1
-121182	-9502.09	3723.16
-121182	-9514.25	3722.1
-121182	-9526.03	3718.94
-121182	-9537.09	3713.79
-121182	-9547.09	3706.79
-121182	-9555.72	3698.16
-121182	-9562.71	3688.16
-121182	-9567.87	3677.11
-121182	-9571.03	3665.32
-121182	-9572.09	3653.16
-121182	-9571.03	3641.01
-121182	-9567.87	3629.22
-121182	-9562.71	3618.16
-121182	-9555.72	3608.17
-121182	-9547.09	3599.54
-121182	-9537.09	3592.54
-121182	-9526.03	3587.39
-121182	-9514.25	3584.23
-121382	-8635.47	200
-121382	-8635.47	-50
-121382	-8635.47	5230
-121182	-8635.47	2100
-121382	-9835.47	200
-121382	-9835.47	2100
-121382	-8635.47	2100
-121382	-8643.69	3538.75
-121382	-8663.22	3537.05
-121382	-8682.76	3538.75
-121382	-8701.7	3543.83
-121382	-8719.47	3552.12
-121382	-8735.54	3563.37
-121382	-8749.4	3577.23
-121382	-8760.65	3593.3
-121382	-8768.94	3611.07
-121382	-8774.01	3630.01
-121382	-8775.72	3649.55
-121382	-8774.01	3669.08
-121382	-8768.94	3688.02
-121382	-8760.65	3705.8
-121382	-8749.4	3721.86
-121382	-8735.54	3735.73
-121382	-8719.47	3746.97
-121382	-8701.7	3755.26
-121382	-8682.76	3760.34
-121382	-8663.22	3762.05
-121382	-8643.69	3760.34
-121382	-9107.59	3583.81
-121382	-9119.74	3582.75
-121382	-9131.9	3583.81
-121382	-9143.68	3586.97
-121382	-9154.74	3592.12
-121382	-9164.74	3599.12
-121382	-9173.37	3607.75
-121382	-9180.36	3617.75
-121382	-9185.52	3628.8
-121382	-9188.68	3640.59
-121382	-9189.74	3652.75
-121382	-9188.68	3664.9
-121382	-9185.52	3676.69
-121382	-9180.36	3687.75
-121382	-9173.37	3697.74
-121382	-9164.74	3706.37
-121382	-9154.74	3713.37
-121382	-9143.68	3718.52
-121382	-9131.9	3721.68
-121382	-9119.74	3722.75
-121382	-9107.59	3721.68
-121382	-9095.8	3718.52
-121382	-9084.74	3713.37
-121382	-9074.75	3706.37
-121382	-9066.12	3697.74
-121382	-9059.12	3687.75
-121382	-9053.96	3676.69
-121382	-9050.81	3664.9
-121382	-9049.74	3652.75
-121382	-9050.81	3640.59
-121382	-9053.96	3628.8
-121382	-9059.12	3617.75
-121382	-9066.12	3607.75
-121382	-9074.75	3599.12
-121382	-9084.74	3592.12
-121382	-9095.8	3586.97
-121382	-9489.94	3584.23
-121382	-9502.09	3583.16
-121382	-9514.25	3584.23
-121382	-9526.03	3587.39
-121382	-9537.09	3592.54
-121382	-9547.09	3599.54
-121382	-9555.72	3608.17
-121382	-9562.71	3618.16
-121382	-9567.87	3629.22
-121382	-9571.03	3641.01
-121382	-9572.09	3653.16
-121382	-9571.03	3665.32
-121382	-9567.87	3677.11
-121382	-9562.71	3688.16
-121382	-9555.72	3698.16
-121382	-9547.09	3706.79
-121382	-9537.09	3713.79
-121382	-9526.03	3718.94
-121382	-9514.25	3722.1
-121382	-9502.09	3723.16
-121382	-9489.94	3722.1
-121382	-9478.15	3718.94
-121382	-9467.09	3713.79
-121382	-9457.1	3706.79
-121382	-9448.47	3698.16
-121382	-9441.47	3688.16
-121382	-9436.31	3677.11
-121382	-9433.16	3665.32
-121382	-9432.09	3653.16
-121382	-9433.16	3641.01
-121382	-9436.31	3629.22
-121382	-9441.47	3618.16
-121382	-9448.47	3608.17
-121382	-9457.1	3599.54
-121382	-9467.09	3592.54
-121382	-9478.15	3587.39
-121182	-8635.47	3540.96
-121382	-8635.47	3540.96
-121382	-8635.47	3758.14
-121182	-8635.47	3758.14

#	Triangle	80
0	2	1	3	2	0
8	3	5	8	7	3	7	2	3	6	2	7	202	6	105	202	29	6	29	28	6	28	27	6	27	26	6	26	25	6	25	30	6	30	66	6	66	101	6	101	100	6	100	99	6	99	98	6	98	2	6	24	30	25	23	30	24	22	30	23	22	31	30	65	66	30	65	67	66	22	32	31	64	67	65	64	68	67	22	33	32	63	68	64	63	69	68	22	34	33	62	69	63	62	70	69	21	34	22	21	35	34	61	70	62	61	71	70	97	2	98	21	36	35	60	71	61	60	72	71	96	2	97	20	36	21	20	37	36	59	72	60	59	73	72	95	2	96	20	38	37	58	73	59	58	74	73	94	2	95	19	38	20	19	39	38	57	74	58	57	75	74	93	2	94	18	39	19	18	40	39	56	75	57	56	76	75	92	2	93	18	41	40	55	76	56	55	77	76	91	2	92	17	41	18	17	42	41	54	77	55	54	78	77	90	2	91	17	43	42	53	78	54	16	43	17	53	79	78	89	2	90	16	44	43	52	79	53	52	80	79	88	2	89	15	44	16	15	45	44	51	80	52	51	81	80	87	2	88	15	46	45	50	81	51	50	82	81	86	2	87	15	47	46	49	82	50	49	83	82	85	2	86	15	48	47	48	83	49	14	48	15	48	84	83	84	2	85	14	84	48	14	2	84	13	2	14	12	2	13	11	2	12	4	9	205	4	10	9	10	2	11	4	2	10
8	103	102	5	103	8	108	202	105	203	202	108	204	4	205	104	4	204	6	106	107	7	106	6
1	106	0	106	103	0	106	102	103	1	107	106	1	108	107	1	171	108	171	170	108	170	169	108	169	168	108	168	167	108	167	131	108	131	113	108	113	112	108	112	111	108	111	110	108	110	109	108	109	203	108	131	114	113	131	115	114	131	116	115	167	132	131	130	116	131	166	132	167	166	133	132	165	116	130	201	133	166	201	134	133	164	116	165	200	134	201	200	135	134	163	116	164	199	135	200	163	117	116	199	136	135	162	117	163	1	172	171	198	136	199	198	137	136	161	117	162	1	173	172	197	137	198	161	118	117	197	138	137	160	118	161	1	174	173	196	138	197	196	139	138	159	118	160	1	175	174	195	139	196	159	119	118	195	140	139	158	119	159	1	176	175	194	140	195	158	120	119	194	141	140	157	120	158	1	177	176	193	141	194	193	142	141	156	120	157	1	178	177	192	142	193	156	121	120	192	143	142	155	121	156	1	179	178	191	143	192	191	144	143	154	121	155	154	122	121	1	180	179	190	144	191	190	145	144	153	122	154	1	181	180	189	145	190	153	123	122	189	146	145	152	123	153	1	182	181	188	146	189	188	147	146	151	123	152	1	183	182	187	147	188	187	148	147	150	123	151	1	184	183	186	148	187	186	149	148	149	123	150	149	124	123	1	185	184	185	149	186	185	124	149	1	124	185	1	125	124	1	126	125	1	127	126	129	104	204	1	128	127	128	104	129	1	104	128
0	5	3	103	5	0	105	107	108	6	107	105
2	104	1	4	104	2	7	102	106	8	102	7
110	29	109	28	29	110
109	202	203	29	202	109
9	204	205	129	204	9
129	10	128	9	10	129
128	11	127	10	11	128
127	12	126	11	12	127
126	13	125	12	13	126
125	14	124	13	14	125
124	15	123	14	15	124
123	16	122	15	16	123
122	17	121	16	17	122
121	18	120	17	18	121
120	19	119	18	19	120
119	20	118	19	20	119
118	21	117	20	21	118
117	22	116	21	22	117
116	23	115	22	23	116
115	24	114	23	24	115
114	25	113	24	25	114
113	26	112	25	26	113
112	27	111	26	27	112
111	28	110	27	28	111
131	31	130	30	31	131	167	67	166	66	67	167
130	32	165	31	32	130	166	68	201	67	68	166
165	33	164	32	33	165	201	69	200	68	69	201
164	34	163	33	34	164
163	35	162	34	35	163
162	36	161	35	36	162
161	37	160	36	37	161
160	38	159	37	38	160
159	39	158	38	39	159
158	40	157	39	40	158	194	76	193	75	76	194
157	41	156	40	41	157	193	77	192	76	77	193
156	42	155	41	42	156
155	43	154	42	43	155
154	44	153	43	44	154	190	80	189	79	80	190
153	45	152	44	45	153	189	81	188	80	81	189
152	46	151	45	46	152
151	47	150	46	47	151
150	48	149	47	48	150	186	84	185	83	84	186
149	49	148	48	49	149	185	85	184	84	85	185
148	50	147	49	50	148
147	51	146	50	51	147
146	52	145	51	52	146	182	88	181	87	88	182
145	53	144	52	53	145	181	89	180	88	89	181
144	54	143	53	54	144	180	90	179	89	90	180
143	55	142	54	55	143	179	91	178	90	91	179
142	56	141	55	56	142	178	92	177	91	92	178
141	57	140	56	57	141	177	93	176	92	93	177
140	58	139	57	58	140
139	59	138	58	59	139
138	60	137	59	60	138	174	96	173	95	96	174
137	61	136	60	61	137	173	97	172	96	97	173
136	62	135	61	62	136
135	63	134	62	63	135
134	64	133	63	64	134	170	100	169	99	100	170
133	65	132	64	65	133	169	101	168	100	101	169
132	30	131	65	30	132	168	66	167	101	66	168
200	70	199	69	70	200
199	71	198	70	71	199
198	72	197	71	72	198
197	73	196	72	73	197
196	74	195	73	74	196
195	75	194	74	75	195
192	78	191	77	78	192
191	79	190	78	79	191
188	82	187	81	82	188
187	83	186	82	83	187
184	86	183	85	86	184
183	87	182	86	87	183
176	94	175	93	94	176
175	95	174	94	95	175
172	98	171	97	98	172
171	99	170	98	99	171

#	Normal	80
-0	1	0
-1	0	0
0	-1	0
1	0	0
0	-0	1
0	0	-1
0	0.0871577	-0.996195
0	0.258799	-0.965931
0	0.258826	0.965924
-0	0.0871453	0.996196
0	-0.0871497	0.996195
0	-0.258824	0.965924
0	-0.422606	0.906313
0	-0.573578	0.819151
0	-0.707113	0.707101
0	-0.819149	0.57358
0	-0.906316	0.4226
0	-0.965929	0.258806
0	-0.996191	0.087198
0	-0.996191	-0.087198
0	-0.965929	-0.258806
0	-0.906316	-0.4226
0	-0.819145	-0.573586
0	-0.707113	-0.707101
0	-0.573578	-0.819151
0	-0.422606	-0.906313
0	-0.258824	-0.965924
0	-0.087162	-0.996194
0	0.087158	-0.996194
0	0.258809	-0.965928
0	0.42262	-0.906307
0	0.57357	-0.819157
0	0.707117	-0.707097
0	0.819176	-0.573543
0	0.906291	-0.422653
0	0.965922	-0.258833
0	0.996195	-0.0871563
-0	0.996194	0.087158
-0	0.965923	0.258828
-0	0.906291	0.422653
-0	0.819176	0.573543
-0	0.707107	0.707107
-0	0.573583	0.819147
-0	0.422604	0.906314
-0	0.258828	0.965923
-0	0.087158	0.996194
0	-0.087158	0.996194
0	-0.258828	0.965923
0	-0.422604	0.906314
0	-0.573583	0.819147
0	-0.707107	0.707107
0	-0.819138	0.573597
0	-0.906322	0.422588
0	-0.965923	0.258828
0	-0.996194	0.087158
0	-0.996195	-0.0871563
0	-0.965922	-0.258833
0	-0.906322	-0.422588
0	-0.819138	-0.573597
0	-0.707117	-0.707097
0	-0.57357	-0.819157
0	-0.42262	-0.906307
0	-0.258809	-0.965928
0	-0.087158	-0.996194
0	0.573583	-0.819147
0	0.707107	-0.707107
0	0.819138	-0.573597
0	0.906322	-0.422588
0	0.965923	-0.258828
0	0.996194	-0.087158
-0	0.906322	0.422588
-0	0.819138	0.573597
-0	0.42262	0.906307
-0	0.258809	0.965928
0	-0.258809	0.965928
0	-0.42262	0.906307
0	-0.996194	-0.087158
0	-0.965923	-0.258828
0	-0.707107	-0.707107
0	-0.573583	-0.819147

#	Mesh	0	End

