#	Mesh	0	Begin

#	Vertex	368
-106332	-7385.47	-50
-106332	-7385.47	4550
-106332	-7185.47	4550
-106332	-7185.47	-50
-114032	-7185.47	4550
-114032	-7185.47	-50
-111932	-7185.47	3784.06
-111946	-7185.47	3785.35
-111961	-7185.47	3789.19
-111974	-7185.47	3795.45
-111986	-7185.47	3803.95
-111997	-7185.47	3814.43
-112005	-7185.47	3826.56
-112012	-7185.47	3839.99
-112015	-7185.47	3854.3
-112017	-7185.47	3869.06
-112015	-7185.47	3883.82
-112012	-7185.47	3898.13
-112005	-7185.47	3911.56
-111997	-7185.47	3923.7
-111986	-7185.47	3934.18
-111974	-7185.47	3942.67
-111961	-7185.47	3948.94
-111946	-7185.47	3952.77
-111932	-7185.47	3954.06
-111917	-7185.47	3952.77
-111903	-7185.47	3948.94
-111889	-7185.47	3942.67
-111877	-7185.47	3934.18
-111867	-7185.47	3923.7
-111858	-7185.47	3911.56
-111852	-7185.47	3898.13
-111848	-7185.47	3883.82
-111847	-7185.47	3869.06
-111848	-7185.47	3854.3
-111852	-7185.47	3839.99
-111858	-7185.47	3826.56
-111867	-7185.47	3814.43
-111877	-7185.47	3803.95
-111889	-7185.47	3795.45
-111903	-7185.47	3789.19
-111917	-7185.47	3785.35
-112182	-7185.47	3783.1
-112196	-7185.47	3784.39
-112211	-7185.47	3788.22
-112224	-7185.47	3794.48
-112236	-7185.47	3802.98
-112247	-7185.47	3813.46
-112255	-7185.47	3825.6
-112262	-7185.47	3839.03
-112265	-7185.47	3853.34
-112267	-7185.47	3868.1
-112265	-7185.47	3882.86
-112262	-7185.47	3897.17
-112255	-7185.47	3910.6
-112247	-7185.47	3922.73
-112236	-7185.47	3933.21
-112224	-7185.47	3941.71
-112211	-7185.47	3947.97
-112196	-7185.47	3951.81
-112182	-7185.47	3953.1
-112167	-7185.47	3951.81
-112153	-7185.47	3947.97
-112139	-7185.47	3941.71
-112127	-7185.47	3933.21
-112117	-7185.47	3922.73
-112108	-7185.47	3910.6
-112102	-7185.47	3897.17
-112098	-7185.47	3882.86
-112097	-7185.47	3868.1
-112098	-7185.47	3853.34
-112102	-7185.47	3839.03
-112108	-7185.47	3825.6
-112117	-7185.47	3813.46
-112127	-7185.47	3802.98
-112139	-7185.47	3794.48
-112153	-7185.47	3788.22
-112167	-7185.47	3784.39
-112432	-7185.47	3835.63
-112437	-7185.47	3836.11
-112443	-7185.47	3837.53
-112447	-7185.47	3839.85
-112452	-7185.47	3843
-112456	-7185.47	3846.88
-112459	-7185.47	3851.38
-112461	-7185.47	3856.35
-112463	-7185.47	3861.66
-112463	-7185.47	3867.13
-112463	-7185.47	3872.6
-112461	-7185.47	3877.9
-112459	-7185.47	3882.88
-112456	-7185.47	3887.38
-112452	-7185.47	3891.26
-112447	-7185.47	3894.41
-112443	-7185.47	3896.73
-112437	-7185.47	3898.15
-112432	-7185.47	3898.63
-112426	-7185.47	3898.15
-112421	-7185.47	3896.73
-112416	-7185.47	3894.41
-112411	-7185.47	3891.26
-112408	-7185.47	3887.38
-112404	-7185.47	3882.88
-112402	-7185.47	3877.9
-112401	-7185.47	3872.6
-112400	-7185.47	3867.13
-112401	-7185.47	3861.66
-112402	-7185.47	3856.35
-112404	-7185.47	3851.38
-112408	-7185.47	3846.88
-112411	-7185.47	3843
-112416	-7185.47	3839.85
-112421	-7185.47	3837.53
-112426	-7185.47	3836.11
-111632	-7185.47	3927.46
-111638	-7185.47	3928.03
-111645	-7185.47	3929.72
-111650	-7185.47	3932.48
-111656	-7185.47	3936.23
-111660	-7185.47	3940.85
-111664	-7185.47	3946.21
-111667	-7185.47	3952.13
-111669	-7185.47	3958.45
-111669	-7185.47	3964.96
-111669	-7185.47	3971.47
-111667	-7185.47	3977.78
-111664	-7185.47	3983.71
-111660	-7185.47	3989.06
-111656	-7185.47	3993.68
-111650	-7185.47	3997.43
-111645	-7185.47	4000.2
-111638	-7185.47	4001.89
-111632	-7185.47	4002.46
-111625	-7185.47	4001.89
-111619	-7185.47	4000.2
-111613	-7185.47	3997.43
-111608	-7185.47	3993.68
-111603	-7185.47	3989.06
-111599	-7185.47	3983.71
-111596	-7185.47	3977.78
-111595	-7185.47	3971.47
-111594	-7185.47	3964.96
-111595	-7185.47	3958.45
-111596	-7185.47	3952.13
-111599	-7185.47	3946.21
-111603	-7185.47	3940.85
-111608	-7185.47	3936.23
-111613	-7185.47	3932.48
-111619	-7185.47	3929.72
-111625	-7185.47	3928.03
-111132	-7185.47	3885
-111146	-7185.47	3886.21
-111159	-7185.47	3889.82
-111172	-7185.47	3895.72
-111183	-7185.47	3903.71
-111193	-7185.47	3913.57
-111201	-7185.47	3925
-111207	-7185.47	3937.64
-111211	-7185.47	3951.11
-111212	-7185.47	3965
-111211	-7185.47	3978.89
-111207	-7185.47	3992.36
-111201	-7185.47	4005
-111193	-7185.47	4016.42
-111183	-7185.47	4026.28
-111172	-7185.47	4034.28
-111159	-7185.47	4040.17
-111146	-7185.47	4043.78
-111132	-7185.47	4045
-111118	-7185.47	4043.78
-111104	-7185.47	4040.17
-111092	-7185.47	4034.28
-111080	-7185.47	4026.28
-111070	-7185.47	4016.42
-111062	-7185.47	4005
-111057	-7185.47	3992.36
-111053	-7185.47	3978.89
-111052	-7185.47	3965
-111053	-7185.47	3951.11
-111057	-7185.47	3937.64
-111062	-7185.47	3925
-111070	-7185.47	3913.57
-111080	-7185.47	3903.71
-111092	-7185.47	3895.72
-111104	-7185.47	3889.82
-111118	-7185.47	3886.21
-114032	-7385.47	4550
-114032	-7385.47	-50
-111946	-7385.47	3785.35
-111932	-7385.47	3784.06
-111917	-7385.47	3785.35
-111903	-7385.47	3789.19
-111889	-7385.47	3795.45
-111877	-7385.47	3803.95
-111867	-7385.47	3814.43
-111858	-7385.47	3826.56
-111852	-7385.47	3839.99
-111848	-7385.47	3854.3
-111847	-7385.47	3869.06
-111848	-7385.47	3883.82
-111852	-7385.47	3898.13
-111858	-7385.47	3911.56
-111867	-7385.47	3923.7
-111877	-7385.47	3934.18
-111889	-7385.47	3942.67
-111903	-7385.47	3948.94
-111917	-7385.47	3952.77
-111932	-7385.47	3954.06
-111946	-7385.47	3952.77
-111961	-7385.47	3948.94
-111974	-7385.47	3942.67
-111986	-7385.47	3934.18
-111997	-7385.47	3923.7
-112005	-7385.47	3911.56
-112012	-7385.47	3898.13
-112015	-7385.47	3883.82
-112017	-7385.47	3869.06
-112015	-7385.47	3854.3
-112012	-7385.47	3839.99
-112005	-7385.47	3826.56
-111997	-7385.47	3814.43
-111986	-7385.47	3803.95
-111974	-7385.47	3795.45
-111961	-7385.47	3789.19
-112196	-7385.47	3784.39
-112182	-7385.47	3783.1
-112167	-7385.47	3784.39
-112153	-7385.47	3788.22
-112139	-7385.47	3794.48
-112127	-7385.47	3802.98
-112117	-7385.47	3813.46
-112108	-7385.47	3825.6
-112102	-7385.47	3839.03
-112098	-7385.47	3853.34
-112097	-7385.47	3868.1
-112098	-7385.47	3882.86
-112102	-7385.47	3897.17
-112108	-7385.47	3910.6
-112117	-7385.47	3922.73
-112127	-7385.47	3933.21
-112139	-7385.47	3941.71
-112153	-7385.47	3947.97
-112167	-7385.47	3951.81
-112182	-7385.47	3953.1
-112196	-7385.47	3951.81
-112211	-7385.47	3947.97
-112224	-7385.47	3941.71
-112236	-7385.47	3933.21
-112247	-7385.47	3922.73
-112255	-7385.47	3910.6
-112262	-7385.47	3897.17
-112265	-7385.47	3882.86
-112267	-7385.47	3868.1
-112265	-7385.47	3853.34
-112262	-7385.47	3839.03
-112255	-7385.47	3825.6
-112247	-7385.47	3813.46
-112236	-7385.47	3802.98
-112224	-7385.47	3794.48
-112211	-7385.47	3788.22
-112437	-7385.47	3836.11
-112432	-7385.47	3835.63
-112426	-7385.47	3836.11
-112421	-7385.47	3837.53
-112416	-7385.47	3839.85
-112411	-7385.47	3843
-112408	-7385.47	3846.88
-112404	-7385.47	3851.38
-112402	-7385.47	3856.35
-112401	-7385.47	3861.66
-112400	-7385.47	3867.13
-112401	-7385.47	3872.6
-112402	-7385.47	3877.9
-112404	-7385.47	3882.88
-112408	-7385.47	3887.38
-112411	-7385.47	3891.26
-112416	-7385.47	3894.41
-112421	-7385.47	3896.73
-112426	-7385.47	3898.15
-112432	-7385.47	3898.63
-112437	-7385.47	3898.15
-112443	-7385.47	3896.73
-112447	-7385.47	3894.41
-112452	-7385.47	3891.26
-112456	-7385.47	3887.38
-112459	-7385.47	3882.88
-112461	-7385.47	3877.9
-112463	-7385.47	3872.6
-112463	-7385.47	3867.13
-112463	-7385.47	3861.66
-112461	-7385.47	3856.35
-112459	-7385.47	3851.38
-112456	-7385.47	3846.88
-112452	-7385.47	3843
-112447	-7385.47	3839.85
-112443	-7385.47	3837.53
-111638	-7385.47	3928.03
-111632	-7385.47	3927.46
-111625	-7385.47	3928.03
-111619	-7385.47	3929.72
-111613	-7385.47	3932.48
-111608	-7385.47	3936.23
-111603	-7385.47	3940.85
-111599	-7385.47	3946.21
-111596	-7385.47	3952.13
-111595	-7385.47	3958.45
-111594	-7385.47	3964.96
-111595	-7385.47	3971.47
-111596	-7385.47	3977.78
-111599	-7385.47	3983.71
-111603	-7385.47	3989.06
-111608	-7385.47	3993.68
-111613	-7385.47	3997.43
-111619	-7385.47	4000.2
-111625	-7385.47	4001.89
-111632	-7385.47	4002.46
-111638	-7385.47	4001.89
-111645	-7385.47	4000.2
-111650	-7385.47	3997.43
-111656	-7385.47	3993.68
-111660	-7385.47	3989.06
-111664	-7385.47	3983.71
-111667	-7385.47	3977.78
-111669	-7385.47	3971.47
-111669	-7385.47	3964.96
-111669	-7385.47	3958.45
-111667	-7385.47	3952.13
-111664	-7385.47	3946.21
-111660	-7385.47	3940.85
-111656	-7385.47	3936.23
-111650	-7385.47	3932.48
-111645	-7385.47	3929.72
-111146	-7385.47	3886.21
-111132	-7385.47	3885
-111118	-7385.47	3886.21
-111104	-7385.47	3889.82
-111092	-7385.47	3895.72
-111080	-7385.47	3903.71
-111070	-7385.47	3913.57
-111062	-7385.47	3925
-111057	-7385.47	3937.64
-111053	-7385.47	3951.11
-111052	-7385.47	3965
-111053	-7385.47	3978.89
-111057	-7385.47	3992.36
-111062	-7385.47	4005
-111070	-7385.47	4016.42
-111080	-7385.47	4026.28
-111092	-7385.47	4034.28
-111104	-7385.47	4040.17
-111118	-7385.47	4043.78
-111132	-7385.47	4045
-111146	-7385.47	4043.78
-111159	-7385.47	4040.17
-111172	-7385.47	4034.28
-111183	-7385.47	4026.28
-111193	-7385.47	4016.42
-111201	-7385.47	4005
-111207	-7385.47	3992.36
-111211	-7385.47	3978.89
-111212	-7385.47	3965
-111211	-7385.47	3951.11
-111207	-7385.47	3937.64
-111201	-7385.47	3925
-111193	-7385.47	3913.57
-111183	-7385.47	3903.71
-111172	-7385.47	3895.72
-111159	-7385.47	3889.82

#	Triangle	166
0	2	1	3	2	0
4	3	5	4	80	3	80	79	3	79	78	3	78	44	3	44	43	3	43	42	3	42	6	3	6	41	3	41	150	3	150	185	3	185	2	3	77	6	42	77	7	6	76	7	77	76	8	7	40	150	41	78	45	44	75	8	76	75	9	8	39	150	40	78	46	45	74	9	75	74	10	9	38	150	39	78	47	46	73	10	74	73	11	10	37	150	38	78	48	47	72	11	73	72	12	11	36	150	37	78	49	48	71	12	72	71	13	12	35	150	36	113	49	78	112	49	113	4	81	80	111	49	112	111	50	49	70	13	71	4	82	81	110	50	111	70	14	13	34	150	35	4	83	82	109	50	110	4	84	83	108	50	109	4	85	84	107	50	108	107	51	50	69	14	70	69	15	14	33	150	34	4	86	85	106	51	107	4	87	86	105	51	106	4	88	87	104	51	105	104	52	51	68	15	69	68	16	15	32	150	33	4	89	88	103	52	104	4	90	89	102	52	103	102	53	52	67	16	68	4	91	90	101	53	102	67	17	16	31	150	32	31	151	150	31	152	151	184	2	185	4	92	91	100	53	101	31	153	152	183	2	184	4	93	92	99	53	100	4	94	93	98	53	99	31	154	153	182	2	183	4	95	94	97	53	98	97	54	53	66	17	67	66	18	17	30	154	31	4	96	95	96	54	97	4	54	96	30	155	154	181	2	182	4	55	54	65	18	66	65	19	18	29	155	30	29	156	155	180	2	181	4	56	55	64	19	65	64	20	19	28	114	29	114	156	29	114	157	156	179	2	180	28	115	114	149	157	114	28	116	115	148	157	149	28	117	116	147	157	148	28	118	117	146	157	147	4	57	56	63	20	64	63	21	20	27	118	28	27	119	118	145	157	146	145	158	157	178	2	179	27	120	119	144	158	145	4	58	57	62	21	63	62	22	21	26	120	27	26	121	120	143	158	144	4	59	58	61	22	62	61	23	22	25	121	26	143	159	158	177	2	178	4	60	59	60	23	61	25	122	121	142	159	143	60	24	23	24	122	25	4	24	60	4	122	24	4	123	122	141	159	142	4	124	123	140	159	141	140	160	159	176	2	177	4	125	124	139	160	140	4	126	125	138	160	139	138	161	160	175	2	176	4	127	126	137	161	138	4	128	127	136	161	137	136	162	161	174	2	175	4	129	128	135	162	136	4	130	129	134	162	135	4	131	130	133	162	134	4	132	131	132	162	133	4	162	132	4	163	162	173	2	174	4	164	163	172	2	173	4	165	164	171	2	172	4	166	165	170	2	171	4	167	166	169	2	170	4	168	167	168	2	169	4	2	168
5	186	4	187	186	5
1	187	0	1	334	187	334	333	187	333	190	187	190	189	187	189	225	187	225	224	187	224	259	187	259	261	187	261	260	187	260	295	187	295	186	187	189	226	225	188	226	189	188	227	226	333	191	190	223	227	188	223	228	227	258	261	259	333	192	191	222	228	223	222	229	228	257	261	258	333	193	192	221	229	222	221	230	229	256	261	257	333	194	193	220	230	221	220	231	230	255	261	256	333	195	194	219	231	220	219	232	231	254	261	255	333	196	195	218	232	219	254	262	261	254	263	262	254	264	263	294	186	295	218	233	232	253	264	254	253	265	264	293	186	294	333	197	196	217	233	218	253	266	265	292	186	293	253	267	266	291	186	292	253	268	267	290	186	291	217	234	233	252	268	253	333	198	197	216	234	217	252	269	268	289	186	290	252	270	269	288	186	289	252	271	270	287	186	288	216	235	234	251	271	252	333	199	198	215	235	216	251	272	271	286	186	287	251	273	272	285	186	286	215	236	235	250	273	251	250	274	273	284	186	285	333	200	199	214	236	215	332	200	333	1	335	334	367	200	332	250	275	274	283	186	284	1	336	335	366	200	367	250	276	275	282	186	283	250	277	276	281	186	282	1	337	336	365	200	366	250	278	277	280	186	281	214	237	236	249	278	250	365	201	200	213	237	214	249	279	278	279	186	280	249	186	279	1	338	337	364	201	365	213	238	237	248	186	249	364	202	201	212	238	213	1	339	338	363	202	364	212	239	238	247	186	248	363	297	202	297	203	202	211	239	212	1	340	339	362	297	363	362	298	297	296	203	297	362	299	298	331	203	296	362	300	299	330	203	331	362	301	300	329	203	330	211	240	239	246	186	247	329	204	203	210	240	211	362	302	301	328	204	329	1	341	340	361	302	362	361	303	302	327	204	328	210	241	240	245	186	246	327	205	204	209	241	210	361	304	303	326	205	327	209	242	241	244	186	245	326	206	205	208	242	209	1	342	341	360	304	361	208	243	242	243	186	244	360	305	304	325	206	326	325	207	206	207	243	208	207	186	243	325	186	207	360	306	305	324	186	325	360	307	306	323	186	324	1	343	342	359	307	360	359	308	307	322	186	323	359	309	308	321	186	322	1	344	343	358	309	359	358	310	309	320	186	321	358	311	310	319	186	320	1	345	344	357	311	358	357	312	311	318	186	319	357	313	312	317	186	318	357	314	313	316	186	317	357	315	314	315	186	316	357	186	315	1	346	345	356	186	357	1	347	346	355	186	356	1	348	347	354	186	355	1	349	348	353	186	354	1	350	349	352	186	353	1	351	350	351	186	352	1	186	351
0	5	3	187	5	0
2	186	1	4	186	2
189	7	188	6	7	189
188	8	223	7	8	188	224	44	259	43	44	224
223	9	222	8	9	223	259	45	258	44	45	259
222	10	221	9	10	222
221	11	220	10	11	221	257	47	256	46	47	257
220	12	219	11	12	220	256	48	255	47	48	256
219	13	218	12	13	219
218	14	217	13	14	218	254	50	253	49	50	254
217	15	216	14	15	217
216	16	215	15	16	216
215	17	214	16	17	215	251	53	250	52	53	251
214	18	213	17	18	214
213	19	212	18	19	213	249	55	248	54	55	249
212	20	211	19	20	212	248	56	247	55	56	248
211	21	210	20	21	211
210	22	209	21	22	210	246	58	245	57	58	246
209	23	208	22	23	209	245	59	244	58	59	245
208	24	207	23	24	208
207	25	206	24	25	207
206	26	205	25	26	206	242	62	241	61	62	242
205	27	204	26	27	205	241	63	240	62	63	241
204	28	203	27	28	204
203	29	202	28	29	203	239	65	238	64	65	239
202	30	201	29	30	202	238	66	237	65	66	238
201	31	200	30	31	201
200	32	199	31	32	200	236	68	235	67	68	236
199	33	198	32	33	199
198	34	197	33	34	198
197	35	196	34	35	197	233	71	232	70	71	233
196	36	195	35	36	196
195	37	194	36	37	195	231	73	230	72	73	231
194	38	193	37	38	194	230	74	229	73	74	230
193	39	192	38	39	193
192	40	191	39	40	192	228	76	227	75	76	228
191	41	190	40	41	191	227	77	226	76	77	227
190	6	189	41	6	190
225	43	224	42	43	225
258	46	257	45	46	258
255	49	254	48	49	255
253	51	252	50	51	253
252	52	251	51	52	252
250	54	249	53	54	250
247	57	246	56	57	247
244	60	243	59	60	244
243	61	242	60	61	243
240	64	239	63	64	240
237	67	236	66	67	237
235	69	234	68	69	235
234	70	233	69	70	234
232	72	231	71	72	232
229	75	228	74	75	229
226	42	225	77	42	226
261	79	260	78	79	261
260	80	295	79	80	260
295	81	294	80	81	295
294	82	293	81	82	294
293	83	292	82	83	293
292	84	291	83	84	292
291	85	290	84	85	291
290	86	289	85	86	290
289	87	288	86	87	289
288	88	287	87	88	288
287	89	286	88	89	287
286	90	285	89	90	286
285	91	284	90	91	285
284	92	283	91	92	284
283	93	282	92	93	283
282	94	281	93	94	282
281	95	280	94	95	281
280	96	279	95	96	280
279	97	278	96	97	279
278	98	277	97	98	278
277	99	276	98	99	277
276	100	275	99	100	276
275	101	274	100	101	275
274	102	273	101	102	274
273	103	272	102	103	273
272	104	271	103	104	272
271	105	270	104	105	271
270	106	269	105	106	270
269	107	268	106	107	269
268	108	267	107	108	268
267	109	266	108	109	267
266	110	265	109	110	266
265	111	264	110	111	265
264	112	263	111	112	264
263	113	262	112	113	263
262	78	261	113	78	262
297	115	296	114	115	297
296	116	331	115	116	296
331	117	330	116	117	331
330	118	329	117	118	330
329	119	328	118	119	329
328	120	327	119	120	328
327	121	326	120	121	327
326	122	325	121	122	326
325	123	324	122	123	325
324	124	323	123	124	324
323	125	322	124	125	323
322	126	321	125	126	322
321	127	320	126	127	321
320	128	319	127	128	320
319	129	318	128	129	319
318	130	317	129	130	318
317	131	316	130	131	317
316	132	315	131	132	316
315	133	314	132	133	315
314	134	313	133	134	314
313	135	312	134	135	313
312	136	311	135	136	312
311	137	310	136	137	311
310	138	309	137	138	310
309	139	308	138	139	309
308	140	307	139	140	308
307	141	306	140	141	307
306	142	305	141	142	306
305	143	304	142	143	305
304	144	303	143	144	304
303	145	302	144	145	303
302	146	301	145	146	302
301	147	300	146	147	301
300	148	299	147	148	300
299	149	298	148	149	299
298	114	297	149	114	298
333	151	332	150	151	333
332	152	367	151	152	332
367	153	366	152	153	367
366	154	365	153	154	366
365	155	364	154	155	365
364	156	363	155	156	364
363	157	362	156	157	363
362	158	361	157	158	362
361	159	360	158	159	361
360	160	359	159	160	360
359	161	358	160	161	359
358	162	357	161	162	358
357	163	356	162	163	357
356	164	355	163	164	356
355	165	354	164	165	355
354	166	353	165	166	354
353	167	352	166	167	353
352	168	351	167	168	352
351	169	350	168	169	351
350	170	349	169	170	350
349	171	348	170	171	349
348	172	347	171	172	348
347	173	346	172	173	347
346	174	345	173	174	346
345	175	344	174	175	345
344	176	343	175	176	344
343	177	342	176	177	343
342	178	341	177	178	342
341	179	340	178	179	341
340	180	339	179	180	340
339	181	338	180	181	339
338	182	337	181	182	338
337	183	336	182	183	337
336	184	335	183	184	336
335	185	334	184	185	335
334	150	333	185	150	334

#	Normal	166
-1	0	0
0	-1	0
1	0	0
0	1	-0
0	0	1
0	0	-1
-0.0871637	0	-0.996194
-0.2588	0	-0.965931
-0.422582	0	-0.906325
-0.573715	0	-0.819055
-0.707115	0	-0.707099
-0.819101	0	-0.573649
-0.906206	0	-0.422837
-0.965906	0	-0.258893
-0.996208	0	-0.0870022
-0.996208	0	0.0870036
-0.965906	0	0.258893
-0.906209	0	0.42283
-0.819101	0	0.573649
-0.707115	0	0.707099
-0.573703	0	0.819063
-0.422582	0	0.906325
-0.2588	0	0.965931
-0.08718	0	0.996193
0.08718	-0	0.996193
0.2588	-0	0.965931
0.422582	-0	0.906325
0.573456	-0	0.819237
0.707115	-0	0.707099
0.819101	-0	0.573649
0.906411	-0	0.422397
0.965906	-0	0.258893
0.996208	-0	0.0870036
0.996208	0	-0.0870022
0.965906	0	-0.258893
0.906408	0	-0.422404
0.819101	0	-0.573649
0.707115	0	-0.707099
0.573467	0	-0.819229
0.422582	0	-0.906325
0.2588	0	-0.965931
0.0871637	0	-0.996194
-0.08718	0	-0.996193
-0.573703	0	-0.819063
-0.906209	0	-0.42283
-0.996208	0	-0.0870036
-0.996208	0	0.0870022
-0.906206	0	0.422837
-0.573715	0	0.819055
-0.0871637	0	0.996194
0.0871637	-0	0.996194
0.573467	-0	0.819229
0.906408	-0	0.422404
0.996208	-0	0.0870022
0.996208	0	-0.0870036
0.906411	0	-0.422397
0.573456	0	-0.819237
0.08718	0	-0.996193
-0.087167	0	-0.996194
-0.258778	0	-0.965937
-0.42261	0	-0.906311
-0.573391	0	-0.819282
-0.707085	0	-0.707129
-0.819234	0	-0.573459
-0.906321	0	-0.422591
-0.965892	0	-0.258946
-0.996226	0	-0.0867946
-0.996226	0	0.0867946
-0.965892	0	0.258946
-0.906321	0	0.422591
-0.819234	0	0.573459
-0.707085	0	0.707129
-0.573391	0	0.819282
-0.42261	0	0.906311
-0.258778	0	0.965937
-0.087167	0	0.996194
0.087167	-0	0.996194
0.258778	-0	0.965937
0.42261	-0	0.906311
0.573391	-0	0.819282
0.707085	-0	0.707129
0.819234	-0	0.573459
0.906321	-0	0.422591
0.965892	-0	0.258946
0.996226	-0	0.0867946
0.996226	0	-0.0867946
0.965892	0	-0.258946
0.906321	0	-0.422591
0.819234	0	-0.573459
0.707085	0	-0.707129
0.573391	0	-0.819282
0.42261	0	-0.906311
0.258778	0	-0.965937
0.087167	0	-0.996194
-0.0872263	0	-0.996189
-0.258552	0	-0.965997
-0.422779	0	-0.906233
-0.573788	0	-0.819004
-0.706883	0	-0.707331
-0.819099	0	-0.573653
-0.906586	0	-0.422022
-0.965792	0	-0.259317
-0.996187	0	-0.0872485
-0.996187	0	0.0872452
-0.96579	0	0.259327
-0.906586	0	0.422022
-0.819099	0	0.573653
-0.706901	0	0.707312
-0.573788	0	0.819004
-0.422748	0	0.906247
-0.258587	0	0.965988
-0.0871892	0	0.996192
0.0870855	-0	0.996201
0.258885	-0	0.965908
0.422748	-0	0.906247
0.573227	-0	0.819397
0.707499	-0	0.706714
0.819099	-0	0.573653
0.906128	-0	0.423004
0.966088	-0	0.258211
0.996187	-0	0.0872452
0.996187	0	-0.0872485
0.966091	0	-0.258202
0.906128	0	-0.423004
0.819099	0	-0.573653
0.70748	0	-0.706733
0.573227	0	-0.819397
0.422779	0	-0.906233
0.258851	0	-0.965917
0.0871225	0	-0.996198
-0.08716	0	-0.996194
-0.258848	0	-0.965918
-0.422553	0	-0.906338
-0.573617	0	-0.819123
-0.707151	0	-0.707063
-0.819097	0	-0.573655
-0.906384	0	-0.422455
-0.965923	0	-0.258831
-0.996174	0	-0.0873956
-0.996174	0	0.0873956
-0.965923	0	0.258831
-0.906384	0	0.422455
-0.819103	0	0.573647
-0.707151	0	0.707063
-0.573617	0	0.819123
-0.422553	0	0.906338
-0.258832	0	0.965922
-0.08716	0	0.996194
0.08716	-0	0.996194
0.258832	-0	0.965922
0.422553	-0	0.906338
0.573617	-0	0.819123
0.707151	-0	0.707063
0.819103	-0	0.573647
0.906169	-0	0.422915
0.965923	-0	0.258831
0.996222	-0	0.0868396
0.996222	0	-0.0868396
0.965923	0	-0.258831
0.906169	0	-0.422915
0.819097	0	-0.573655
0.707151	0	-0.707063
0.573617	0	-0.819123
0.422553	0	-0.906338
0.258848	0	-0.965918
0.08716	0	-0.996194

#	Mesh	0	End

