#	Mesh	0	Begin

#	Vertex	448
-106332	1014.53	-50
-106332	1014.53	4550
-106332	1214.53	4550
-106332	1214.53	-50
-114032	1214.53	4550
-112682	1214.53	4550
-112682	1214.53	3950
-113582	1214.53	3950
-113582	1214.53	4550
-114032	1214.53	-50
-111132	1214.53	3916.84
-111146	1214.53	3918.05
-111159	1214.53	3921.66
-111172	1214.53	3927.56
-111183	1214.53	3935.55
-111193	1214.53	3945.42
-111201	1214.53	3956.84
-111207	1214.53	3969.48
-111211	1214.53	3982.95
-111212	1214.53	3996.84
-111211	1214.53	4010.73
-111207	1214.53	4024.2
-111201	1214.53	4036.84
-111193	1214.53	4048.26
-111183	1214.53	4058.12
-111172	1214.53	4066.12
-111159	1214.53	4072.01
-111146	1214.53	4075.62
-111132	1214.53	4076.84
-111118	1214.53	4075.62
-111104	1214.53	4072.01
-111092	1214.53	4066.12
-111080	1214.53	4058.12
-111070	1214.53	4048.26
-111062	1214.53	4036.84
-111057	1214.53	4024.2
-111053	1214.53	4010.73
-111052	1214.53	3996.84
-111053	1214.53	3982.95
-111057	1214.53	3969.48
-111062	1214.53	3956.84
-111070	1214.53	3945.42
-111080	1214.53	3935.55
-111092	1214.53	3927.56
-111104	1214.53	3921.66
-111118	1214.53	3918.05
-111932	1214.53	3808.88
-111946	1214.53	3810.17
-111961	1214.53	3814.01
-111974	1214.53	3820.27
-111986	1214.53	3828.77
-111997	1214.53	3839.25
-112005	1214.53	3851.38
-112012	1214.53	3864.81
-112015	1214.53	3879.12
-112017	1214.53	3893.88
-112015	1214.53	3908.64
-112012	1214.53	3922.96
-112005	1214.53	3936.38
-111997	1214.53	3948.52
-111986	1214.53	3959
-111974	1214.53	3967.5
-111961	1214.53	3973.76
-111946	1214.53	3977.59
-111932	1214.53	3978.88
-111917	1214.53	3977.59
-111903	1214.53	3973.76
-111889	1214.53	3967.5
-111877	1214.53	3959
-111867	1214.53	3948.52
-111858	1214.53	3936.38
-111852	1214.53	3922.96
-111848	1214.53	3908.64
-111847	1214.53	3893.88
-111848	1214.53	3879.12
-111852	1214.53	3864.81
-111858	1214.53	3851.38
-111867	1214.53	3839.25
-111877	1214.53	3828.77
-111889	1214.53	3820.27
-111903	1214.53	3814.01
-111917	1214.53	3810.17
-111382	1214.53	3916.28
-111396	1214.53	3917.5
-111409	1214.53	3921.11
-111422	1214.53	3927
-111433	1214.53	3935
-111443	1214.53	3944.86
-111451	1214.53	3956.28
-111457	1214.53	3968.92
-111461	1214.53	3982.39
-111462	1214.53	3996.28
-111461	1214.53	4010.17
-111457	1214.53	4023.64
-111451	1214.53	4036.28
-111443	1214.53	4047.71
-111433	1214.53	4057.57
-111422	1214.53	4065.56
-111409	1214.53	4071.46
-111396	1214.53	4075.07
-111382	1214.53	4076.28
-111368	1214.53	4075.07
-111354	1214.53	4071.46
-111342	1214.53	4065.56
-111330	1214.53	4057.57
-111320	1214.53	4047.71
-111312	1214.53	4036.28
-111307	1214.53	4023.64
-111303	1214.53	4010.17
-111302	1214.53	3996.28
-111303	1214.53	3982.39
-111307	1214.53	3968.92
-111312	1214.53	3956.28
-111320	1214.53	3944.86
-111330	1214.53	3935
-111342	1214.53	3927
-111354	1214.53	3921.11
-111368	1214.53	3917.5
-112182	1214.53	3807.92
-112196	1214.53	3809.21
-112211	1214.53	3813.04
-112224	1214.53	3819.31
-112236	1214.53	3827.8
-112247	1214.53	3838.28
-112255	1214.53	3850.42
-112262	1214.53	3863.85
-112265	1214.53	3878.16
-112267	1214.53	3892.92
-112265	1214.53	3907.68
-112262	1214.53	3921.99
-112255	1214.53	3935.42
-112247	1214.53	3947.56
-112236	1214.53	3958.03
-112224	1214.53	3966.53
-112211	1214.53	3972.79
-112196	1214.53	3976.63
-112182	1214.53	3977.92
-112167	1214.53	3976.63
-112153	1214.53	3972.79
-112139	1214.53	3966.53
-112127	1214.53	3958.03
-112117	1214.53	3947.56
-112108	1214.53	3935.42
-112102	1214.53	3921.99
-112098	1214.53	3907.68
-112097	1214.53	3892.92
-112098	1214.53	3878.16
-112102	1214.53	3863.85
-112108	1214.53	3850.42
-112117	1214.53	3838.28
-112127	1214.53	3827.8
-112139	1214.53	3819.31
-112153	1214.53	3813.04
-112167	1214.53	3809.21
-111632	1214.53	3959.3
-111638	1214.53	3959.87
-111645	1214.53	3961.56
-111650	1214.53	3964.32
-111656	1214.53	3968.07
-111660	1214.53	3972.69
-111664	1214.53	3978.05
-111667	1214.53	3983.97
-111669	1214.53	3990.29
-111669	1214.53	3996.8
-111669	1214.53	4003.31
-111667	1214.53	4009.62
-111664	1214.53	4015.55
-111660	1214.53	4020.9
-111656	1214.53	4025.53
-111650	1214.53	4029.27
-111645	1214.53	4032.04
-111638	1214.53	4033.73
-111632	1214.53	4034.3
-111625	1214.53	4033.73
-111619	1214.53	4032.04
-111613	1214.53	4029.27
-111608	1214.53	4025.53
-111603	1214.53	4020.9
-111599	1214.53	4015.55
-111596	1214.53	4009.62
-111595	1214.53	4003.31
-111594	1214.53	3996.8
-111595	1214.53	3990.29
-111596	1214.53	3983.97
-111599	1214.53	3978.05
-111603	1214.53	3972.69
-111608	1214.53	3968.07
-111613	1214.53	3964.32
-111619	1214.53	3961.56
-111625	1214.53	3959.87
-112432	1214.53	3860.45
-112437	1214.53	3860.93
-112443	1214.53	3862.35
-112447	1214.53	3864.67
-112452	1214.53	3867.82
-112456	1214.53	3871.7
-112459	1214.53	3876.2
-112461	1214.53	3881.18
-112463	1214.53	3886.48
-112463	1214.53	3891.95
-112463	1214.53	3897.42
-112461	1214.53	3902.72
-112459	1214.53	3907.7
-112456	1214.53	3912.2
-112452	1214.53	3916.08
-112447	1214.53	3919.23
-112443	1214.53	3921.55
-112437	1214.53	3922.97
-112432	1214.53	3923.45
-112426	1214.53	3922.97
-112421	1214.53	3921.55
-112416	1214.53	3919.23
-112411	1214.53	3916.08
-112408	1214.53	3912.2
-112404	1214.53	3907.7
-112402	1214.53	3902.72
-112401	1214.53	3897.42
-112400	1214.53	3891.95
-112401	1214.53	3886.48
-112402	1214.53	3881.18
-112404	1214.53	3876.2
-112408	1214.53	3871.7
-112411	1214.53	3867.82
-112416	1214.53	3864.67
-112421	1214.53	3862.35
-112426	1214.53	3860.93
-114032	1014.53	4550
-114032	1014.53	-50
-113582	1014.53	4550
-113582	1014.53	3950
-112682	1014.53	3950
-112682	1014.53	4550
-111146	1014.53	3918.05
-111132	1014.53	3916.84
-111118	1014.53	3918.05
-111104	1014.53	3921.66
-111092	1014.53	3927.56
-111080	1014.53	3935.55
-111070	1014.53	3945.42
-111062	1014.53	3956.84
-111057	1014.53	3969.48
-111053	1014.53	3982.95
-111052	1014.53	3996.84
-111053	1014.53	4010.73
-111057	1014.53	4024.2
-111062	1014.53	4036.84
-111070	1014.53	4048.26
-111080	1014.53	4058.12
-111092	1014.53	4066.12
-111104	1014.53	4072.01
-111118	1014.53	4075.62
-111132	1014.53	4076.84
-111146	1014.53	4075.62
-111159	1014.53	4072.01
-111172	1014.53	4066.12
-111183	1014.53	4058.12
-111193	1014.53	4048.26
-111201	1014.53	4036.84
-111207	1014.53	4024.2
-111211	1014.53	4010.73
-111212	1014.53	3996.84
-111211	1014.53	3982.95
-111207	1014.53	3969.48
-111201	1014.53	3956.84
-111193	1014.53	3945.42
-111183	1014.53	3935.55
-111172	1014.53	3927.56
-111159	1014.53	3921.66
-111946	1014.53	3810.17
-111932	1014.53	3808.88
-111917	1014.53	3810.17
-111903	1014.53	3814.01
-111889	1014.53	3820.27
-111877	1014.53	3828.77
-111867	1014.53	3839.25
-111858	1014.53	3851.38
-111852	1014.53	3864.81
-111848	1014.53	3879.12
-111847	1014.53	3893.88
-111848	1014.53	3908.64
-111852	1014.53	3922.96
-111858	1014.53	3936.38
-111867	1014.53	3948.52
-111877	1014.53	3959
-111889	1014.53	3967.5
-111903	1014.53	3973.76
-111917	1014.53	3977.59
-111932	1014.53	3978.88
-111946	1014.53	3977.59
-111961	1014.53	3973.76
-111974	1014.53	3967.5
-111986	1014.53	3959
-111997	1014.53	3948.52
-112005	1014.53	3936.38
-112012	1014.53	3922.96
-112015	1014.53	3908.64
-112017	1014.53	3893.88
-112015	1014.53	3879.12
-112012	1014.53	3864.81
-112005	1014.53	3851.38
-111997	1014.53	3839.25
-111986	1014.53	3828.77
-111974	1014.53	3820.27
-111961	1014.53	3814.01
-111396	1014.53	3917.5
-111382	1014.53	3916.28
-111368	1014.53	3917.5
-111354	1014.53	3921.11
-111342	1014.53	3927
-111330	1014.53	3935
-111320	1014.53	3944.86
-111312	1014.53	3956.28
-111307	1014.53	3968.92
-111303	1014.53	3982.39
-111302	1014.53	3996.28
-111303	1014.53	4010.17
-111307	1014.53	4023.64
-111312	1014.53	4036.28
-111320	1014.53	4047.71
-111330	1014.53	4057.57
-111342	1014.53	4065.56
-111354	1014.53	4071.46
-111368	1014.53	4075.07
-111382	1014.53	4076.28
-111396	1014.53	4075.07
-111409	1014.53	4071.46
-111422	1014.53	4065.56
-111433	1014.53	4057.57
-111443	1014.53	4047.71
-111451	1014.53	4036.28
-111457	1014.53	4023.64
-111461	1014.53	4010.17
-111462	1014.53	3996.28
-111461	1014.53	3982.39
-111457	1014.53	3968.92
-111451	1014.53	3956.28
-111443	1014.53	3944.86
-111433	1014.53	3935
-111422	1014.53	3927
-111409	1014.53	3921.11
-112196	1014.53	3809.21
-112182	1014.53	3807.92
-112167	1014.53	3809.21
-112153	1014.53	3813.04
-112139	1014.53	3819.31
-112127	1014.53	3827.8
-112117	1014.53	3838.28
-112108	1014.53	3850.42
-112102	1014.53	3863.85
-112098	1014.53	3878.16
-112097	1014.53	3892.92
-112098	1014.53	3907.68
-112102	1014.53	3921.99
-112108	1014.53	3935.42
-112117	1014.53	3947.56
-112127	1014.53	3958.03
-112139	1014.53	3966.53
-112153	1014.53	3972.79
-112167	1014.53	3976.63
-112182	1014.53	3977.92
-112196	1014.53	3976.63
-112211	1014.53	3972.79
-112224	1014.53	3966.53
-112236	1014.53	3958.03
-112247	1014.53	3947.56
-112255	1014.53	3935.42
-112262	1014.53	3921.99
-112265	1014.53	3907.68
-112267	1014.53	3892.92
-112265	1014.53	3878.16
-112262	1014.53	3863.85
-112255	1014.53	3850.42
-112247	1014.53	3838.28
-112236	1014.53	3827.8
-112224	1014.53	3819.31
-112211	1014.53	3813.04
-111638	1014.53	3959.87
-111632	1014.53	3959.3
-111625	1014.53	3959.87
-111619	1014.53	3961.56
-111613	1014.53	3964.32
-111608	1014.53	3968.07
-111603	1014.53	3972.69
-111599	1014.53	3978.05
-111596	1014.53	3983.97
-111595	1014.53	3990.29
-111594	1014.53	3996.8
-111595	1014.53	4003.31
-111596	1014.53	4009.62
-111599	1014.53	4015.55
-111603	1014.53	4020.9
-111608	1014.53	4025.53
-111613	1014.53	4029.27
-111619	1014.53	4032.04
-111625	1014.53	4033.73
-111632	1014.53	4034.3
-111638	1014.53	4033.73
-111645	1014.53	4032.04
-111650	1014.53	4029.27
-111656	1014.53	4025.53
-111660	1014.53	4020.9
-111664	1014.53	4015.55
-111667	1014.53	4009.62
-111669	1014.53	4003.31
-111669	1014.53	3996.8
-111669	1014.53	3990.29
-111667	1014.53	3983.97
-111664	1014.53	3978.05
-111660	1014.53	3972.69
-111656	1014.53	3968.07
-111650	1014.53	3964.32
-111645	1014.53	3961.56
-112437	1014.53	3860.93
-112432	1014.53	3860.45
-112426	1014.53	3860.93
-112421	1014.53	3862.35
-112416	1014.53	3864.67
-112411	1014.53	3867.82
-112408	1014.53	3871.7
-112404	1014.53	3876.2
-112402	1014.53	3881.18
-112401	1014.53	3886.48
-112400	1014.53	3891.95
-112401	1014.53	3897.42
-112402	1014.53	3902.72
-112404	1014.53	3907.7
-112408	1014.53	3912.2
-112411	1014.53	3916.08
-112416	1014.53	3919.23
-112421	1014.53	3921.55
-112426	1014.53	3922.97
-112432	1014.53	3923.45
-112437	1014.53	3922.97
-112443	1014.53	3921.55
-112447	1014.53	3919.23
-112452	1014.53	3916.08
-112456	1014.53	3912.2
-112459	1014.53	3907.7
-112461	1014.53	3902.72
-112463	1014.53	3897.42
-112463	1014.53	3891.95
-112463	1014.53	3886.48
-112461	1014.53	3881.18
-112459	1014.53	3876.2
-112456	1014.53	3871.7
-112452	1014.53	3867.82
-112447	1014.53	3864.67
-112443	1014.53	3862.35

#	Triangle	182
0	2	1	3	2	0	229	8	228	7	8	229
4	7	9	7	3	9	7	119	3	119	118	3	118	46	3	46	81	3	81	2	3	153	46	118	153	47	46	7	120	119	152	47	153	152	48	47	80	2	81	7	121	120	151	48	152	151	49	48	79	10	80	10	45	80	45	2	80	7	122	121	150	49	151	150	50	49	78	10	79	7	123	122	149	50	150	149	51	50	77	10	78	7	190	123	190	124	123	148	51	149	148	52	51	76	10	77	190	125	124	147	52	148	147	53	52	75	10	76	7	191	190	225	125	190	7	192	191	224	125	225	7	193	192	223	125	224	223	126	125	146	53	147	7	194	193	222	126	223	146	54	53	74	10	75	7	195	194	221	126	222	7	196	195	220	126	221	7	197	196	219	126	220	219	127	126	145	54	146	145	55	54	73	10	74	7	198	197	218	127	219	7	199	198	217	127	218	7	200	199	216	127	217	216	128	127	144	55	145	144	56	55	72	10	73	7	201	200	215	128	216	7	202	201	214	128	215	214	129	128	143	56	144	7	203	202	213	129	214	143	57	56	71	82	72	82	10	72	7	204	203	212	129	213	7	205	204	211	129	212	71	83	82	117	10	82	117	11	10	71	84	83	116	11	117	116	12	11	44	2	45	7	206	205	210	129	211	71	85	84	115	12	116	7	207	206	209	129	210	115	13	12	43	2	44	209	130	129	142	57	143	142	58	57	70	85	71	7	208	207	208	130	209	7	130	208	70	86	85	114	13	115	114	14	13	42	2	43	70	87	86	113	14	114	7	131	130	141	58	142	113	15	14	41	2	42	141	59	58	69	87	70	69	88	87	112	15	113	112	16	15	40	2	41	7	6	131	6	132	131	140	59	141	140	60	59	68	88	69	4	8	7	5	132	6	68	154	88	154	89	88	111	16	112	111	17	16	39	2	40	5	133	132	139	60	140	139	61	60	67	154	68	67	155	154	189	89	154	67	156	155	188	89	189	67	157	156	187	89	188	67	158	157	186	89	187	5	134	133	138	61	139	138	62	61	66	158	67	66	159	158	185	89	186	185	90	89	110	17	111	110	18	17	38	2	39	66	160	159	184	90	185	5	135	134	137	62	138	137	63	62	65	160	66	5	136	135	136	63	137	136	64	63	64	160	65	5	64	136	64	161	160	183	90	184	5	161	64	183	91	90	109	18	110	109	19	18	37	2	38	5	162	161	182	91	183	5	163	162	181	91	182	181	92	91	108	19	109	5	164	163	180	92	181	108	20	19	36	2	37	5	165	164	179	92	180	5	166	165	178	92	179	178	93	92	107	20	108	107	21	20	35	2	36	5	167	166	177	93	178	5	168	167	176	93	177	176	94	93	106	21	107	106	22	21	34	2	35	5	169	168	175	94	176	5	170	169	174	94	175	5	171	170	173	94	174	5	172	171	172	94	173	5	94	172	5	95	94	105	22	106	105	23	22	33	2	34	5	96	95	104	23	105	104	24	23	32	2	33	5	97	96	103	24	104	103	25	24	31	2	32	5	98	97	102	25	103	102	26	25	30	2	31	5	99	98	101	26	102	101	27	26	29	2	30	5	100	99	100	27	101	100	28	27	28	2	29	5	28	100	5	2	28
9	226	4	227	226	9	231	6	230	5	6	231
1	227	0	1	270	227	270	269	227	269	341	227	341	340	227	340	375	227	375	413	227	413	412	227	412	447	227	447	230	227	230	229	227	229	226	227	269	342	341	268	342	269	268	343	342	1	271	270	303	343	268	303	344	343	374	413	375	1	234	271	234	233	271	233	272	271	302	344	303	302	345	344	373	413	374	233	273	272	301	345	302	301	346	345	372	413	373	233	274	273	300	346	301	300	347	346	371	413	372	233	275	274	299	347	300	299	348	347	370	413	371	233	276	275	298	348	299	370	414	413	370	415	414	370	416	415	446	230	447	298	349	348	369	416	370	369	417	416	445	230	446	233	277	276	297	349	298	369	418	417	444	230	445	369	419	418	443	230	444	369	420	419	442	230	443	297	350	349	368	420	369	233	278	277	296	350	297	368	421	420	441	230	442	368	422	421	440	230	441	368	423	422	439	230	440	296	351	350	367	423	368	233	279	278	295	351	296	367	424	423	438	230	439	367	425	424	437	230	438	295	352	351	366	425	367	366	426	425	436	230	437	233	305	279	305	280	279	294	352	295	366	427	426	435	230	436	366	428	427	434	230	435	233	306	305	304	280	305	232	306	233	232	307	306	339	280	304	1	235	234	267	307	232	366	429	428	433	230	434	267	308	307	338	280	339	366	430	429	432	230	433	1	236	235	266	308	267	294	353	352	365	430	366	338	281	280	293	353	294	365	431	430	431	230	432	365	230	431	266	309	308	337	281	338	1	237	236	265	309	266	265	310	309	336	281	337	293	354	353	364	230	365	1	238	237	264	310	265	336	282	281	292	354	293	264	311	310	335	282	336	1	239	238	263	311	264	292	355	354	363	230	364	335	283	282	291	355	292	363	231	230	228	226	229	263	312	311	334	377	335	377	283	335	1	240	239	262	312	263	291	356	355	362	231	363	377	284	283	290	356	291	334	378	377	376	284	377	334	379	378	411	284	376	334	380	379	410	284	411	334	381	380	409	284	410	290	357	356	361	231	362	409	285	284	289	357	290	334	382	381	408	285	409	262	313	312	333	382	334	1	241	240	261	313	262	333	383	382	407	285	408	289	358	357	360	231	361	407	286	285	288	358	289	288	359	358	359	231	360	407	287	286	287	359	288	287	231	359	333	384	383	406	287	407	406	231	287	261	314	313	332	384	333	1	242	241	260	314	261	332	385	384	405	231	406	332	386	385	404	231	405	260	315	314	331	386	332	331	387	386	403	231	404	1	243	242	259	315	260	331	388	387	402	231	403	331	389	388	401	231	402	259	316	315	330	389	331	1	244	243	258	316	259	330	390	389	400	231	401	330	391	390	399	231	400	258	317	316	329	391	330	1	245	244	257	317	258	329	392	391	398	231	399	329	393	392	397	231	398	329	394	393	396	231	397	329	395	394	395	231	396	329	231	395	257	318	317	328	231	329	1	246	245	256	318	257	256	319	318	327	231	328	1	247	246	255	319	256	255	320	319	326	231	327	1	248	247	254	320	255	254	321	320	325	231	326	1	249	248	253	321	254	253	322	321	324	231	325	1	250	249	252	322	253	252	323	322	323	231	324	1	251	250	251	323	252	251	231	323	1	231	251
0	9	3	227	9	0
8	226	228	4	226	8	231	2	5	1	2	231	230	7	229	6	7	230
233	11	232	10	11	233	305	83	304	82	83	305
232	12	267	11	12	232
267	13	266	12	13	267	339	85	338	84	85	339
266	14	265	13	14	266	338	86	337	85	86	338
265	15	264	14	15	265
264	16	263	15	16	264	336	88	335	87	88	336
263	17	262	16	17	263
262	18	261	17	18	262
261	19	260	18	19	261	333	91	332	90	91	333
260	20	259	19	20	260	332	92	331	91	92	332
259	21	258	20	21	259	331	93	330	92	93	331
258	22	257	21	22	258	330	94	329	93	94	330
257	23	256	22	23	257
256	24	255	23	24	256
255	25	254	24	25	255	327	97	326	96	97	327
254	26	253	25	26	254	326	98	325	97	98	326
253	27	252	26	27	253
252	28	251	27	28	252
251	29	250	28	29	251
250	30	249	29	30	250
249	31	248	30	31	249	321	103	320	102	103	321
248	32	247	31	32	248	320	104	319	103	104	320
247	33	246	32	33	247
246	34	245	33	34	246
245	35	244	34	35	245	317	107	316	106	107	317
244	36	243	35	36	244	316	108	315	107	108	316
243	37	242	36	37	243	315	109	314	108	109	315
242	38	241	37	38	242	314	110	313	109	110	314
241	39	240	38	39	241
240	40	239	39	40	240
239	41	238	40	41	239	311	113	310	112	113	311
238	42	237	41	42	238
237	43	236	42	43	237	309	115	308	114	115	309
236	44	235	43	44	236	308	116	307	115	116	308
235	45	234	44	45	235
234	10	233	45	10	234	306	82	305	117	82	306
269	47	268	46	47	269	341	119	340	118	119	341
268	48	303	47	48	268
303	49	302	48	49	303	375	121	374	120	121	375
302	50	301	49	50	302
301	51	300	50	51	301	373	123	372	122	123	373
300	52	299	51	52	300	372	124	371	123	124	372
299	53	298	52	53	299	371	125	370	124	125	371
298	54	297	53	54	298
297	55	296	54	55	297
296	56	295	55	56	296	368	128	367	127	128	368
295	57	294	56	57	295
294	58	293	57	58	294
293	59	292	58	59	293	365	131	364	130	131	365
292	60	291	59	60	292	364	132	363	131	132	364
291	61	290	60	61	291	363	133	362	132	133	363
290	62	289	61	62	290	362	134	361	133	134	362
289	63	288	62	63	289
288	64	287	63	64	288
287	65	286	64	65	287
286	66	285	65	66	286
285	67	284	66	67	285	357	139	356	138	139	357
284	68	283	67	68	284	356	140	355	139	140	356
283	69	282	68	69	283	355	141	354	140	141	355
282	70	281	69	70	282	354	142	353	141	142	354
281	71	280	70	71	281
280	72	279	71	72	280
279	73	278	72	73	279	351	145	350	144	145	351
278	74	277	73	74	278
277	75	276	74	75	277
276	76	275	75	76	276	348	148	347	147	148	348
275	77	274	76	77	275	347	149	346	148	149	347
274	78	273	77	78	274	346	150	345	149	150	346
273	79	272	78	79	273
272	80	271	79	80	272	344	152	343	151	152	344
271	81	270	80	81	271
270	46	269	81	46	270	342	118	341	153	118	342
304	84	339	83	84	304
337	87	336	86	87	337
335	89	334	88	89	335
334	90	333	89	90	334
329	95	328	94	95	329
328	96	327	95	96	328
325	99	324	98	99	325
324	100	323	99	100	324
323	101	322	100	101	323
322	102	321	101	102	322
319	105	318	104	105	319
318	106	317	105	106	318
313	111	312	110	111	313
312	112	311	111	112	312
310	114	309	113	114	310
307	117	306	116	117	307
340	120	375	119	120	340
374	122	373	121	122	374
370	126	369	125	126	370
369	127	368	126	127	369
367	129	366	128	129	367
366	130	365	129	130	366
361	135	360	134	135	361
360	136	359	135	136	360
359	137	358	136	137	359
358	138	357	137	138	358
353	143	352	142	143	353
352	144	351	143	144	352
350	146	349	145	146	350
349	147	348	146	147	349
345	151	344	150	151	345
343	153	342	152	153	343
377	155	376	154	155	377
376	156	411	155	156	376
411	157	410	156	157	411
410	158	409	157	158	410
409	159	408	158	159	409
408	160	407	159	160	408
407	161	406	160	161	407
406	162	405	161	162	406
405	163	404	162	163	405
404	164	403	163	164	404
403	165	402	164	165	403
402	166	401	165	166	402
401	167	400	166	167	401
400	168	399	167	168	400
399	169	398	168	169	399
398	170	397	169	170	398
397	171	396	170	171	397
396	172	395	171	172	396
395	173	394	172	173	395
394	174	393	173	174	394
393	175	392	174	175	393
392	176	391	175	176	392
391	177	390	176	177	391
390	178	389	177	178	390
389	179	388	178	179	389
388	180	387	179	180	388
387	181	386	180	181	387
386	182	385	181	182	386
385	183	384	182	183	385
384	184	383	183	184	384
383	185	382	184	185	383
382	186	381	185	186	382
381	187	380	186	187	381
380	188	379	187	188	380
379	189	378	188	189	379
378	154	377	189	154	378
413	191	412	190	191	413
412	192	447	191	192	412
447	193	446	192	193	447
446	194	445	193	194	446
445	195	444	194	195	445
444	196	443	195	196	444
443	197	442	196	197	443
442	198	441	197	198	442
441	199	440	198	199	441
440	200	439	199	200	440
439	201	438	200	201	439
438	202	437	201	202	438
437	203	436	202	203	437
436	204	435	203	204	436
435	205	434	204	205	435
434	206	433	205	206	434
433	207	432	206	207	433
432	208	431	207	208	432
431	209	430	208	209	431
430	210	429	209	210	430
429	211	428	210	211	429
428	212	427	211	212	428
427	213	426	212	213	427
426	214	425	213	214	426
425	215	424	214	215	425
424	216	423	215	216	424
423	217	422	216	217	423
422	218	421	217	218	422
421	219	420	218	219	421
420	220	419	219	220	420
419	221	418	220	221	419
418	222	417	221	222	418
417	223	416	222	223	417
416	224	415	223	224	416
415	225	414	224	225	415
414	190	413	225	190	414

#	Normal	182
-1	0	0
0	-1	0
1	0	0
0	1	-0
0	0	1
0	0	-1
-0.08716	0	-0.996194
-0.258832	0	-0.965922
-0.422553	0	-0.906338
-0.573617	0	-0.819123
-0.707151	0	-0.707063
-0.819103	0	-0.573647
-0.906381	0	-0.422462
-0.965924	0	-0.258826
-0.996174	0	-0.0873956
-0.996174	0	0.0873956
-0.965923	0	0.258831
-0.906384	0	0.422455
-0.819097	0	0.573655
-0.707151	0	0.707063
-0.573617	0	0.819123
-0.422553	0	0.906338
-0.258832	0	0.965922
-0.0871774	0	0.996193
0.0871774	-0	0.996193
0.258832	-0	0.965922
0.422553	-0	0.906338
0.573617	-0	0.819123
0.707151	-0	0.707063
0.819097	-0	0.573655
0.906169	-0	0.422915
0.965923	-0	0.258831
0.996222	-0	0.0868396
0.996222	0	-0.0868396
0.965924	0	-0.258826
0.906166	0	-0.422922
0.819103	0	-0.573647
0.707151	0	-0.707063
0.573617	0	-0.819123
0.422553	0	-0.906338
0.258832	0	-0.965922
0.08716	0	-0.996194
-0.0871637	0	-0.996194
-0.258815	0	-0.965927
-0.422582	0	-0.906325
-0.573703	0	-0.819063
-0.707115	0	-0.707099
-0.819101	0	-0.573649
-0.906206	0	-0.422837
-0.965907	0	-0.258889
-0.996208	0	-0.0870036
-0.996208	0	0.0870036
-0.965907	0	0.258889
-0.906206	0	0.422837
-0.819101	0	0.573649
-0.707115	0	0.707099
-0.573703	0	0.819063
-0.422582	0	0.906325
-0.258815	0	0.965927
-0.0871637	0	0.996194
0.0871637	-0	0.996194
0.258815	-0	0.965927
0.422582	-0	0.906325
0.573456	-0	0.819237
0.707115	-0	0.707099
0.819101	-0	0.573649
0.906408	-0	0.422404
0.965907	-0	0.258889
0.996208	-0	0.0870036
0.996208	0	-0.0870036
0.965907	0	-0.258889
0.906408	0	-0.422404
0.819101	0	-0.573649
0.707115	0	-0.707099
0.573456	0	-0.819237
0.422582	0	-0.906325
0.258815	0	-0.965927
0.0871637	0	-0.996194
-0.258848	0	-0.965918
-0.707142	0	-0.707072
-0.906384	0	-0.422455
-0.965923	0	-0.258831
-0.819103	0	0.573647
-0.707142	0	0.707072
-0.258848	0	0.965918
-0.08716	0	0.996194
0.08716	-0	0.996194
0.258848	-0	0.965918
0.707142	-0	0.707072
0.819103	-0	0.573647
0.965923	0	-0.258831
0.906169	0	-0.422915
0.707142	0	-0.707072
0.258848	0	-0.965918
-0.2588	0	-0.965931
-0.573715	0	-0.819055
-0.965906	0	-0.258893
-0.996208	0	-0.0870022
-0.965906	0	0.258893
-0.906209	0	0.42283
-0.2588	0	0.965931
-0.08718	0	0.996193
0.08718	-0	0.996193
0.2588	-0	0.965931
0.906411	-0	0.422397
0.965906	-0	0.258893
0.996208	0	-0.0870022
0.965906	0	-0.258893
0.573467	0	-0.819229
0.2588	0	-0.965931
-0.0871892	0	-0.996192
-0.258587	0	-0.965988
-0.422748	0	-0.906247
-0.573788	0	-0.819004
-0.706901	0	-0.707312
-0.819099	0	-0.573653
-0.906586	0	-0.422022
-0.965792	0	-0.259317
-0.996187	0	-0.0872485
-0.996187	0	0.0872485
-0.965792	0	0.259317
-0.906586	0	0.422022
-0.819099	0	0.573653
-0.706883	0	0.707331
-0.573788	0	0.819004
-0.422779	0	0.906233
-0.258552	0	0.965997
-0.0872263	0	0.996189
0.0871225	-0	0.996198
0.258851	-0	0.965917
0.422779	-0	0.906233
0.573227	-0	0.819397
0.70748	-0	0.706733
0.819099	-0	0.573653
0.906128	-0	0.423004
0.966091	-0	0.258202
0.996187	-0	0.0872485
0.996187	0	-0.0872485
0.966091	0	-0.258202
0.906128	0	-0.423004
0.819099	0	-0.573653
0.707499	0	-0.706714
0.573227	0	-0.819397
0.422748	0	-0.906247
0.258885	0	-0.965908
0.0870855	0	-0.996201
-0.087167	0	-0.996194
-0.258778	0	-0.965937
-0.422574	0	-0.906328
-0.573391	0	-0.819282
-0.707085	0	-0.707129
-0.819249	0	-0.573438
-0.906321	0	-0.422591
-0.965892	0	-0.258946
-0.996226	0	-0.0867946
-0.996226	0	0.0867985
-0.965892	0	0.258946
-0.906328	0	0.422574
-0.819234	0	0.573459
-0.707085	0	0.707129
-0.573391	0	0.819282
-0.422574	0	0.906328
-0.258778	0	0.965937
-0.0872111	0	0.99619
0.0872111	-0	0.99619
0.258778	-0	0.965937
0.422574	-0	0.906328
0.573391	-0	0.819282
0.707085	-0	0.707129
0.819234	-0	0.573459
0.906328	-0	0.422574
0.965892	-0	0.258946
0.996226	-0	0.0867985
0.996226	0	-0.0867946
0.965892	0	-0.258946
0.906321	0	-0.422591
0.819249	0	-0.573438
0.707085	0	-0.707129
0.573391	0	-0.819282
0.422574	0	-0.906328
0.258778	0	-0.965937
0.087167	0	-0.996194

#	Mesh	0	End

