#	Mesh	0	Begin

#	Vertex	240
-106332	-24185.5	-50
-106332	-24185.5	4350
-106332	-23985.5	4350
-106332	-23985.5	-50
-114032	-23985.5	4350
-114032	-23985.5	-50
-112360	-23985.5	3790
-113460	-23985.5	3790
-113460	-23985.5	4210
-112360	-23985.5	4210
-111704	-23985.5	3790
-112304	-23985.5	3790
-112304	-23985.5	4210
-111704	-23985.5	4210
-111132	-23985.5	3835.72
-111146	-23985.5	3837.01
-111161	-23985.5	3840.85
-111174	-23985.5	3847.11
-111186	-23985.5	3855.61
-111197	-23985.5	3866.09
-111205	-23985.5	3878.22
-111212	-23985.5	3891.65
-111215	-23985.5	3905.96
-111217	-23985.5	3920.72
-111215	-23985.5	3935.48
-111212	-23985.5	3949.79
-111205	-23985.5	3963.22
-111197	-23985.5	3975.36
-111186	-23985.5	3985.84
-111174	-23985.5	3994.33
-111161	-23985.5	4000.6
-111146	-23985.5	4004.43
-111132	-23985.5	4005.72
-111117	-23985.5	4004.43
-111103	-23985.5	4000.6
-111089	-23985.5	3994.33
-111077	-23985.5	3985.84
-111067	-23985.5	3975.36
-111058	-23985.5	3963.22
-111052	-23985.5	3949.79
-111048	-23985.5	3935.48
-111047	-23985.5	3920.72
-111048	-23985.5	3905.96
-111052	-23985.5	3891.65
-111058	-23985.5	3878.22
-111067	-23985.5	3866.09
-111077	-23985.5	3855.61
-111089	-23985.5	3847.11
-111103	-23985.5	3840.85
-111117	-23985.5	3837.01
-111382	-23985.5	3835.85
-111396	-23985.5	3837.14
-111411	-23985.5	3840.97
-111424	-23985.5	3847.24
-111436	-23985.5	3855.73
-111447	-23985.5	3866.21
-111455	-23985.5	3878.35
-111462	-23985.5	3891.78
-111465	-23985.5	3906.09
-111467	-23985.5	3920.85
-111465	-23985.5	3935.61
-111462	-23985.5	3949.92
-111455	-23985.5	3963.35
-111447	-23985.5	3975.49
-111436	-23985.5	3985.96
-111424	-23985.5	3994.46
-111411	-23985.5	4000.72
-111396	-23985.5	4004.56
-111382	-23985.5	4005.85
-111367	-23985.5	4004.56
-111353	-23985.5	4000.72
-111339	-23985.5	3994.46
-111327	-23985.5	3985.96
-111317	-23985.5	3975.49
-111308	-23985.5	3963.35
-111302	-23985.5	3949.92
-111298	-23985.5	3935.61
-111297	-23985.5	3920.85
-111298	-23985.5	3906.09
-111302	-23985.5	3891.78
-111308	-23985.5	3878.35
-111317	-23985.5	3866.21
-111327	-23985.5	3855.73
-111339	-23985.5	3847.24
-111353	-23985.5	3840.97
-111367	-23985.5	3837.14
-111632	-23985.5	3888.2
-111637	-23985.5	3888.68
-111643	-23985.5	3890.1
-111647	-23985.5	3892.42
-111652	-23985.5	3895.57
-111656	-23985.5	3899.45
-111659	-23985.5	3903.95
-111661	-23985.5	3908.93
-111663	-23985.5	3914.23
-111663	-23985.5	3919.7
-111663	-23985.5	3925.17
-111661	-23985.5	3930.47
-111659	-23985.5	3935.45
-111656	-23985.5	3939.95
-111652	-23985.5	3943.83
-111647	-23985.5	3946.98
-111643	-23985.5	3949.3
-111637	-23985.5	3950.72
-111632	-23985.5	3951.2
-111626	-23985.5	3950.72
-111621	-23985.5	3949.3
-111616	-23985.5	3946.98
-111611	-23985.5	3943.83
-111608	-23985.5	3939.95
-111604	-23985.5	3935.45
-111602	-23985.5	3930.47
-111601	-23985.5	3925.17
-111600	-23985.5	3919.7
-111601	-23985.5	3914.23
-111602	-23985.5	3908.93
-111604	-23985.5	3903.95
-111608	-23985.5	3899.45
-111611	-23985.5	3895.57
-111616	-23985.5	3892.42
-111621	-23985.5	3890.1
-111626	-23985.5	3888.68
-114032	-24185.5	4350
-114032	-24185.5	-50
-113460	-24185.5	3790
-112360	-24185.5	3790
-112360	-24185.5	4210
-113460	-24185.5	4210
-112304	-24185.5	3790
-111704	-24185.5	3790
-111704	-24185.5	4210
-112304	-24185.5	4210
-111146	-24185.5	3837.01
-111132	-24185.5	3835.72
-111117	-24185.5	3837.01
-111103	-24185.5	3840.85
-111089	-24185.5	3847.11
-111077	-24185.5	3855.61
-111067	-24185.5	3866.09
-111058	-24185.5	3878.22
-111052	-24185.5	3891.65
-111048	-24185.5	3905.96
-111047	-24185.5	3920.72
-111048	-24185.5	3935.48
-111052	-24185.5	3949.79
-111058	-24185.5	3963.22
-111067	-24185.5	3975.36
-111077	-24185.5	3985.84
-111089	-24185.5	3994.33
-111103	-24185.5	4000.6
-111117	-24185.5	4004.43
-111132	-24185.5	4005.72
-111146	-24185.5	4004.43
-111161	-24185.5	4000.6
-111174	-24185.5	3994.33
-111186	-24185.5	3985.84
-111197	-24185.5	3975.36
-111205	-24185.5	3963.22
-111212	-24185.5	3949.79
-111215	-24185.5	3935.48
-111217	-24185.5	3920.72
-111215	-24185.5	3905.96
-111212	-24185.5	3891.65
-111205	-24185.5	3878.22
-111197	-24185.5	3866.09
-111186	-24185.5	3855.61
-111174	-24185.5	3847.11
-111161	-24185.5	3840.85
-111396	-24185.5	3837.14
-111382	-24185.5	3835.85
-111367	-24185.5	3837.14
-111353	-24185.5	3840.97
-111339	-24185.5	3847.24
-111327	-24185.5	3855.73
-111317	-24185.5	3866.21
-111308	-24185.5	3878.35
-111302	-24185.5	3891.78
-111298	-24185.5	3906.09
-111297	-24185.5	3920.85
-111298	-24185.5	3935.61
-111302	-24185.5	3949.92
-111308	-24185.5	3963.35
-111317	-24185.5	3975.49
-111327	-24185.5	3985.96
-111339	-24185.5	3994.46
-111353	-24185.5	4000.72
-111367	-24185.5	4004.56
-111382	-24185.5	4005.85
-111396	-24185.5	4004.56
-111411	-24185.5	4000.72
-111424	-24185.5	3994.46
-111436	-24185.5	3985.96
-111447	-24185.5	3975.49
-111455	-24185.5	3963.35
-111462	-24185.5	3949.92
-111465	-24185.5	3935.61
-111467	-24185.5	3920.85
-111465	-24185.5	3906.09
-111462	-24185.5	3891.78
-111455	-24185.5	3878.35
-111447	-24185.5	3866.21
-111436	-24185.5	3855.73
-111424	-24185.5	3847.24
-111411	-24185.5	3840.97
-111637	-24185.5	3888.68
-111632	-24185.5	3888.2
-111626	-24185.5	3888.68
-111621	-24185.5	3890.1
-111616	-24185.5	3892.42
-111611	-24185.5	3895.57
-111608	-24185.5	3899.45
-111604	-24185.5	3903.95
-111602	-24185.5	3908.93
-111601	-24185.5	3914.23
-111600	-24185.5	3919.7
-111601	-24185.5	3925.17
-111602	-24185.5	3930.47
-111604	-24185.5	3935.45
-111608	-24185.5	3939.95
-111611	-24185.5	3943.83
-111616	-24185.5	3946.98
-111621	-24185.5	3949.3
-111626	-24185.5	3950.72
-111632	-24185.5	3951.2
-111637	-24185.5	3950.72
-111643	-24185.5	3949.3
-111647	-24185.5	3946.98
-111652	-24185.5	3943.83
-111656	-24185.5	3939.95
-111659	-24185.5	3935.45
-111661	-24185.5	3930.47
-111663	-24185.5	3925.17
-111663	-24185.5	3919.7
-111663	-24185.5	3914.23
-111661	-24185.5	3908.93
-111659	-24185.5	3903.95
-111656	-24185.5	3899.45
-111652	-24185.5	3895.57
-111647	-24185.5	3892.42
-111643	-24185.5	3890.1

#	Triangle	82
0	2	1	3	2	0	124	8	127	7	8	124	128	12	131	11	12	128
4	7	5	7	3	5	7	6	3	6	11	3	11	10	3	10	14	3	14	49	3	49	2	3	4	8	7	9	11	6	9	12	11	13	94	10	94	93	10	93	92	10	92	91	10	91	90	10	90	89	10	89	88	10	88	87	10	87	86	10	86	55	10	55	54	10	54	53	10	53	52	10	52	51	10	51	50	10	50	14	10	50	15	14	85	15	50	85	16	15	48	2	49	84	16	85	84	17	16	47	2	48	83	17	84	83	18	17	46	2	47	82	18	83	82	19	18	45	2	46	81	19	82	81	20	19	44	2	45	86	56	55	80	20	81	80	21	20	43	2	44	86	57	56	79	21	80	121	57	86	120	57	121	119	57	120	79	22	21	42	2	43	119	58	57	78	22	79	118	58	119	117	58	118	116	58	117	115	58	116	78	23	22	41	2	42	115	59	58	77	23	78	114	59	115	13	95	94	113	59	114	13	96	95	112	59	113	77	24	23	40	2	41	112	60	59	76	24	77	13	97	96	111	60	112	13	98	97	110	60	111	13	99	98	109	60	110	76	25	24	39	2	40	109	61	60	75	25	76	13	100	99	108	61	109	13	101	100	107	61	108	13	102	101	106	61	107	13	103	102	105	61	106	75	26	25	38	2	39	105	62	61	74	26	75	13	104	103	104	62	105	13	62	104	74	27	26	37	2	38	13	63	62	73	27	74	73	28	27	36	2	37	13	64	63	72	28	73	72	29	28	35	2	36	13	65	64	71	29	72	71	30	29	34	2	35	13	66	65	70	30	71	70	31	30	33	2	34	13	67	66	69	31	70	69	32	31	32	2	33	13	68	67	68	32	69	68	2	32	13	2	68	4	9	8	4	12	9	4	13	12	4	2	13
5	122	4	123	122	5	126	6	125	9	6	126	130	10	129	13	10	130
1	123	0	1	134	123	134	133	123	133	129	123	129	128	123	128	125	123	125	124	123	124	122	123	133	169	129	169	168	129	168	203	129	203	202	129	202	201	129	201	200	129	200	205	129	205	204	129	204	239	129	239	238	129	238	237	129	237	236	129	236	235	129	235	234	129	234	233	129	233	130	129	131	125	128	131	126	125	127	122	124	132	169	133	132	170	169	1	135	134	167	170	132	167	171	170	1	136	135	166	171	167	166	172	171	1	137	136	165	172	166	165	173	172	1	138	137	164	173	165	164	174	173	1	139	138	163	174	164	163	175	174	199	205	200	1	140	139	162	175	163	162	176	175	198	205	199	198	206	205	198	207	206	198	208	207	1	141	140	161	176	162	161	177	176	197	208	198	197	209	208	197	210	209	197	211	210	197	212	211	1	142	141	160	177	161	160	178	177	196	212	197	196	213	212	196	214	213	232	130	233	196	215	214	231	130	232	1	143	142	159	178	160	159	179	178	195	215	196	195	216	215	230	130	231	195	217	216	229	130	230	195	218	217	228	130	229	1	144	143	158	179	159	158	180	179	194	218	195	194	219	218	227	130	228	194	220	219	226	130	227	194	221	220	225	130	226	194	222	221	224	130	225	1	145	144	157	180	158	157	181	180	193	222	194	193	223	222	223	130	224	193	130	223	1	146	145	156	181	157	156	182	181	192	130	193	1	147	146	155	182	156	155	183	182	191	130	192	1	148	147	154	183	155	154	184	183	190	130	191	1	149	148	153	184	154	153	185	184	189	130	190	1	150	149	152	185	153	152	186	185	188	130	189	1	151	150	151	186	152	151	187	186	187	130	188	1	187	151	1	130	187	1	131	130	1	126	131	1	127	126	1	122	127
0	5	3	123	5	0	127	9	126	8	9	127	131	13	130	12	13	131
2	122	1	4	122	2	125	7	124	6	7	125	129	11	128	10	11	129
133	15	132	14	15	133	169	51	168	50	51	169
132	16	167	15	16	132	168	52	203	51	52	168
167	17	166	16	17	167	203	53	202	52	53	203
166	18	165	17	18	166	202	54	201	53	54	202
165	19	164	18	19	165	201	55	200	54	55	201
164	20	163	19	20	164	200	56	199	55	56	200
163	21	162	20	21	163
162	22	161	21	22	162
161	23	160	22	23	161	197	59	196	58	59	197
160	24	159	23	24	160	196	60	195	59	60	196
159	25	158	24	25	159	195	61	194	60	61	195
158	26	157	25	26	158	194	62	193	61	62	194
157	27	156	26	27	157	193	63	192	62	63	193
156	28	155	27	28	156	192	64	191	63	64	192
155	29	154	28	29	155	191	65	190	64	65	191
154	30	153	29	30	154	190	66	189	65	66	190
153	31	152	30	31	153	189	67	188	66	67	189
152	32	151	31	32	152	188	68	187	67	68	188
151	33	150	32	33	151	187	69	186	68	69	187
150	34	149	33	34	150	186	70	185	69	70	186
149	35	148	34	35	149	185	71	184	70	71	185
148	36	147	35	36	148	184	72	183	71	72	184
147	37	146	36	37	147	183	73	182	72	73	183
146	38	145	37	38	146	182	74	181	73	74	182
145	39	144	38	39	145	181	75	180	74	75	181
144	40	143	39	40	144	180	76	179	75	76	180
143	41	142	40	41	143	179	77	178	76	77	179
142	42	141	41	42	142	178	78	177	77	78	178
141	43	140	42	43	141
140	44	139	43	44	140
139	45	138	44	45	139	175	81	174	80	81	175
138	46	137	45	46	138	174	82	173	81	82	174
137	47	136	46	47	137	173	83	172	82	83	173
136	48	135	47	48	136	172	84	171	83	84	172
135	49	134	48	49	135	171	85	170	84	85	171
134	14	133	49	14	134	170	50	169	85	50	170
199	57	198	56	57	199
198	58	197	57	58	198
177	79	176	78	79	177
176	80	175	79	80	176
205	87	204	86	87	205
204	88	239	87	88	204
239	89	238	88	89	239
238	90	237	89	90	238
237	91	236	90	91	237
236	92	235	91	92	236
235	93	234	92	93	235
234	94	233	93	94	234
233	95	232	94	95	233
232	96	231	95	96	232
231	97	230	96	97	231
230	98	229	97	98	230
229	99	228	98	99	229
228	100	227	99	100	228
227	101	226	100	101	227
226	102	225	101	102	226
225	103	224	102	103	225
224	104	223	103	104	224
223	105	222	104	105	223
222	106	221	105	106	222
221	107	220	106	107	221
220	108	219	107	108	220
219	109	218	108	109	219
218	110	217	109	110	218
217	111	216	110	111	217
216	112	215	111	112	216
215	113	214	112	113	215
214	114	213	113	114	214
213	115	212	114	115	213
212	116	211	115	116	212
211	117	210	116	117	211
210	118	209	117	118	210
209	119	208	118	119	209
208	120	207	119	120	208
207	121	206	120	121	207
206	86	205	121	86	206

#	Normal	82
-1	0	0
0	-1	0
1	0	0
0	1	-0
0	0	1
0	0	-1
-0.08718	0	-0.996193
-0.2588	0	-0.965931
-0.422582	0	-0.906325
-0.573703	0	-0.819063
-0.707115	0	-0.707099
-0.819101	0	-0.573649
-0.906206	0	-0.422837
-0.965907	0	-0.258889
-0.996208	0	-0.0870036
-0.996208	0	0.0870022
-0.965906	0	0.258893
-0.906206	0	0.422837
-0.819101	0	0.573649
-0.707115	0	0.707099
-0.573715	0	0.819055
-0.422582	0	0.906325
-0.2588	0	0.965931
-0.0871637	0	0.996194
0.0871637	-0	0.996194
0.2588	-0	0.965931
0.422582	-0	0.906325
0.573467	-0	0.819229
0.707115	-0	0.707099
0.819101	-0	0.573649
0.906408	-0	0.422404
0.965906	-0	0.258893
0.996208	-0	0.0870022
0.996208	0	-0.0870036
0.965907	0	-0.258889
0.906408	0	-0.422404
0.819101	0	-0.573649
0.707115	0	-0.707099
0.573456	0	-0.819237
0.422582	0	-0.906325
0.2588	0	-0.965931
0.08718	0	-0.996193
-0.906209	0	-0.42283
-0.965906	0	-0.258893
0.965906	0	-0.258893
0.906411	0	-0.422397
-0.0872111	0	-0.99619
-0.258736	0	-0.965948
-0.42261	0	-0.906311
-0.573391	0	-0.819282
-0.707085	0	-0.707129
-0.819234	0	-0.573459
-0.906328	0	-0.422574
-0.965892	0	-0.258946
-0.996226	0	-0.0867985
-0.996226	0	0.0867946
-0.965892	0	0.258946
-0.906321	0	0.422591
-0.819234	0	0.573459
-0.707085	0	0.707129
-0.573391	0	0.819282
-0.42261	0	0.906311
-0.258778	0	0.965937
-0.087167	0	0.996194
0.087167	-0	0.996194
0.258778	-0	0.965937
0.42261	-0	0.906311
0.573391	-0	0.819282
0.707085	-0	0.707129
0.819234	-0	0.573459
0.906321	-0	0.422591
0.965892	-0	0.258946
0.996226	-0	0.0867946
0.996226	0	-0.0867985
0.965892	0	-0.258946
0.906328	0	-0.422574
0.819234	0	-0.573459
0.707085	0	-0.707129
0.573391	0	-0.819282
0.42261	0	-0.906311
0.258736	0	-0.965948
0.0872111	0	-0.99619

#	Mesh	0	End

