#	Mesh	0	Begin

#	Vertex	710
-116848	59402.8	-120
-116864	59406.5	-120
-116880	59412.5	-120
-116894	59420.8	-120
-116908	59431.2	-120
-116919	59443.4	-120
-116929	59457.1	-120
-116936	59472.1	-120
-116941	59488	-120
-116944	59504.5	-120
-116944	59521.3	-120
-116941	59537.8	-120
-116937	59553.8	-120
-116930	59569	-120
-116920	59582.9	-120
-116909	59595.3	-120
-116896	59605.9	-120
-116882	59614.5	-120
-117084	59614.5	-120
-117070	59605.4	-120
-117058	59594.5	-120
-117047	59581.8	-120
-117039	59567.8	-120
-117032	59552.7	-120
-117028	59536.8	-120
-117027	59520.5	-120
-117027	59504.1	-120
-117030	59488	-120
-117035	59472.4	-120
-117043	59457.9	-120
-117053	59444.5	-120
-117064	59432.7	-120
-117077	59422.7	-120
-117091	59414.6	-120
-117107	59408.8	-120
-117123	59405.2	-120
-117139	59404	-120
-117155	59405.2	-120
-117171	59408.8	-120
-117187	59414.6	-120
-117201	59422.7	-120
-117214	59432.7	-120
-117225	59444.5	-120
-117235	59457.9	-120
-117242	59472.4	-120
-117248	59488	-120
-117251	59504.1	-120
-117251	59520.5	-120
-117250	59536.8	-120
-117245	59552.7	-120
-117239	59567.8	-120
-117231	59581.8	-120
-117220	59594.5	-120
-117208	59605.4	-120
-117194	59614.5	-120
-117383	59614.5	-120
-117368	59606.1	-120
-117355	59595.5	-120
-117344	59583.2	-120
-117335	59569.3	-120
-117327	59554.1	-120
-117322	59538.1	-120
-117320	59521.5	-120
-117320	59504.7	-120
-117323	59488.1	-120
-117328	59472.1	-120
-117335	59457	-120
-117344	59443.2	-120
-117356	59430.9	-120
-117369	59420.4	-120
-117384	59412.1	-120
-117399	59406	-120
-117416	59402.2	-120
-117432	59401	-120
-117449	59402.2	-120
-117465	59406	-120
-117481	59412.1	-120
-117495	59420.4	-120
-117509	59430.9	-120
-117520	59443.2	-120
-117530	59457	-120
-117537	59472.1	-120
-117542	59488.1	-120
-117544	59504.7	-120
-117544	59521.5	-120
-117542	59538.1	-120
-117537	59554.1	-120
-117530	59569.3	-120
-117521	59583.2	-120
-117509	59595.5	-120
-117496	59606.1	-120
-117482	59614.5	-120
-118182	59614.5	-120
-118182	58614.5	-120
-116682	58614.5	-120
-116682	59614.5	-120
-116781	59614.5	-120
-116767	59605.9	-120
-116754	59595.3	-120
-116743	59582.9	-120
-116733	59569	-120
-116726	59553.8	-120
-116722	59537.8	-120
-116719	59521.3	-120
-116719	59504.5	-120
-116722	59488	-120
-116727	59472.1	-120
-116734	59457.1	-120
-116744	59443.4	-120
-116755	59431.2	-120
-116768	59420.8	-120
-116783	59412.5	-120
-116799	59406.5	-120
-116815	59402.8	-120
-116831	59401.5	-120
-117421	58969.9	-120
-117404	58965.3	-120
-117388	58958	-120
-117374	58948	-120
-117362	58935.7	-120
-117352	58921.4	-120
-117344	58905.6	-120
-117340	58888.7	-120
-117338	58871.4	-120
-117340	58854	-120
-117344	58837.2	-120
-117352	58821.4	-120
-117362	58807.1	-120
-117374	58794.8	-120
-117388	58784.8	-120
-117404	58777.4	-120
-117421	58772.9	-120
-117438	58771.4	-120
-117456	58772.9	-120
-117473	58777.4	-120
-117488	58784.8	-120
-117503	58794.8	-120
-117515	58807.1	-120
-117525	58821.4	-120
-117532	58837.2	-120
-117537	58854	-120
-117538	58871.4	-120
-117537	58888.7	-120
-117532	58905.6	-120
-117525	58921.4	-120
-117515	58935.7	-120
-117503	58948	-120
-117488	58958	-120
-117473	58965.3	-120
-117456	58969.9	-120
-117438	58971.4	-120
-116848	59402.8	-90
-116864	59406.5	-90
-116880	59412.5	-90
-116894	59420.8	-90
-116908	59431.2	-90
-116919	59443.4	-90
-116929	59457.1	-90
-116936	59472.1	-90
-116941	59488	-90
-116944	59504.5	-90
-116944	59521.3	-90
-116941	59537.8	-90
-116937	59553.8	-90
-116930	59569	-90
-116920	59582.9	-90
-116909	59595.3	-90
-116896	59605.9	-90
-116882	59614.5	-90
-117084	59614.5	-90
-117070	59605.4	-90
-117058	59594.5	-90
-117047	59581.8	-90
-117039	59567.8	-90
-117032	59552.7	-90
-117028	59536.8	-90
-117027	59520.5	-90
-117027	59504.1	-90
-117030	59488	-90
-117035	59472.4	-90
-117043	59457.9	-90
-117053	59444.5	-90
-117064	59432.7	-90
-117077	59422.7	-90
-117091	59414.6	-90
-117107	59408.8	-90
-117123	59405.2	-90
-117139	59404	-90
-117155	59405.2	-90
-117171	59408.8	-90
-117187	59414.6	-90
-117201	59422.7	-90
-117214	59432.7	-90
-117225	59444.5	-90
-117235	59457.9	-90
-117242	59472.4	-90
-117248	59488	-90
-117251	59504.1	-90
-117251	59520.5	-90
-117250	59536.8	-90
-117245	59552.7	-90
-117239	59567.8	-90
-117231	59581.8	-90
-117220	59594.5	-90
-117208	59605.4	-90
-117194	59614.5	-90
-117383	59614.5	-90
-117368	59606.1	-90
-117355	59595.5	-90
-117344	59583.2	-90
-117335	59569.3	-90
-117327	59554.1	-90
-117322	59538.1	-90
-117320	59521.5	-90
-117320	59504.7	-90
-117323	59488.1	-90
-117328	59472.1	-90
-117335	59457	-90
-117344	59443.2	-90
-117356	59430.9	-90
-117369	59420.4	-90
-117384	59412.1	-90
-117399	59406	-90
-117416	59402.2	-90
-117432	59401	-90
-117449	59402.2	-90
-117465	59406	-90
-117481	59412.1	-90
-117495	59420.4	-90
-117509	59430.9	-90
-117520	59443.2	-90
-117530	59457	-90
-117537	59472.1	-90
-117542	59488.1	-90
-117544	59504.7	-90
-117544	59521.5	-90
-117542	59538.1	-90
-117537	59554.1	-90
-117530	59569.3	-90
-117521	59583.2	-90
-117509	59595.5	-90
-117496	59606.1	-90
-117482	59614.5	-90
-118182	59614.5	-90
-118182	58614.5	-90
-116682	58614.5	-90
-116682	59614.5	-90
-116781	59614.5	-90
-116767	59605.9	-90
-116754	59595.3	-90
-116743	59582.9	-90
-116733	59569	-90
-116726	59553.8	-90
-116722	59537.8	-90
-116719	59521.3	-90
-116719	59504.5	-90
-116722	59488	-90
-116727	59472.1	-90
-116734	59457.1	-90
-116744	59443.4	-90
-116755	59431.2	-90
-116768	59420.8	-90
-116783	59412.5	-90
-116799	59406.5	-90
-116815	59402.8	-90
-116831	59401.5	-90
-117421	58969.9	-90
-117404	58965.3	-90
-117388	58958	-90
-117374	58948	-90
-117362	58935.7	-90
-117352	58921.4	-90
-117344	58905.6	-90
-117340	58888.7	-90
-117338	58871.4	-90
-117340	58854	-90
-117344	58837.2	-90
-117352	58821.4	-90
-117362	58807.1	-90
-117374	58794.8	-90
-117388	58784.8	-90
-117404	58777.4	-90
-117421	58772.9	-90
-117438	58771.4	-90
-117456	58772.9	-90
-117473	58777.4	-90
-117488	58784.8	-90
-117503	58794.8	-90
-117515	58807.1	-90
-117525	58821.4	-90
-117532	58837.2	-90
-117537	58854	-90
-117538	58871.4	-90
-117537	58888.7	-90
-117532	58905.6	-90
-117525	58921.4	-90
-117515	58935.7	-90
-117503	58948	-90
-117488	58958	-90
-117473	58965.3	-90
-117456	58969.9	-90
-117438	58971.4	-90
114718	58614.5	-120
116218	58614.5	-120
116218	59614.5	-120
114718	59614.5	-120
115461	58961.8	-120
115445	58957.3	-120
115429	58950	-120
115414	58940	-120
115402	58927.6	-120
115392	58913.4	-120
115385	58897.6	-120
115380	58880.7	-120
115379	58863.4	-120
115380	58846	-120
115385	58829.2	-120
115392	58813.4	-120
115402	58799.1	-120
115414	58786.8	-120
115429	58776.8	-120
115445	58769.4	-120
115461	58764.9	-120
115479	58763.4	-120
115496	58764.9	-120
115513	58769.4	-120
115529	58776.8	-120
115543	58786.8	-120
115555	58799.1	-120
115565	58813.4	-120
115573	58829.2	-120
115577	58846	-120
115579	58863.4	-120
115577	58880.7	-120
115573	58897.6	-120
115565	58913.4	-120
115555	58927.6	-120
115543	58940	-120
115529	58950	-120
115513	58957.3	-120
115496	58961.8	-120
115479	58963.4	-120
115760	58989.9	-120
115739	58984.2	-120
115719	58975	-120
115701	58962.5	-120
115686	58947.1	-120
115673	58929.3	-120
115664	58909.5	-120
115659	58888.5	-120
115657	58866.8	-120
115659	58845.1	-120
115664	58824	-120
115673	58804.3	-120
115686	58786.4	-120
115701	58771	-120
115719	58758.5	-120
115739	58749.3	-120
115760	58743.7	-120
115782	58741.8	-120
115803	58743.7	-120
115824	58749.3	-120
115844	58758.5	-120
115862	58771	-120
115877	58786.4	-120
115890	58804.3	-120
115899	58824	-120
115905	58845.1	-120
115907	58866.8	-120
115905	58888.5	-120
115899	58909.5	-120
115890	58929.3	-120
115877	58947.1	-120
115862	58962.5	-120
115844	58975	-120
115824	58984.2	-120
115803	58989.9	-120
115782	58991.8	-120
116055	58991	-120
116034	58985.3	-120
116015	58976.1	-120
115997	58963.6	-120
115981	58948.2	-120
115969	58930.4	-120
115960	58910.6	-120
115954	58889.6	-120
115952	58867.9	-120
115954	58846.2	-120
115960	58825.1	-120
115969	58805.4	-120
115981	58787.5	-120
115997	58772.1	-120
116015	58759.6	-120
116034	58750.4	-120
116055	58744.8	-120
116077	58742.9	-120
116099	58744.8	-120
116120	58750.4	-120
116140	58759.6	-120
116157	58772.1	-120
116173	58787.5	-120
116185	58805.4	-120
116195	58825.1	-120
116200	58846.2	-120
116202	58867.9	-120
116200	58889.6	-120
116195	58910.6	-120
116185	58930.4	-120
116173	58948.2	-120
116157	58963.6	-120
116140	58976.1	-120
116120	58985.3	-120
116099	58991	-120
116077	58992.9	-120
114718	58614.5	-90
116218	58614.5	-90
116218	59614.5	-90
114718	59614.5	-90
115461	58961.8	-90
115445	58957.3	-90
115429	58950	-90
115414	58940	-90
115402	58927.6	-90
115392	58913.4	-90
115385	58897.6	-90
115380	58880.7	-90
115379	58863.4	-90
115380	58846	-90
115385	58829.2	-90
115392	58813.4	-90
115402	58799.1	-90
115414	58786.8	-90
115429	58776.8	-90
115445	58769.4	-90
115461	58764.9	-90
115479	58763.4	-90
115496	58764.9	-90
115513	58769.4	-90
115529	58776.8	-90
115543	58786.8	-90
115555	58799.1	-90
115565	58813.4	-90
115573	58829.2	-90
115577	58846	-90
115579	58863.4	-90
115577	58880.7	-90
115573	58897.6	-90
115565	58913.4	-90
115555	58927.6	-90
115543	58940	-90
115529	58950	-90
115513	58957.3	-90
115496	58961.8	-90
115479	58963.4	-90
115760	58989.9	-90
115739	58984.2	-90
115719	58975	-90
115701	58962.5	-90
115686	58947.1	-90
115673	58929.3	-90
115664	58909.5	-90
115659	58888.5	-90
115657	58866.8	-90
115659	58845.1	-90
115664	58824	-90
115673	58804.3	-90
115686	58786.4	-90
115701	58771	-90
115719	58758.5	-90
115739	58749.3	-90
115760	58743.7	-90
115782	58741.8	-90
115803	58743.7	-90
115824	58749.3	-90
115844	58758.5	-90
115862	58771	-90
115877	58786.4	-90
115890	58804.3	-90
115899	58824	-90
115905	58845.1	-90
115907	58866.8	-90
115905	58888.5	-90
115899	58909.5	-90
115890	58929.3	-90
115877	58947.1	-90
115862	58962.5	-90
115844	58975	-90
115824	58984.2	-90
115803	58989.9	-90
115782	58991.8	-90
116055	58991	-90
116034	58985.3	-90
116015	58976.1	-90
115997	58963.6	-90
115981	58948.2	-90
115969	58930.4	-90
115960	58910.6	-90
115954	58889.6	-90
115952	58867.9	-90
115954	58846.2	-90
115960	58825.1	-90
115969	58805.4	-90
115981	58787.5	-90
115997	58772.1	-90
116015	58759.6	-90
116034	58750.4	-90
116055	58744.8	-90
116077	58742.9	-90
116099	58744.8	-90
116120	58750.4	-90
116140	58759.6	-90
116157	58772.1	-90
116173	58787.5	-90
116185	58805.4	-90
116195	58825.1	-90
116200	58846.2	-90
116202	58867.9	-90
116200	58889.6	-90
116195	58910.6	-90
116185	58930.4	-90
116173	58948.2	-90
116157	58963.6	-90
116140	58976.1	-90
116120	58985.3	-90
116099	58991	-90
116077	58992.9	-90
-116181	58614.5	-120
-116181	58414.5	-120
-118182	58414.5	-120
-118182	58114.5	-120
-118382	58114.5	-120
-118382	59614.5	-120
-122882	59614.5	-120
-122882	55114.5	-120
-118382	55114.5	-120
-118382	56914.5	-120
-118182	56914.5	-120
-118182	56208.7	-120
-115582	56208.7	-120
-115582	56008.7	-120
-115782	56008.7	-120
-115782	55514.5	-120
-115982	55514.5	-120
-115982	56008.7	-120
-118182	56008.7	-120
-118182	54014.5	-120
-115982	54014.5	-120
-115982	54514.5	-120
-115782	54514.5	-120
-115782	54014.5	-120
-115582	54014.5	-120
-115582	53814.5	-120
-118182	53814.5	-120
-118182	53014.5	-120
-118382	53014.5	-120
-118382	54914.5	-120
-122882	54914.5	-120
-122882	51664.5	-120
-118382	51664.5	-120
-118382	51814.5	-120
-118182	51814.5	-120
-118182	51664.5	-120
-114382	51664.5	-120
-114382	58414.5	-120
-115281	58414.5	-120
-115281	58614.5	-120
-115181	58614.5	-120
-115181	59614.5	-120
-116582	59614.5	-120
-116582	58614.5	-120
-116181	58614.5	-90
-116181	58414.5	-90
-118182	58414.5	-90
-118182	58114.5	-90
-118382	58114.5	-90
-118382	59614.5	-90
-122882	59614.5	-90
-122882	55114.5	-90
-118382	55114.5	-90
-118382	56914.5	-90
-118182	56914.5	-90
-118182	56208.7	-90
-115582	56208.7	-90
-115582	56008.7	-90
-115782	56008.7	-90
-115782	55514.5	-90
-115982	55514.5	-90
-115982	56008.7	-90
-118182	56008.7	-90
-118182	54014.5	-90
-115982	54014.5	-90
-115982	54514.5	-90
-115782	54514.5	-90
-115782	54014.5	-90
-115582	54014.5	-90
-115582	53814.5	-90
-118182	53814.5	-90
-118182	53014.5	-90
-118382	53014.5	-90
-118382	54914.5	-90
-122882	54914.5	-90
-122882	51664.5	-90
-118382	51664.5	-90
-118382	51814.5	-90
-118182	51814.5	-90
-118182	51664.5	-90
-114382	51664.5	-90
-114382	58414.5	-90
-115281	58414.5	-90
-115281	58614.5	-90
-115181	58614.5	-90
-115181	59614.5	-90
-116582	59614.5	-90
-116582	58614.5	-90
-115081	59614.5	-120
-115081	58614.5	-120
-114382	58614.5	-120
-114382	59614.5	-120
-115081	59614.5	-90
-115081	58614.5	-90
-114382	58614.5	-90
-114382	59614.5	-90
112418	51664.5	-120
116218	51664.5	-120
116218	51814.5	-120
116418	51814.5	-120
116418	51664.5	-120
120818	51664.5	-120
120818	54914.5	-120
116418	54914.5	-120
116418	53014.5	-120
116218	53014.5	-120
116218	53814.5	-120
113618	53814.5	-120
113618	54014.5	-120
113818	54014.5	-120
113818	54514.5	-120
114018	54514.5	-120
114018	54014.5	-120
116218	54014.5	-120
116218	56014.5	-120
114018	56014.5	-120
114018	55514.5	-120
113818	55514.5	-120
113818	56014.5	-120
113618	56014.5	-120
113618	56214.5	-120
116218	56214.5	-120
116218	56814.5	-120
116418	56814.5	-120
116418	55114.5	-120
120818	55114.5	-120
120818	59614.5	-120
116418	59614.5	-120
116418	58014.5	-120
116218	58014.5	-120
116218	58414.5	-120
114218	58414.5	-120
114218	58614.5	-120
114618	58614.5	-120
114618	59614.5	-120
113218	59614.5	-120
113218	58614.5	-120
113118	58614.5	-120
113118	59614.5	-120
112418	59614.5	-120
112418	51664.5	-90
116218	51664.5	-90
116218	51814.5	-90
116418	51814.5	-90
116418	51664.5	-90
120818	51664.5	-90
120818	54914.5	-90
116418	54914.5	-90
116418	53014.5	-90
116218	53014.5	-90
116218	53814.5	-90
113618	53814.5	-90
113618	54014.5	-90
113818	54014.5	-90
113818	54514.5	-90
114018	54514.5	-90
114018	54014.5	-90
116218	54014.5	-90
116218	56014.5	-90
114018	56014.5	-90
114018	55514.5	-90
113818	55514.5	-90
113818	56014.5	-90
113618	56014.5	-90
113618	56214.5	-90
116218	56214.5	-90
116218	56814.5	-90
116418	56814.5	-90
116418	55114.5	-90
120818	55114.5	-90
120818	59614.5	-90
116418	59614.5	-90
116418	58014.5	-90
116218	58014.5	-90
116218	58414.5	-90
114218	58414.5	-90
114218	58614.5	-90
114618	58614.5	-90
114618	59614.5	-90
113218	59614.5	-90
113218	58614.5	-90
113118	58614.5	-90
113118	59614.5	-90
112418	59614.5	-90

#	Triangle	228
150	266	301	115	266	150
115	267	266	116	267	115
116	268	267	117	268	116
117	269	268	118	269	117
118	270	269	119	270	118
119	271	270	120	271	119	335	448	336	447	448	335
120	272	271	121	272	120	334	447	335	446	447	334
121	273	272	122	273	121	333	446	334	445	446	333
122	274	273	123	274	122	332	445	333	444	445	332
123	275	274	124	275	123	331	444	332	443	444	331
124	276	275	125	276	124
125	277	276	126	277	125
126	278	277	127	278	126	328	441	329	440	441	328
127	279	278	128	279	127
128	280	279	129	280	128
129	281	280	130	281	129
130	282	281	131	282	130	324	437	325	436	437	324
131	283	282	132	283	131
132	284	283	133	284	132	322	435	323	434	435	322
133	285	284	134	285	133	321	434	322	433	434	321
134	286	285	135	286	134	320	433	321	432	433	320
135	287	286	136	287	135
136	288	287	137	288	136	390	503	391	502	503	390
137	289	288	138	289	137
138	290	289	139	290	138
139	291	290	140	291	139
140	292	291	141	292	140	314	427	315	426	427	314
141	293	292	142	293	141	313	426	314	425	426	313
142	294	293	143	294	142	312	425	313	424	425	312
143	295	294	144	295	143
144	296	295	145	296	144
145	297	296	146	297	145	309	422	310	421	422	309
146	298	297	147	298	146
147	299	298	148	299	147	307	420	308	419	420	307
148	300	299	149	300	148
149	301	300	150	301	149	341	418	306	453	418	341
114	151	265	0	151	114
0	152	151	1	152	0
1	153	152	2	153	1
2	154	153	3	154	2
3	155	154	4	155	3
4	156	155	5	156	4
5	157	156	6	157	5
6	158	157	7	158	6
7	159	158	8	159	7
8	160	159	9	160	8
9	161	160	10	161	9
10	162	161	11	162	10
11	163	162	12	163	11
12	164	163	13	164	12
13	165	164	14	165	13
14	166	165	15	166	14
15	167	166	16	167	15
16	168	167	17	168	16
17	169	168	18	169	17	54	206	205	55	206	54	91	243	242	92	243	91	95	247	246	96	247	95	304	417	416	305	417	304	527	572	571	528	572	527	529	574	573	530	574	529	531	576	575	532	576	531	539	584	583	540	584	539	541	586	585	542	586	541	543	588	587	544	588	543	551	596	595	552	596	551	553	598	597	554	598	553	555	600	599	556	600	555	563	608	607	564	608	563	567	612	611	568	612	567	617	618	621	614	618	617	628	673	672	629	673	628	630	675	674	631	675	630	632	677	676	633	677	632	640	685	684	641	685	640	642	687	686	643	687	642	644	689	688	645	689	644	652	697	696	653	697	652	654	699	698	655	699	654	656	701	700	657	701	656	660	705	704	661	705	660	662	707	706	663	707	662	664	709	708	665	709	664
18	170	169	19	170	18
19	171	170	20	171	19
20	172	171	21	172	20
21	173	172	22	173	21
22	174	173	23	174	22
23	175	174	24	175	23
24	176	175	25	176	24
25	177	176	26	177	25
26	178	177	27	178	26
27	179	178	28	179	27
28	180	179	29	180	28
29	181	180	30	181	29
30	182	181	31	182	30
31	183	182	32	183	31
32	184	183	33	184	32
33	185	184	34	185	33
34	186	185	35	186	34
35	187	186	36	187	35
36	188	187	37	188	36
37	189	188	38	189	37
38	190	189	39	190	38
39	191	190	40	191	39
40	192	191	41	192	40
41	193	192	42	193	41
42	194	193	43	194	42
43	195	194	44	195	43
44	196	195	45	196	44
45	197	196	46	197	45
46	198	197	47	198	46
47	199	198	48	199	47
48	200	199	49	200	48
49	201	200	50	201	49
50	202	201	51	202	50
51	203	202	52	203	51
52	204	203	53	204	52
53	205	204	54	205	53
55	207	206	56	207	55
56	208	207	57	208	56
57	209	208	58	209	57
58	210	209	59	210	58
59	211	210	60	211	59
60	212	211	61	212	60
61	213	212	62	213	61
62	214	213	63	214	62
63	215	214	64	215	63
64	216	215	65	216	64
65	217	216	66	217	65
66	218	217	67	218	66
67	219	218	68	219	67
68	220	219	69	220	68
69	221	220	70	221	69
70	222	221	71	222	70
71	223	222	72	223	71
72	224	223	73	224	72
73	225	224	74	225	73
74	226	225	75	226	74
75	227	226	76	227	75
76	228	227	77	228	76
77	229	228	78	229	77
78	230	229	79	230	78
79	231	230	80	231	79
80	232	231	81	232	80
81	233	232	82	233	81
82	234	233	83	234	82
83	235	234	84	235	83
84	236	235	85	236	84
85	237	236	86	237	85
86	238	237	87	238	86
87	239	238	88	239	87
88	240	239	89	240	88
89	241	240	90	241	89
90	242	241	91	242	90
92	244	243	93	244	92	305	414	417	302	414	305	526	571	570	527	571	526	528	573	572	529	573	528	532	577	576	533	577	532	536	581	580	537	581	536	538	583	582	539	583	538	540	585	584	541	585	540	544	589	588	545	589	544	548	593	592	549	593	548	550	595	594	551	595	550	552	597	596	553	597	552	556	601	600	557	601	556	560	605	604	561	605	560	568	613	612	569	613	568	614	619	618	615	619	614	665	666	709	622	666	665	625	670	669	626	670	625	629	674	673	630	674	629	637	682	681	638	682	637	641	686	685	642	686	641	649	694	693	650	694	649	653	698	697	654	698	653	661	706	705	662	706	661
93	245	244	94	245	93	302	415	414	303	415	302	569	570	613	526	570	569	533	578	577	534	578	533	535	580	579	536	580	535	537	582	581	538	582	537	545	590	589	546	590	545	547	592	591	548	592	547	549	594	593	550	594	549	557	602	601	558	602	557	559	604	603	560	604	559	561	606	605	562	606	561	565	610	609	566	610	565	615	620	619	616	620	615	622	667	666	623	667	622	624	669	668	625	669	624	626	671	670	627	671	626	634	679	678	635	679	634	636	681	680	637	681	636	638	683	682	639	683	638	646	691	690	647	691	646	648	693	692	649	693	648	650	695	694	651	695	650	658	703	702	659	703	658
94	246	245	95	246	94	303	416	415	304	416	303	530	575	574	531	575	530	534	579	578	535	579	534	542	587	586	543	587	542	546	591	590	547	591	546	554	599	598	555	599	554	558	603	602	559	603	558	562	607	606	563	607	562	564	609	608	565	609	564	566	611	610	567	611	566	616	621	620	617	621	616	623	668	667	624	668	623	627	672	671	628	672	627	631	676	675	632	676	631	633	678	677	634	678	633	635	680	679	636	680	635	639	684	683	640	684	639	643	688	687	644	688	643	645	690	689	646	690	645	647	692	691	648	692	647	651	696	695	652	696	651	655	700	699	656	700	655	657	702	701	658	702	657	659	704	703	660	704	659	663	708	707	664	708	663
96	248	247	97	248	96
97	249	248	98	249	97
98	250	249	99	250	98
99	251	250	100	251	99
100	252	251	101	252	100
101	253	252	102	253	101
102	254	253	103	254	102
103	255	254	104	255	103
104	256	255	105	256	104
105	257	256	106	257	105
106	258	257	107	258	106
107	259	258	108	259	107
108	260	259	109	260	108
109	261	260	110	261	109
110	262	261	111	262	110
111	263	262	112	263	111
112	264	263	113	264	112
113	265	264	114	265	113
92	137	93	137	136	93	136	135	93	135	134	93	134	133	93	133	132	93	132	94	93	132	131	94	131	130	94	130	129	94	129	128	94	128	127	94	127	114	94	114	113	94	113	112	94	112	111	94	111	110	94	110	109	94	109	108	94	108	107	94	107	106	94	106	95	94	92	138	137	126	114	127	92	139	138	125	114	126	92	140	139	124	114	125	92	141	140	123	114	124	92	142	141	122	114	123	92	143	142	121	114	122	92	144	143	120	114	121	92	145	144	119	114	120	92	146	145	118	114	119	92	147	146	117	114	118	92	148	147	116	114	117	92	149	148	115	114	116	92	150	149	150	114	115	92	75	150	75	74	150	74	73	150	73	114	150	72	114	73	72	0	114	71	36	72	36	0	72	36	1	0	71	37	36	35	1	36	71	38	37	34	1	35	92	76	75	70	38	71	34	2	1	70	39	38	33	2	34	92	77	76	69	39	70	33	3	2	69	40	39	32	3	33	92	78	77	68	40	69	32	4	3	68	41	40	31	4	32	92	79	78	67	41	68	31	5	4	67	42	41	30	5	31	92	80	79	66	42	67	30	6	5	66	43	42	29	6	30	92	81	80	65	43	66	29	7	6	65	44	43	28	7	29	92	82	81	64	44	65	28	8	7	105	95	106	64	45	44	27	8	28	64	46	45	26	8	27	26	9	8	104	95	105	92	83	82	63	46	64	63	47	46	25	9	26	25	10	9	103	95	104	92	84	83	62	47	63	62	48	47	24	10	25	24	11	10	102	95	103	92	85	84	61	48	62	61	49	48	23	11	24	23	12	11	101	95	102	92	86	85	60	49	61	60	50	49	22	12	23	22	13	12	100	95	101	92	87	86	59	50	60	59	51	50	21	13	22	21	14	13	99	95	100	92	88	87	58	51	59	58	52	51	20	14	21	20	15	14	98	95	99	92	89	88	57	52	58	57	53	52	19	15	20	19	16	15	97	95	98	92	90	89	56	53	57	56	54	53	18	16	19	18	17	16	96	95	97	92	91	90	55	54	56	304	302	305	304	309	302	309	310	302	310	311	302	311	312	302	312	313	302	313	314	302	314	315	302	315	316	302	316	317	302	317	318	302	318	319	302	319	320	302	320	321	302	321	322	302	322	303	302	304	308	309	304	307	308	304	306	307	304	341	306	323	303	322	304	340	341	324	303	323	304	339	340	325	303	324	304	338	339	326	303	325	304	337	338	327	303	326	304	336	337	328	303	327	304	335	336	329	355	328	355	356	328	356	357	328	357	303	328	304	334	335	330	355	329	304	333	334	331	355	330	304	332	333	332	355	331	304	346	332	346	347	332	347	348	332	348	349	332	349	350	332	350	351	332	351	352	332	352	353	332	353	354	332	354	355	332	304	345	346	304	344	345	304	343	344	304	342	343	358	303	357	304	377	342	359	303	358	304	376	377	360	303	359	304	375	376	361	303	360	304	374	375	362	303	361	304	373	374	363	303	362	304	372	373	364	303	363	304	371	372	365	303	364	304	370	371	366	303	365	304	369	370	367	390	366	390	391	366	391	303	366	304	368	369	368	390	367	304	384	368	384	385	368	385	386	368	386	387	368	387	388	368	388	389	368	389	390	368	304	383	384	304	382	383	304	381	382	304	380	381	392	303	391	304	379	380	393	303	392	304	378	379	394	303	393	304	413	378	395	303	394	304	412	413	396	303	395	304	411	412	397	303	396	304	410	411	398	303	397	304	409	410	399	303	398	304	408	409	400	303	399	304	407	408	401	303	400	304	406	407	402	303	401	304	405	406	403	303	402	304	404	405	404	303	403	304	303	404	531	533	532	531	530	533	530	535	533	535	534	533	555	557	556	555	554	557	554	559	557	559	558	557	529	535	530	529	536	535	553	559	554	553	560	559	527	529	528	527	536	529	527	537	536	527	538	537	543	545	544	543	542	545	542	547	545	547	546	545	551	553	552	551	560	553	551	561	560	551	562	561	567	569	568	567	526	569	567	527	526	567	538	527	541	547	542	541	548	547	539	541	540	539	548	541	539	549	548	539	550	549	567	539	538	567	565	539	565	550	539	565	551	550	565	564	551	564	562	551	567	566	565	563	562	564	617	615	614	616	615	617	664	622	665	664	663	622	663	646	622	646	645	622	645	634	622	634	633	622	633	623	622	662	646	663	660	662	661	660	658	662	658	646	662	658	657	646	657	647	646	644	634	645	644	643	634	643	636	634	636	635	634	632	631	633	631	624	633	624	623	633	642	636	643	642	637	636	640	642	641	640	637	642	640	638	637	640	639	638	660	659	658	656	655	657	655	648	657	648	647	657	654	648	655	654	649	648	630	624	631	630	625	624	652	654	653	652	649	654	652	650	649	652	651	650	628	630	629	628	625	630	628	626	625	628	627	626
246	257	245	257	258	245	258	259	245	259	260	245	260	261	245	261	262	245	262	263	245	263	264	245	264	265	245	265	278	245	278	279	245	279	280	245	280	281	245	281	282	245	282	283	245	283	244	245	283	284	244	284	285	244	285	286	244	286	287	244	287	288	244	288	243	244	265	277	278	289	243	288	265	276	277	290	243	289	265	275	276	291	243	290	265	274	275	292	243	291	265	273	274	293	243	292	265	272	273	294	243	293	265	271	272	295	243	294	265	270	271	296	243	295	265	269	270	297	243	296	265	268	269	298	243	297	265	267	268	299	243	298	265	266	267	300	243	299	265	301	266	301	243	300	265	224	301	224	225	301	225	226	301	226	243	301	265	223	224	151	223	265	151	187	223	187	222	223	152	187	151	152	186	187	188	222	187	152	185	186	189	222	188	189	221	222	227	243	226	153	185	152	153	184	185	190	221	189	190	220	221	228	243	227	154	184	153	154	183	184	191	220	190	191	219	220	229	243	228	155	183	154	155	182	183	192	219	191	192	218	219	230	243	229	156	182	155	156	181	182	193	218	192	193	217	218	231	243	230	157	181	156	157	180	181	194	217	193	194	216	217	232	243	231	158	180	157	158	179	180	195	216	194	195	215	216	233	243	232	246	256	257	159	179	158	159	178	179	196	215	195	159	177	178	197	215	196	246	255	256	160	177	159	197	214	215	234	243	233	160	176	177	198	214	197	246	254	255	161	176	160	198	213	214	235	243	234	161	175	176	199	213	198	246	253	254	162	175	161	199	212	213	236	243	235	162	174	175	200	212	199	246	252	253	163	174	162	200	211	212	237	243	236	163	173	174	201	211	200	246	251	252	164	173	163	201	210	211	238	243	237	164	172	173	202	210	201	246	250	251	165	172	164	202	209	210	239	243	238	165	171	172	203	209	202	246	249	250	166	171	165	203	208	209	240	243	239	166	170	171	204	208	203	246	248	249	167	170	166	204	207	208	241	243	240	167	169	170	205	207	204	246	247	248	168	169	167	205	206	207	242	243	241	415	434	414	434	433	414	433	432	414	432	431	414	431	430	414	430	429	414	429	428	414	428	427	414	427	426	414	426	417	414	426	425	417	425	424	417	424	423	417	423	422	417	422	421	417	421	416	417	420	416	421	419	416	420	418	416	419	415	435	434	453	416	418	415	436	435	452	416	453	415	437	436	451	416	452	415	438	437	450	416	451	415	439	438	449	416	450	415	440	439	448	416	449	415	469	440	469	468	440	468	467	440	467	441	440	447	416	448	467	442	441	446	416	447	467	443	442	445	416	446	467	444	443	444	416	445	467	466	444	466	465	444	465	464	444	464	463	444	463	462	444	462	461	444	461	460	444	460	459	444	459	458	444	458	416	444	457	416	458	456	416	457	455	416	456	415	470	469	454	416	455	415	471	470	489	416	454	415	472	471	488	416	489	415	473	472	487	416	488	415	474	473	486	416	487	415	475	474	485	416	486	415	476	475	484	416	485	415	477	476	483	416	484	415	478	477	482	416	483	415	503	478	503	502	478	502	479	478	481	416	482	502	480	479	480	416	481	502	501	480	501	500	480	500	499	480	499	498	480	498	497	480	497	496	480	496	416	480	495	416	496	494	416	495	493	416	494	415	504	503	492	416	493	415	505	504	491	416	492	415	506	505	490	416	491	415	507	506	525	416	490	415	508	507	524	416	525	415	509	508	523	416	524	415	510	509	522	416	523	415	511	510	521	416	522	415	512	511	520	416	521	415	513	512	519	416	520	415	514	513	518	416	519	415	515	514	517	416	518	415	516	515	516	416	517	415	416	516	602	600	601	602	603	600	603	598	600	598	599	600	578	576	577	578	579	576	579	574	576	574	575	576	604	598	603	604	597	598	580	574	579	580	573	574	606	604	605	606	597	604	606	596	597	606	595	596	590	588	589	590	591	588	591	586	588	586	587	588	582	580	581	582	573	580	582	572	573	582	571	572	570	612	613	570	611	612	582	570	571	582	611	570	592	586	591	592	585	586	594	592	593	594	585	592	594	584	585	594	583	584	594	582	583	594	608	582	608	609	582	609	611	582	606	594	595	606	608	594	606	607	608	610	611	609	618	620	621	619	620	618	667	677	666	677	709	666	677	707	709	707	708	709	677	706	707	677	705	706	677	678	705	678	689	705	689	690	705	690	701	705	701	702	705	702	704	705	667	668	677	668	675	677	675	676	677	679	689	678	679	680	689	680	687	689	687	688	689	691	701	690	681	687	680	681	686	687	683	681	682	683	686	681	683	685	686	683	684	685	691	692	701	692	699	701	699	700	701	703	704	702	669	675	668	669	674	675	693	699	692	693	698	699	671	669	670	671	674	669	671	673	674	671	672	673	695	693	694	695	698	693	695	697	698	695	696	697
306	419	307	418	419	306
308	421	309	420	421	308	344	457	345	456	457	344
310	423	311	422	423	310
311	424	312	423	424	311
315	428	316	427	428	315
316	429	317	428	429	316
317	430	318	429	430	317
318	431	319	430	431	318
319	432	320	431	432	319
323	436	324	435	436	323
325	438	326	437	438	325
326	439	327	438	439	326
327	440	328	439	440	327
329	442	330	441	442	329
330	443	331	442	443	330
336	449	337	448	449	336
337	450	338	449	450	337
338	451	339	450	451	338
339	452	340	451	452	339
340	453	341	452	453	340
377	454	342	489	454	377	413	490	378	525	490	413
342	455	343	454	455	342	378	491	379	490	491	378
343	456	344	455	456	343	379	492	380	491	492	379
345	458	346	457	458	345
346	459	347	458	459	346
347	460	348	459	460	347
348	461	349	460	461	348
349	462	350	461	462	349	385	498	386	497	498	385
350	463	351	462	463	350	386	499	387	498	499	386
351	464	352	463	464	351
352	465	353	464	465	352
353	466	354	465	466	353
354	467	355	466	467	354
355	468	356	467	468	355
356	469	357	468	469	356	392	505	393	504	505	392
357	470	358	469	470	357	393	506	394	505	506	393
358	471	359	470	471	358	394	507	395	506	507	394
359	472	360	471	472	359
360	473	361	472	473	360	396	509	397	508	509	396
361	474	362	473	474	361
362	475	363	474	475	362
363	476	364	475	476	363
364	477	365	476	477	364
365	478	366	477	478	365
366	479	367	478	479	366
367	480	368	479	480	367	403	516	404	515	516	403
368	481	369	480	481	368	404	517	405	516	517	404
369	482	370	481	482	369
370	483	371	482	483	370
371	484	372	483	484	371
372	485	373	484	485	372
373	486	374	485	486	373
374	487	375	486	487	374
375	488	376	487	488	375	411	524	412	523	524	411
376	489	377	488	489	376
380	493	381	492	493	380
381	494	382	493	494	381
382	495	383	494	495	382
383	496	384	495	496	383
384	497	385	496	497	384
387	500	388	499	500	387
388	501	389	500	501	388
389	502	390	501	502	389
391	504	392	503	504	391
395	508	396	507	508	395
397	510	398	509	510	397
398	511	399	510	511	398
399	512	400	511	512	399
400	513	401	512	513	400
401	514	402	513	514	401
402	515	403	514	515	402
405	518	406	517	518	405
406	519	407	518	519	406
407	520	408	519	520	407
408	521	409	520	521	408
409	522	410	521	522	409
410	523	411	522	523	410
412	525	413	524	525	412

#	Normal	228
0.0871614	0.996194	0
0.258848	0.965918	0
0.422665	0.906286	0
0.573432	0.819253	0
0.707219	0.706995	0
0.819148	0.573583	0
0.906286	0.422665	0
0.965974	0.258639	0
0.996175	0.0873837	0
0.996173	-0.0874033	0
0.965989	-0.258583	0
0.906286	-0.422665	0
0.819074	-0.573688	0
0.707331	-0.706883	0
0.573432	-0.819253	0
0.422665	-0.906286	0
0.258848	-0.965918	0
0.0871614	-0.996194	0
-0.0871614	-0.996194	-0
-0.258848	-0.965918	-0
-0.422665	-0.906286	-0
-0.573432	-0.819253	-0
-0.707107	-0.707107	-0
-0.819285	-0.573387	-0
-0.906286	-0.422665	-0
-0.965877	-0.259001	-0
-0.996212	-0.0869584	-0
-0.996214	0.086939	0
-0.965862	0.259057	0
-0.906286	0.422665	0
-0.819358	0.573282	0
-0.706995	0.707219	0
-0.573432	0.819253	0
-0.422665	0.906286	0
-0.258848	0.965918	0
-0.0871614	0.996194	0
-0.0741387	-0.997248	-0
-0.221136	-0.975243	-0
-0.363033	-0.931776	-0
-0.497196	-0.867638	-0
-0.620008	-0.784595	-0
-0.729654	-0.683817	-0
-0.822655	-0.568541	-0
-0.897768	-0.440468	-0
-0.953122	-0.302586	-0
-0.987435	-0.158027	-0
-0.999952	-0.00982179	-0
-0.990439	0.137951	0
-0.959015	0.283356	0
-0.906476	0.422258	0
-0.833988	0.551783	0
-0.743085	0.669197	0
-0.635666	0.771964	0
-0.514736	0.857348	0
-0	-1	-0
0.553326	0.832965	0
0.668623	0.743602	0
0.769507	0.638638	0
0.854539	0.519388	0
0.920872	0.389865	0
0.967774	0.251821	0
0.994145	0.108054	0
0.999293	-0.0376014	0
0.983154	-0.18278	0
0.946154	-0.323716	0
0.888983	-0.457939	0
0.812977	-0.582296	0
0.719606	-0.694382	0
0.610838	-0.791756	0
0.488973	-0.872299	0
0.357064	-0.93408	0
0.217258	-0.976114	0
0.072837	-0.997344	0
-0.072837	-0.997344	-0
-0.217258	-0.976114	-0
-0.357064	-0.93408	-0
-0.489176	-0.872185	-0
-0.610607	-0.791933	-0
-0.719606	-0.694382	-0
-0.812977	-0.582296	-0
-0.888983	-0.457939	-0
-0.946154	-0.323716	-0
-0.983154	-0.18278	-0
-0.999293	-0.0376014	-0
-0.994145	0.108054	0
-0.967774	0.251821	0
-0.920872	0.389865	0
-0.854327	0.519736	0
-0.769741	0.638357	0
-0.668623	0.743602	0
-0.553326	0.832965	0
0.505289	0.86295	0
0.628012	0.778204	0
0.736961	0.675936	0
0.829029	0.559205	0
0.903101	0.429427	0
0.95684	0.290615	0
0.989388	0.1453	0
0.999993	-0.0037261	0
0.988334	-0.152302	0
0.954695	-0.297585	0
0.899764	-0.436376	0
0.82489	-0.565293	0
0.731814	-0.681505	0
0.622193	-0.782864	0
0.49897	-0.866619	0
0.364514	-0.931198	0
0.222104	-0.975023	0
0.0745236	-0.997219	0
-0.0745236	-0.997219	-0
-0.222104	-0.975023	-0
-0.364514	-0.931198	-0
-0.49897	-0.866619	-0
-0.622193	-0.782864	-0
-0.731814	-0.681505	-0
-0.82489	-0.565293	-0
-0.899764	-0.436376	-0
-0.954695	-0.297585	-0
-0.988334	-0.152302	-0
-0.999993	-0.0037261	-0
-0.989388	0.1453	0
-0.95684	0.290615	0
-0.903101	0.429427	0
-0.829029	0.559205	0
-0.736961	0.675936	0
-0.628012	0.778204	0
-0.505289	0.86295	0
1	0	0
-0	1	0
-1	0	0
0.51453	0.857472	0
0.635896	0.771775	0
0.743085	0.669197	0
0.833988	0.551783	0
0.906476	0.422258	0
0.959015	0.283356	0
0.990439	0.137951	0
0.999952	-0.00982179	0
0.987435	-0.158027	0
0.953122	-0.302586	0
0.897768	-0.440468	0
0.822873	-0.568225	0
0.729421	-0.684066	0
0.620008	-0.784595	0
0.497196	-0.867638	0
0.363033	-0.931776	0
0.221237	-0.97522	0
0.0741042	-0.997251	0
0	0	1
0	0	-1
-0.258639	0.965974	0
-0.573583	0.819148	0
-0.819148	0.573583	0
-0.906458	0.422296	0
-0.965862	-0.259057	0
-0.906498	-0.422211	0
-0.819074	-0.573688	0
-0.706995	-0.707219	0
-0.573583	-0.819148	0
0.0872003	-0.996191	0
0.422493	-0.906366	0
0.573793	-0.819	0
0.706995	-0.707219	0
0.906326	-0.422579	0
0.965974	-0.258639	0
0.706995	0.707219	-0
0.573793	0.819	-0
0.422493	0.906366	-0
0.258639	0.965974	-0
0.0872003	0.996191	-0
-0.0871403	0.996196	0
-0.258868	0.965913	0
-0.422522	0.906353	0
-0.707107	0.707107	0
-0.819257	0.573426	0
-0.906284	0.42267	0
-0.965901	0.258912	0
-0.996197	0.0871247	0
-0.996197	-0.0871247	0
-0.965913	-0.258868	0
-0.906252	-0.422738	0
-0.819257	-0.573426	0
-0.707196	-0.707017	0
-0.573462	-0.819232	0
-0.422522	-0.906353	0
-0.258868	-0.965913	0
-0.0871403	-0.996196	0
0.0871403	-0.996196	0
0.258868	-0.965913	0
0.422522	-0.906353	0
0.573462	-0.819232	0
0.707196	-0.707017	0
0.819257	-0.573426	0
0.906252	-0.422738	0
0.965913	-0.258868	0
0.996197	-0.0871247	0
0.996197	0.0871247	-0
0.965901	0.258912	-0
0.906284	0.42267	-0
0.819257	0.573426	-0
0.707107	0.707107	-0
0.573583	0.819148	-0
0.422522	0.906353	-0
0.258868	0.965913	-0
0.0871403	0.996196	-0
-0.573631	0.819114	0
-0.707196	0.707017	0
-0.819089	0.573667	0
-0.906252	0.422738	0
-0.965913	0.258868	0
-0.965901	-0.258912	0
-0.906284	-0.42267	0
-0.819089	-0.573667	0
-0.573751	-0.81903	0
0.0871091	-0.996199	0
0.42266	-0.906288	0
0.573583	-0.819148	0
0.707107	-0.707107	0
0.819089	-0.573667	0
0.906421	-0.422375	0
0.965901	-0.258912	0
0.965913	0.258868	-0
0.906389	0.422444	-0
0.819089	0.573667	-0
0.707196	0.707017	-0
0.573462	0.819232	-0
0.42266	0.906288	-0
0.0871091	0.996199	-0

#	Mesh	0	End

