#	Mesh	0	Begin

#	Vertex	16
44618.3	48414.5	0
44618.3	48414.5	3600
44618.3	48314.5	3600
44618.3	48314.5	0
47018.3	48314.5	0
45668.3	48314.5	2000
44768.3	48314.5	2000
44768.3	48314.5	1.93268e-012
47018.3	48314.5	3600
47018.3	48414.5	3600
47018.3	48414.5	0
44768.3	48414.5	2000
45668.3	48414.5	2000
45668.3	48414.5	1.93268e-012
45668.3	48314.5	1.93268e-012
44768.3	48414.5	1.93268e-012

#	Triangle	6
0	2	1	3	2	0	12	14	5	13	14	12
8	14	4	8	5	14	6	3	7	6	2	3	8	6	5	8	2	6
4	9	8	10	9	4	15	6	7	11	6	15
1	15	0	1	11	15	12	10	13	12	9	10	1	12	11	1	9	12
13	4	14	10	4	13	7	0	15	3	0	7	11	5	6	12	5	11
2	9	1	8	9	2

#	Normal	6
1	0	0
0	1	-0
-1	0	0
0	-1	0
1.43161e-015	-0	1
0	0	-1

#	Mesh	0	End

