#	Mesh	0	Begin

#	Vertex	160
-59731.7	914.525	-50
-59731.7	914.525	4750
-59531.7	914.525	4750
-59531.7	914.525	-50
-59531.7	12114.5	4750
-59531.7	12114.5	-50
-59531.7	5914.53	2300
-59531.7	4714.53	2300
-59531.7	4714.53	200
-59531.7	5914.53	200
-59531.7	2088.29	4071.31
-59531.7	2107.82	4073.02
-59531.7	2126.76	4078.1
-59531.7	2144.54	4086.38
-59531.7	2160.6	4097.63
-59531.7	2174.47	4111.5
-59531.7	2185.71	4127.56
-59531.7	2194	4145.33
-59531.7	2199.08	4164.28
-59531.7	2200.79	4183.81
-59531.7	2199.08	4203.35
-59531.7	2194	4222.29
-59531.7	2185.71	4240.06
-59531.7	2174.47	4256.13
-59531.7	2160.6	4269.99
-59531.7	2144.54	4281.24
-59531.7	2126.76	4289.53
-59531.7	2107.82	4294.6
-59531.7	2088.29	4296.31
-59531.7	2068.75	4294.6
-59531.7	2049.81	4289.53
-59531.7	2032.04	4281.24
-59531.7	2015.97	4269.99
-59531.7	2002.11	4256.13
-59531.7	1990.86	4240.06
-59531.7	1982.57	4222.29
-59531.7	1977.5	4203.35
-59531.7	1975.79	4183.81
-59531.7	1977.5	4164.28
-59531.7	1982.57	4145.33
-59531.7	1990.86	4127.56
-59531.7	2002.11	4111.5
-59531.7	2015.97	4097.63
-59531.7	2032.04	4086.38
-59531.7	2049.81	4078.1
-59531.7	2068.75	4073.02
-59531.7	2488.4	4070.08
-59531.7	2507.94	4071.79
-59531.7	2526.88	4076.86
-59531.7	2544.65	4085.15
-59531.7	2560.72	4096.4
-59531.7	2574.58	4110.26
-59531.7	2585.83	4126.33
-59531.7	2594.12	4144.1
-59531.7	2599.2	4163.04
-59531.7	2600.9	4182.58
-59531.7	2599.2	4202.11
-59531.7	2594.12	4221.05
-59531.7	2585.83	4238.83
-59531.7	2574.58	4254.89
-59531.7	2560.72	4268.76
-59531.7	2544.65	4280
-59531.7	2526.88	4288.29
-59531.7	2507.94	4293.37
-59531.7	2488.4	4295.08
-59531.7	2468.87	4293.37
-59531.7	2449.93	4288.29
-59531.7	2432.15	4280
-59531.7	2416.09	4268.76
-59531.7	2402.22	4254.89
-59531.7	2390.98	4238.83
-59531.7	2382.69	4221.05
-59531.7	2377.61	4202.11
-59531.7	2375.9	4182.58
-59531.7	2377.61	4163.04
-59531.7	2382.69	4144.1
-59531.7	2390.98	4126.33
-59531.7	2402.22	4110.26
-59531.7	2416.09	4096.4
-59531.7	2432.15	4085.15
-59531.7	2449.93	4076.86
-59531.7	2468.87	4071.79
-59731.7	12114.5	4750
-59731.7	12114.5	-50
-59731.7	4714.53	2300
-59731.7	5914.53	2300
-59731.7	5914.53	200
-59731.7	4714.53	200
-59731.7	2107.82	4073.02
-59731.7	2088.29	4071.31
-59731.7	2068.75	4073.02
-59731.7	2049.81	4078.1
-59731.7	2032.04	4086.38
-59731.7	2015.97	4097.63
-59731.7	2002.11	4111.5
-59731.7	1990.86	4127.56
-59731.7	1982.57	4145.33
-59731.7	1977.5	4164.28
-59731.7	1975.79	4183.81
-59731.7	1977.5	4203.35
-59731.7	1982.57	4222.29
-59731.7	1990.86	4240.06
-59731.7	2002.11	4256.13
-59731.7	2015.97	4269.99
-59731.7	2032.04	4281.24
-59731.7	2049.81	4289.53
-59731.7	2068.75	4294.6
-59731.7	2088.29	4296.31
-59731.7	2107.82	4294.6
-59731.7	2126.76	4289.53
-59731.7	2144.54	4281.24
-59731.7	2160.6	4269.99
-59731.7	2174.47	4256.13
-59731.7	2185.71	4240.06
-59731.7	2194	4222.29
-59731.7	2199.08	4203.35
-59731.7	2200.79	4183.81
-59731.7	2199.08	4164.28
-59731.7	2194	4145.33
-59731.7	2185.71	4127.56
-59731.7	2174.47	4111.5
-59731.7	2160.6	4097.63
-59731.7	2144.54	4086.38
-59731.7	2126.76	4078.1
-59731.7	2507.94	4071.79
-59731.7	2488.4	4070.08
-59731.7	2468.87	4071.79
-59731.7	2449.93	4076.86
-59731.7	2432.15	4085.15
-59731.7	2416.09	4096.4
-59731.7	2402.22	4110.26
-59731.7	2390.98	4126.33
-59731.7	2382.69	4144.1
-59731.7	2377.61	4163.04
-59731.7	2375.9	4182.58
-59731.7	2377.61	4202.11
-59731.7	2382.69	4221.05
-59731.7	2390.98	4238.83
-59731.7	2402.22	4254.89
-59731.7	2416.09	4268.76
-59731.7	2432.15	4280
-59731.7	2449.93	4288.29
-59731.7	2468.87	4293.37
-59731.7	2488.4	4295.08
-59731.7	2507.94	4293.37
-59731.7	2526.88	4288.29
-59731.7	2544.65	4280
-59731.7	2560.72	4268.76
-59731.7	2574.58	4254.89
-59731.7	2585.83	4238.83
-59731.7	2594.12	4221.05
-59731.7	2599.2	4202.11
-59731.7	2600.9	4182.58
-59731.7	2599.2	4163.04
-59731.7	2594.12	4144.1
-59731.7	2585.83	4126.33
-59731.7	2574.58	4110.26
-59731.7	2560.72	4096.4
-59731.7	2544.65	4085.15
-59731.7	2526.88	4076.86

#	Triangle	61
0	2	1	3	2	0	9	85	86	6	85	9
4	9	5	9	3	5	9	8	3	8	2	3	4	6	9	7	2	8	4	7	6	4	46	7	46	10	7	10	45	7	45	44	7	44	43	7	43	2	7	4	47	46	81	10	46	81	11	10	4	48	47	80	11	81	80	12	11	4	49	48	79	12	80	79	13	12	4	50	49	78	13	79	78	14	13	42	2	43	4	51	50	77	14	78	77	15	14	41	2	42	4	52	51	76	15	77	76	16	15	40	2	41	4	53	52	75	16	76	75	17	16	39	2	40	4	54	53	74	17	75	74	18	17	38	2	39	4	55	54	73	18	74	73	19	18	37	2	38	4	56	55	72	19	73	72	20	19	36	2	37	4	57	56	71	20	72	71	21	20	35	2	36	4	58	57	70	21	71	70	22	21	34	2	35	4	59	58	69	22	70	69	23	22	33	2	34	4	60	59	68	23	69	68	24	23	32	2	33	4	61	60	67	24	68	67	25	24	31	2	32	4	62	61	66	25	67	66	26	25	30	2	31	4	63	62	65	26	66	65	27	26	29	2	30	4	64	63	64	27	65	64	28	27	28	2	29	4	28	64	4	2	28
5	82	4	83	82	5	7	87	84	8	87	7
1	87	0	87	83	0	87	86	83	86	82	83	1	84	87	85	82	86	1	92	84	92	91	84	91	90	84	90	89	84	89	85	84	89	125	85	125	82	85	89	126	125	124	82	125	88	126	89	88	127	126	159	82	124	123	127	88	123	128	127	158	82	159	122	128	123	122	129	128	157	82	158	1	93	92	121	129	122	121	130	129	156	82	157	1	94	93	120	130	121	120	131	130	155	82	156	1	95	94	119	131	120	119	132	131	154	82	155	1	96	95	118	132	119	118	133	132	153	82	154	1	97	96	117	133	118	117	134	133	152	82	153	1	98	97	116	134	117	116	135	134	151	82	152	1	99	98	115	135	116	115	136	135	150	82	151	1	100	99	114	136	115	114	137	136	149	82	150	1	101	100	113	137	114	113	138	137	148	82	149	1	102	101	112	138	113	112	139	138	147	82	148	1	103	102	111	139	112	111	140	139	146	82	147	1	104	103	110	140	111	110	141	140	145	82	146	1	105	104	109	141	110	109	142	141	144	82	145	1	106	105	108	142	109	108	143	142	143	82	144	1	107	106	107	143	108	107	82	143	1	82	107
0	5	3	83	5	0	6	84	85	7	84	6
2	82	1	4	82	2	8	86	87	9	86	8
89	11	88	10	11	89	125	47	124	46	47	125
88	12	123	11	12	88	124	48	159	47	48	124
123	13	122	12	13	123	159	49	158	48	49	159
122	14	121	13	14	122
121	15	120	14	15	121	157	51	156	50	51	157
120	16	119	15	16	120	156	52	155	51	52	156
119	17	118	16	17	119	155	53	154	52	53	155
118	18	117	17	18	118	154	54	153	53	54	154
117	19	116	18	19	117
116	20	115	19	20	116
115	21	114	20	21	115	151	57	150	56	57	151
114	22	113	21	22	114	150	58	149	57	58	150
113	23	112	22	23	113	149	59	148	58	59	149
112	24	111	23	24	112
111	25	110	24	25	111
110	26	109	25	26	110	146	62	145	61	62	146
109	27	108	26	27	109	145	63	144	62	63	145
108	28	107	27	28	108	144	64	143	63	64	144
107	29	106	28	29	107	143	65	142	64	65	143
106	30	105	29	30	106	142	66	141	65	66	142
105	31	104	30	31	105
104	32	103	31	32	104
103	33	102	32	33	103
102	34	101	33	34	102
101	35	100	34	35	101
100	36	99	35	36	100
99	37	98	36	37	99
98	38	97	37	38	98
97	39	96	38	39	97
96	40	95	39	40	96
95	41	94	40	41	95
94	42	93	41	42	94
93	43	92	42	43	93
92	44	91	43	44	92
91	45	90	44	45	91	127	81	126	80	81	127
90	10	89	45	10	90	126	46	125	81	46	126
158	50	157	49	50	158
153	55	152	54	55	153
152	56	151	55	56	152
148	60	147	59	60	148
147	61	146	60	61	147
141	67	140	66	67	141
140	68	139	67	68	140
139	69	138	68	69	139
138	70	137	69	70	138
137	71	136	70	71	137
136	72	135	71	72	136
135	73	134	72	73	135
134	74	133	73	74	134
133	75	132	74	75	133
132	76	131	75	76	132
131	77	130	76	77	131
130	78	129	77	78	130
129	79	128	78	79	129
128	80	127	79	80	128

#	Normal	61
-0	1	0
-1	0	0
-0	-1	-0
1	0	0
0	-0	1
0	0	-1
0	0.0871486	-0.996195
0	0.258818	-0.965926
0	0.42262	-0.906307
0	0.573572	-0.819155
0	0.707113	-0.707101
0	0.819151	-0.573578
0	0.906305	-0.422625
0	0.965926	-0.258818
0	0.996195	-0.0871475
-0	0.996195	0.0871497
-0	0.965926	0.258818
-0	0.906309	0.422616
-0	0.819151	0.573578
-0	0.707101	0.707113
-0	0.57358	0.819149
-0	0.42262	0.906307
-0	0.258829	0.965923
-0	0.0871486	0.996195
0	-0.0871486	0.996195
0	-0.258829	0.965923
0	-0.422623	0.906306
0	-0.573583	0.819147
0	-0.707101	0.707113
0	-0.819151	0.573578
0	-0.906309	0.422616
0	-0.965926	0.258818
0	-0.996195	0.0871558
0	-0.996195	-0.0871537
0	-0.965926	-0.258818
0	-0.906305	-0.422625
0	-0.819151	-0.573578
0	-0.707113	-0.707101
0	-0.573575	-0.819153
0	-0.422623	-0.906306
0	-0.258818	-0.965926
0	-0.0871486	-0.996195
0	0.573578	-0.819151
0	0.996194	-0.0871598
-0	0.996194	0.087162
-0	0.707113	0.707101
-0	0.573569	0.819157
0	-0.42262	0.906307
0	-0.573563	0.819161
0	-0.707119	0.707094
0	-0.819145	0.573586
0	-0.906314	0.422605
0	-0.965923	0.258829
0	-0.996195	0.0871497
0	-0.996195	-0.0871475
0	-0.965923	-0.258829
0	-0.906309	-0.422615
0	-0.819145	-0.573586
0	-0.707119	-0.707094
0	-0.573572	-0.819155
0	-0.42262	-0.906307

#	Mesh	0	End

