#	Mesh	0	Begin

#	Vertex	12
100918	18664.5	0
100918	18664.5	3600
100818	18664.5	3600
100818	18664.5	0
100818	16114.5	3600
100818	16884.5	2400
100818	16884.5	5.00222e-012
100918	16114.5	3600
100918	16884.5	0
100918	16884.5	2400
100918	16114.5	2400
100818	16114.5	2400

#	Triangle	6
0	2	1	3	2	0
5	3	6	5	2	3	4	5	11	4	2	5
10	4	11	7	4	10	9	6	8	5	6	9
1	8	0	1	9	8	1	10	9	1	7	10
6	0	8	3	0	6	5	10	11	9	10	5
2	7	1	4	7	2

#	Normal	6
-0	-1	-0
1	-0	0
0	1	0
-1	0	0
5.00222e-014	-0	1
-0	-0	-1

#	Mesh	0	End

