#	Mesh	0	Begin

#	Vertex	24
-87995.3	37636.5	0
-87716.9	37700.3	0
-87435.6	37750.2	0
-87152.2	37785.9	0
-86867.3	37807.4	0
-86581.7	37814.5	0
-86581.7	37914.5	0
-86872.3	37907.2	0
-87162.2	37885.4	0
-87450.6	37849.1	0
-87736.8	37798.3	0
-88020.1	37733.3	0
-87995.3	37636.5	3600
-87716.9	37700.3	3600
-87435.6	37750.2	3600
-87152.2	37785.9	3600
-86867.3	37807.4	3600
-86581.7	37814.5	3600
-86581.7	37914.5	3600
-86872.3	37907.2	3600
-87162.2	37885.4	3600
-87450.6	37849.1	3600
-87736.8	37798.3	3600
-88020.1	37733.3	3600

#	Triangle	14
11	12	23	0	12	11
0	13	12	1	13	0
1	14	13	2	14	1
2	15	14	3	15	2
3	16	15	4	16	3
4	17	16	5	17	4
5	18	17	6	18	5
6	19	18	7	19	6
7	20	19	8	20	7
8	21	20	9	21	8
9	22	21	10	22	9
10	23	22	11	23	10
10	0	11	10	1	0	9	1	10	9	2	1	8	2	9	8	3	2	7	3	8	7	4	3	6	4	7	6	5	4
12	22	23	13	22	12	13	21	22	14	21	13	14	20	21	15	20	14	15	19	20	16	19	15	16	18	19	17	18	16

#	Normal	14
0.968751	0.248037	0
-0.223649	0.97467	0
-0.174533	0.984651	0
-0.124994	0.992158	0
-0.0751102	0.997175	0
-0.0250639	0.999686	0
-1	0	0
0.025062	-0.999686	0
0.075118	-0.997175	0
0.124987	-0.992158	0
0.174537	-0.984651	0
0.223633	-0.974674	0
-0	0	1
0	0	-1

#	Mesh	0	End

