#	Mesh	0	Begin

#	Vertex	24
-89396.6	37071	0
-89129.2	37213.6	0
-88854.6	37341.8	0
-88573.5	37455.2	0
-88286.8	37553.5	0
-87995.3	37636.5	0
-88020.1	37733.3	0
-88316.8	37648.9	0
-88608.5	37548.9	0
-88894.4	37433.5	0
-89173.9	37303.1	0
-89446	37158	0
-89396.6	37071	3600
-89129.2	37213.6	3600
-88854.6	37341.8	3600
-88573.5	37455.2	3600
-88286.8	37553.5	3600
-87995.3	37636.5	3600
-88020.1	37733.3	3600
-88316.8	37648.9	3600
-88608.5	37548.9	3600
-88894.4	37433.5	3600
-89173.9	37303.1	3600
-89446	37158	3600

#	Triangle	14
11	12	23	0	12	11
0	13	12	1	13	0
1	14	13	2	14	1
2	15	14	3	15	2
3	16	15	4	16	3
4	17	16	5	17	4
5	18	17	6	18	5
6	19	18	7	19	6
7	20	19	8	20	7
8	21	20	9	21	8
9	22	21	10	22	9
10	23	22	11	23	10
10	0	11	10	1	0	9	1	10	9	2	1	8	2	9	8	3	2	7	3	8	7	4	3	6	4	7	6	5	4
12	22	23	13	22	12	13	21	22	14	21	13	14	20	21	15	20	14	15	19	20	16	19	15	16	18	19	17	18	16

#	Normal	14
0.869562	0.493823	0
-0.470549	0.882374	0
-0.422974	0.906142	0
-0.374229	0.927336	0
-0.32439	0.945923	0
-0.273665	0.961825	0
-0.968751	-0.248037	-0
0.273675	-0.961822	0
0.324401	-0.94592	0
0.374217	-0.927341	0
0.422984	-0.906137	0
0.470539	-0.882379	0
-0	0	1
0	0	-1

#	Mesh	0	End

