#	Mesh	0	Begin

#	Vertex	24
-92061.4	33684.1	0
-91971.9	33968.2	0
-91867.7	34247.2	0
-91749.1	34520.3	0
-91616.4	34787	0
-91470	35046.3	0
-91555.7	35097.7	0
-91704.8	34833.8	0
-91839.8	34562.6	0
-91960.5	34284.6	0
-92066.5	34000.7	0
-92157.5	33711.6	0
-92061.4	33684.1	3600
-91971.9	33968.2	3600
-91867.7	34247.2	3600
-91749.1	34520.3	3600
-91616.4	34787	3600
-91470	35046.3	3600
-91555.7	35097.7	3600
-91704.8	34833.8	3600
-91839.8	34562.6	3600
-91960.5	34284.6	3600
-92066.5	34000.7	3600
-92157.5	33711.6	3600

#	Triangle	14
11	12	23	0	12	11
0	13	12	1	13	0
1	14	13	2	14	1
2	15	14	3	15	2
3	16	15	4	16	3
4	17	16	5	17	4
5	18	17	6	18	5
6	19	18	7	19	6
7	20	19	8	20	7
8	21	20	9	21	8
9	22	21	10	22	9
10	23	22	11	23	10
10	0	11	9	0	10	9	1	0	9	2	1	8	2	9	8	3	2	7	3	8	7	4	3	6	4	7	6	5	4
12	22	23	12	21	22	13	21	12	14	21	13	14	20	21	15	20	14	15	19	20	16	19	15	16	18	19	17	18	16

#	Normal	14
0.275356	0.961342	0
-0.953817	0.300389	0
-0.936832	0.349781	0
-0.917274	0.398257	0
-0.895226	0.445613	0
-0.870723	0.491774	0
-0.514306	-0.857607	-0
0.870731	-0.49176	0
0.895228	-0.445609	0
0.917277	-0.398249	0
0.936829	-0.349787	0
0.953817	-0.300387	0
-0	0	1
0	0	-1

#	Mesh	0	End

