#	Mesh	0	Begin

#	Vertex	24
-91470	35046.3	0
-91313.9	35292.1	0
-91145.4	35529.7	0
-90965	35758.3	0
-90773.2	35977.4	0
-90570.4	36186.4	0
-90640.4	36257.9	0
-90846.7	36045.2	0
-91041.9	35822.2	0
-91225.4	35589.6	0
-91396.9	35347.9	0
-91555.7	35097.7	0
-91470	35046.3	3600
-91313.9	35292.1	3600
-91145.4	35529.7	3600
-90965	35758.3	3600
-90773.2	35977.4	3600
-90570.4	36186.4	3600
-90640.4	36257.9	3600
-90846.7	36045.2	3600
-91041.9	35822.2	3600
-91225.4	35589.6	3600
-91396.9	35347.9	3600
-91555.7	35097.7	3600

#	Triangle	14
11	12	23	0	12	11
0	13	12	1	13	0
1	14	13	2	14	1
2	15	14	3	15	2
3	16	15	4	16	3
4	17	16	5	17	4
5	18	17	6	18	5
6	19	18	7	19	6
7	20	19	8	20	7
8	21	20	9	21	8
9	22	21	10	22	9
10	23	22	11	23	10
10	0	11	10	1	0	9	1	10	9	2	1	8	2	9	8	3	2	7	3	8	7	4	3	6	4	7	6	5	4
12	22	23	13	22	12	13	21	22	14	21	13	14	20	21	15	20	14	15	19	20	16	19	15	16	18	19	17	18	16

#	Normal	14
0.514306	0.857607	0
-0.844177	0.536065	0
-0.815681	0.578502	0
-0.785067	0.61941	0
-0.752419	0.658685	0
-0.717783	0.696267	0
-0.714374	-0.699764	-0
0.717788	-0.696262	0
0.752415	-0.658689	0
0.785069	-0.619408	0
0.815686	-0.578495	0
0.844159	-0.536092	0
-0	0	1
0	0	-1

#	Mesh	0	End

