#	Mesh	0	Begin

#	Vertex	184
-61831.7	1114.53	-50
-61831.7	1114.53	4750
-61631.7	1114.53	4750
-61631.7	1114.53	-50
-61631.7	8214.53	4750
-61631.7	8214.53	-50
-61631.7	2814.53	2100
-61631.7	1614.53	2100
-61631.7	1614.53	200
-61631.7	2814.53	200
-61631.7	5514.53	2100
-61631.7	4314.53	2100
-61631.7	4314.53	200
-61631.7	5514.53	200
-61631.7	7964.53	2100
-61631.7	6764.53	2100
-61631.7	6764.53	200
-61631.7	7964.53	200
-61631.7	7114.53	3850
-61631.7	7614.53	3850
-61631.7	7614.53	4050
-61631.7	7114.53	4050
-61631.7	2088.29	4064.85
-61631.7	2107.82	4066.56
-61631.7	2126.76	4071.63
-61631.7	2144.54	4079.92
-61631.7	2160.6	4091.17
-61631.7	2174.47	4105.04
-61631.7	2185.71	4121.1
-61631.7	2194	4138.87
-61631.7	2199.08	4157.81
-61631.7	2200.79	4177.35
-61631.7	2199.08	4196.89
-61631.7	2194	4215.83
-61631.7	2185.71	4233.6
-61631.7	2174.47	4249.66
-61631.7	2160.6	4263.53
-61631.7	2144.54	4274.78
-61631.7	2126.76	4283.07
-61631.7	2107.82	4288.14
-61631.7	2088.29	4289.85
-61631.7	2068.75	4288.14
-61631.7	2049.81	4283.07
-61631.7	2032.04	4274.78
-61631.7	2015.97	4263.53
-61631.7	2002.11	4249.66
-61631.7	1990.86	4233.6
-61631.7	1982.57	4215.83
-61631.7	1977.5	4196.89
-61631.7	1975.79	4177.35
-61631.7	1977.5	4157.81
-61631.7	1982.57	4138.87
-61631.7	1990.86	4121.1
-61631.7	2002.11	4105.04
-61631.7	2015.97	4091.17
-61631.7	2032.04	4079.92
-61631.7	2049.81	4071.63
-61631.7	2068.75	4066.56
-61631.7	2488.4	4063.61
-61631.7	2507.94	4065.32
-61631.7	2526.88	4070.4
-61631.7	2544.65	4078.69
-61631.7	2560.72	4089.93
-61631.7	2574.58	4103.8
-61631.7	2585.83	4119.86
-61631.7	2594.12	4137.64
-61631.7	2599.2	4156.58
-61631.7	2600.9	4176.11
-61631.7	2599.2	4195.65
-61631.7	2594.12	4214.59
-61631.7	2585.83	4232.36
-61631.7	2574.58	4248.43
-61631.7	2560.72	4262.29
-61631.7	2544.65	4273.54
-61631.7	2526.88	4281.83
-61631.7	2507.94	4286.91
-61631.7	2488.4	4288.61
-61631.7	2468.87	4286.91
-61631.7	2449.93	4281.83
-61631.7	2432.15	4273.54
-61631.7	2416.09	4262.29
-61631.7	2402.22	4248.43
-61631.7	2390.98	4232.36
-61631.7	2382.69	4214.59
-61631.7	2377.61	4195.65
-61631.7	2375.9	4176.11
-61631.7	2377.61	4156.58
-61631.7	2382.69	4137.64
-61631.7	2390.98	4119.86
-61631.7	2402.22	4103.8
-61631.7	2416.09	4089.93
-61631.7	2432.15	4078.69
-61631.7	2449.93	4070.4
-61631.7	2468.87	4065.32
-61831.7	8214.53	4750
-61831.7	8214.53	-50
-61831.7	1614.53	2100
-61831.7	2814.53	2100
-61831.7	2814.53	200
-61831.7	1614.53	200
-61831.7	4314.53	2100
-61831.7	5514.53	2100
-61831.7	5514.53	200
-61831.7	4314.53	200
-61831.7	6764.53	2100
-61831.7	7964.53	2100
-61831.7	7964.53	200
-61831.7	6764.53	200
-61831.7	7614.53	3850
-61831.7	7114.53	3850
-61831.7	7114.53	4050
-61831.7	7614.53	4050
-61831.7	2107.82	4066.56
-61831.7	2088.29	4064.85
-61831.7	2068.75	4066.56
-61831.7	2049.81	4071.63
-61831.7	2032.04	4079.92
-61831.7	2015.97	4091.17
-61831.7	2002.11	4105.04
-61831.7	1990.86	4121.1
-61831.7	1982.57	4138.87
-61831.7	1977.5	4157.81
-61831.7	1975.79	4177.35
-61831.7	1977.5	4196.89
-61831.7	1982.57	4215.83
-61831.7	1990.86	4233.6
-61831.7	2002.11	4249.66
-61831.7	2015.97	4263.53
-61831.7	2032.04	4274.78
-61831.7	2049.81	4283.07
-61831.7	2068.75	4288.14
-61831.7	2088.29	4289.85
-61831.7	2107.82	4288.14
-61831.7	2126.76	4283.07
-61831.7	2144.54	4274.78
-61831.7	2160.6	4263.53
-61831.7	2174.47	4249.66
-61831.7	2185.71	4233.6
-61831.7	2194	4215.83
-61831.7	2199.08	4196.89
-61831.7	2200.79	4177.35
-61831.7	2199.08	4157.81
-61831.7	2194	4138.87
-61831.7	2185.71	4121.1
-61831.7	2174.47	4105.04
-61831.7	2160.6	4091.17
-61831.7	2144.54	4079.92
-61831.7	2126.76	4071.63
-61831.7	2507.94	4065.32
-61831.7	2488.4	4063.61
-61831.7	2468.87	4065.32
-61831.7	2449.93	4070.4
-61831.7	2432.15	4078.69
-61831.7	2416.09	4089.93
-61831.7	2402.22	4103.8
-61831.7	2390.98	4119.86
-61831.7	2382.69	4137.64
-61831.7	2377.61	4156.58
-61831.7	2375.9	4176.11
-61831.7	2377.61	4195.65
-61831.7	2382.69	4214.59
-61831.7	2390.98	4232.36
-61831.7	2402.22	4248.43
-61831.7	2416.09	4262.29
-61831.7	2432.15	4273.54
-61831.7	2449.93	4281.83
-61831.7	2468.87	4286.91
-61831.7	2488.4	4288.61
-61831.7	2507.94	4286.91
-61831.7	2526.88	4281.83
-61831.7	2544.65	4273.54
-61831.7	2560.72	4262.29
-61831.7	2574.58	4248.43
-61831.7	2585.83	4232.36
-61831.7	2594.12	4214.59
-61831.7	2599.2	4195.65
-61831.7	2600.9	4176.11
-61831.7	2599.2	4156.58
-61831.7	2594.12	4137.64
-61831.7	2585.83	4119.86
-61831.7	2574.58	4103.8
-61831.7	2560.72	4089.93
-61831.7	2544.65	4078.69
-61831.7	2526.88	4070.4

#	Triangle	66
0	2	1	3	2	0	9	97	98	6	97	9	13	101	102	10	101	13	17	105	106	14	105	17	108	20	111	19	20	108
4	17	5	17	3	5	17	16	3	16	13	3	13	12	3	12	9	3	9	8	3	8	2	3	4	14	17	15	13	16	15	10	13	11	9	12	11	6	9	7	2	8	4	15	14	4	19	15	19	10	15	19	11	10	19	6	11	19	7	6	19	18	7	18	58	7	58	22	7	22	57	7	57	56	7	56	55	7	55	54	7	54	2	7	4	20	19	21	58	18	4	21	20	4	59	21	59	58	21	93	22	58	93	23	22	4	60	59	92	23	93	92	24	23	4	61	60	91	24	92	91	25	24	4	62	61	90	25	91	90	26	25	4	63	62	89	26	90	89	27	26	53	2	54	4	64	63	88	27	89	88	28	27	52	2	53	4	65	64	87	28	88	87	29	28	51	2	52	4	66	65	86	29	87	86	30	29	50	2	51	4	67	66	85	30	86	85	31	30	49	2	50	4	68	67	84	31	85	84	32	31	48	2	49	4	69	68	83	32	84	83	33	32	47	2	48	4	70	69	82	33	83	82	34	33	46	2	47	4	71	70	81	34	82	81	35	34	45	2	46	4	72	71	80	35	81	80	36	35	44	2	45	4	73	72	79	36	80	79	37	36	43	2	44	4	74	73	78	37	79	78	38	37	42	2	43	4	75	74	77	38	78	77	39	38	41	2	42	4	76	75	76	39	77	76	40	39	40	2	41	4	40	76	4	2	40
5	94	4	95	94	5	7	99	96	8	99	7	11	103	100	12	103	11	15	107	104	16	107	15	110	18	109	21	18	110
1	99	0	99	95	0	99	98	95	98	103	95	103	102	95	102	107	95	107	106	95	106	94	95	1	96	99	97	103	98	97	100	103	101	107	102	101	104	107	105	94	106	1	97	96	1	100	97	1	117	100	117	116	100	116	115	100	115	114	100	114	113	100	113	101	100	113	104	101	113	105	104	113	109	105	109	108	105	108	94	105	113	149	109	149	110	109	111	94	108	149	111	110	149	148	111	148	94	111	113	150	149	112	150	113	112	151	150	183	94	148	147	151	112	147	152	151	182	94	183	146	152	147	146	153	152	181	94	182	145	153	146	145	154	153	180	94	181	1	118	117	144	154	145	144	155	154	179	94	180	1	119	118	143	155	144	143	156	155	178	94	179	1	120	119	142	156	143	142	157	156	177	94	178	1	121	120	141	157	142	141	158	157	176	94	177	1	122	121	140	158	141	140	159	158	175	94	176	1	123	122	139	159	140	139	160	159	174	94	175	1	124	123	138	160	139	138	161	160	173	94	174	1	125	124	137	161	138	137	162	161	172	94	173	1	126	125	136	162	137	136	163	162	171	94	172	1	127	126	135	163	136	135	164	163	170	94	171	1	128	127	134	164	135	134	165	164	169	94	170	1	129	128	133	165	134	133	166	165	168	94	169	1	130	129	132	166	133	132	167	166	167	94	168	1	131	130	131	167	132	131	94	167	1	94	131
0	5	3	95	5	0	6	96	97	7	96	6	10	100	101	11	100	10	14	104	105	15	104	14	111	21	110	20	21	111
2	94	1	4	94	2	8	98	99	9	98	8	12	102	103	13	102	12	16	106	107	17	106	16	109	19	108	18	19	109
113	23	112	22	23	113
112	24	147	23	24	112	148	60	183	59	60	148
147	25	146	24	25	147
146	26	145	25	26	146
145	27	144	26	27	145	181	63	180	62	63	181
144	28	143	27	28	144	180	64	179	63	64	180
143	29	142	28	29	143
142	30	141	29	30	142
141	31	140	30	31	141
140	32	139	31	32	140
139	33	138	32	33	139
138	34	137	33	34	138	174	70	173	69	70	174
137	35	136	34	35	137	173	71	172	70	71	173
136	36	135	35	36	136	172	72	171	71	72	172
135	37	134	36	37	135
134	38	133	37	38	134	170	74	169	73	74	170
133	39	132	38	39	133	169	75	168	74	75	169
132	40	131	39	40	132	168	76	167	75	76	168
131	41	130	40	41	131	167	77	166	76	77	167
130	42	129	41	42	130	166	78	165	77	78	166
129	43	128	42	43	129
128	44	127	43	44	128
127	45	126	44	45	127
126	46	125	45	46	126
125	47	124	46	47	125
124	48	123	47	48	124
123	49	122	48	49	123
122	50	121	49	50	122
121	51	120	50	51	121
120	52	119	51	52	120
119	53	118	52	53	119
118	54	117	53	54	118
117	55	116	54	55	117
116	56	115	55	56	116
115	57	114	56	57	115	151	93	150	92	93	151
114	22	113	57	22	114
149	59	148	58	59	149
183	61	182	60	61	183
182	62	181	61	62	182
179	65	178	64	65	179
178	66	177	65	66	178
177	67	176	66	67	177
176	68	175	67	68	176
175	69	174	68	69	175
171	73	170	72	73	171
165	79	164	78	79	165
164	80	163	79	80	164
163	81	162	80	81	163
162	82	161	81	82	162
161	83	160	82	83	161
160	84	159	83	84	160
159	85	158	84	85	159
158	86	157	85	86	158
157	87	156	86	87	157
156	88	155	87	88	156
155	89	154	88	89	155
154	90	153	89	90	154
153	91	152	90	91	153
152	92	151	91	92	152
150	58	149	93	58	150

#	Normal	66
-0	1	0
-1	0	0
-0	-1	-0
1	0	0
0	-0	1
0	0	-1
0	0.0871486	-0.996195
0	0.258818	-0.965926
0	0.42262	-0.906307
0	0.57358	-0.819149
0	0.707107	-0.707107
0	0.819151	-0.573578
0	0.906305	-0.422625
0	0.965926	-0.258818
0	0.996195	-0.0871475
-0	0.996195	0.0871497
-0	0.965926	0.258818
-0	0.906309	0.422616
-0	0.819151	0.573578
-0	0.707113	0.707101
-0	0.573563	0.819161
-0	0.42262	0.906307
-0	0.258829	0.965923
-0	0.0871486	0.996195
0	-0.0871486	0.996195
0	-0.258829	0.965923
0	-0.422623	0.906306
0	-0.573566	0.819159
0	-0.707113	0.707101
0	-0.819151	0.573578
0	-0.906309	0.422616
0	-0.965926	0.258818
0	-0.996195	0.0871558
0	-0.996195	-0.0871537
0	-0.965926	-0.258818
0	-0.906305	-0.422625
0	-0.819151	-0.573578
0	-0.707107	-0.707107
0	-0.573583	-0.819147
0	-0.422623	-0.906306
0	-0.258818	-0.965926
0	-0.0871486	-0.996195
0	0.0871609	-0.996194
0	0.42261	-0.906312
0	0.573586	-0.819145
0	0.906309	-0.422616
0	0.965924	-0.258824
0	0.996194	-0.0871598
-0	0.996194	0.0871598
-0	0.965924	0.258824
-0	0.573569	0.819157
0	-0.42262	0.906307
0	-0.573563	0.819161
0	-0.707119	0.707094
0	-0.819145	0.573586
0	-0.906314	0.422605
0	-0.965921	0.258836
0	-0.996195	0.0871475
0	-0.996195	-0.0871475
0	-0.965921	-0.258836
0	-0.906314	-0.422605
0	-0.819145	-0.573586
0	-0.707113	-0.707101
0	-0.57358	-0.819149
0	-0.42261	-0.906312
0	-0.0871609	-0.996194

#	Mesh	0	End

