#	Mesh	0	Begin

#	Vertex	16
-102782	24514.5	0
-102782	24514.5	3600
-102882	24514.5	3600
-102882	24514.5	0
-102882	19714.5	0
-102882	21114.5	2400
-102882	22914.5	2400
-102882	22914.5	-5.00222e-012
-102882	19714.5	3600
-102782	19714.5	3600
-102782	19714.5	0
-102782	22914.5	2400
-102782	21114.5	2400
-102782	21114.5	-5.00222e-012
-102882	21114.5	-5.00222e-012
-102782	22914.5	-5.00222e-012

#	Triangle	6
0	2	1	3	2	0	14	12	13	5	12	14
8	14	4	8	5	14	6	3	7	6	2	3	8	6	5	8	2	6
4	9	8	10	9	4	6	15	11	7	15	6
1	15	0	1	11	15	12	10	13	12	9	10	1	12	11	1	9	12
13	4	14	10	4	13	7	0	15	3	0	7	5	11	12	6	11	5
2	9	1	8	9	2

#	Normal	6
-0	-1	-0
1	-0	0
-0	1	0
-1	-0	0
-0	3.57301e-015	1
-0	-0	-1

#	Mesh	0	End

