#	Mesh	0	Begin

#	Vertex	24
-14966.5	49370.4	0
-15108.6	49225.8	0
-15260.2	49091.3	0
-15420.8	48967.5	0
-15589.5	48855.1	0
-15765.5	48754.5	0
-15718.9	48666	0
-15537	48770	0
-15362.6	48886.2	0
-15196.7	49014.1	0
-15039.9	49153.1	0
-14893	49302.5	0
-14966.5	49370.4	3600
-15108.6	49225.8	3600
-15260.2	49091.3	3600
-15420.8	48967.5	3600
-15589.5	48855.1	3600
-15765.5	48754.5	3600
-15718.9	48666	3600
-15537	48770	3600
-15362.6	48886.2	3600
-15196.7	49014.1	3600
-15039.9	49153.1	3600
-14893	49302.5	3600

#	Triangle	14
11	12	23	0	12	11
0	13	12	1	13	0
1	14	13	2	14	1
2	15	14	3	15	2
3	16	15	4	16	3
4	17	16	5	17	4
5	18	17	6	18	5
6	19	18	7	19	6
7	20	19	8	20	7
8	21	20	9	21	8
9	22	21	10	22	9
10	23	22	11	23	10
4	6	5	4	7	6	3	7	4	3	8	7	2	8	3	2	9	8	1	9	2	1	10	9	0	10	1	0	11	10
18	16	17	19	16	18	19	15	16	20	15	19	20	14	15	21	14	20	21	13	14	22	13	21	22	12	13	23	12	22

#	Normal	14
-0.678554	-0.73455	-0
0.713253	-0.700907	0
0.663428	-0.74824	0
0.610487	-0.792026	0
0.554633	-0.832095	0
0.496174	-0.868223	0
0.884758	0.466051	0
-0.496171	0.868225	0
-0.554603	0.832115	0
-0.610433	0.792068	0
-0.663379	0.748284	0
-0.713179	0.700982	0
-0	0	1
0	0	-1

#	Mesh	0	End

