#	Mesh	0	Begin

#	Vertex	16
90318.3	12714.1	0
90318.3	12714.1	3600
90418.3	12714.1	3600
90418.3	12714.1	0
90418.3	17164.5	0
90418.3	14614.5	2400
90418.3	12814.5	2400
90418.3	12814.5	-5.00222e-012
90418.3	17164.5	3600
90318.3	17164.5	3600
90318.3	17164.5	0
90318.3	12814.5	2400
90318.3	14614.5	2400
90318.3	14614.5	-5.00222e-012
90418.3	14614.5	-5.00222e-012
90318.3	12814.5	-5.00222e-012

#	Triangle	6
0	2	1	3	2	0	12	14	5	13	14	12
8	14	4	8	5	14	6	3	7	6	2	3	8	6	5	8	2	6
4	9	8	10	9	4	15	6	7	11	6	15
1	15	0	1	11	15	12	10	13	12	9	10	1	12	11	1	9	12
13	4	14	10	4	13	7	0	15	3	0	7	11	5	6	12	5	11
2	9	1	8	9	2

#	Normal	6
-0	1	0
-1	-0	0
-0	-1	-0
1	-0	0
0	-1.96166e-015	1
0	0	-1

#	Mesh	0	End

