#	Mesh	0	Begin

#	Vertex	76
90416.7	31981.6	0
90405.6	32497.7	0
90348.6	33010.8	0
90246.2	33516.8	0
90099.2	34011.7	0
89908.8	34491.5	0
89676.5	34952.5	0
89404.1	35391.1	0
89093.8	35803.6	0
88748	36187	0
88369.6	36538.1	0
87961.4	36854.1	0
87526.7	37132.6	0
87069	37371.3	0
86591.8	37568.4	0
86099.1	37722.3	0
85594.6	37831.8	0
85082.3	37895.9	0
84566.4	37914.3	0
84566.9	37814.3	0
85073.9	37796.3	0
85577.3	37733.3	0
86073.2	37625.7	0
86557.5	37474.5	0
87026.4	37280.8	0
87476.3	37046.2	0
87903.5	36772.6	0
88304.7	36462	0
88676.7	36116.9	0
89016.5	35740.2	0
89321.5	35334.7	0
89589.2	34903.7	0
89817.5	34450.7	0
90004.7	33979.1	0
90149.1	33492.7	0
90249.8	32995.4	0
90305.8	32491.2	0
90316.8	31983.9	0
90416.7	31981.6	3600
90405.6	32497.7	3600
90348.6	33010.8	3600
90246.2	33516.8	3600
90099.2	34011.7	3600
89908.8	34491.5	3600
89676.5	34952.5	3600
89404.1	35391.1	3600
89093.8	35803.6	3600
88748	36187	3600
88369.6	36538.1	3600
87961.4	36854.1	3600
87526.7	37132.6	3600
87069	37371.3	3600
86591.8	37568.4	3600
86099.1	37722.3	3600
85594.6	37831.8	3600
85082.3	37895.9	3600
84566.4	37914.3	3600
84566.9	37814.3	3600
85073.9	37796.3	3600
85577.3	37733.3	3600
86073.2	37625.7	3600
86557.5	37474.5	3600
87026.4	37280.8	3600
87476.3	37046.2	3600
87903.5	36772.6	3600
88304.7	36462	3600
88676.7	36116.9	3600
89016.5	35740.2	3600
89321.5	35334.7	3600
89589.2	34903.7	3600
89817.5	34450.7	3600
90004.7	33979.1	3600
90149.1	33492.7	3600
90249.8	32995.4	3600
90305.8	32491.2	3600
90316.8	31983.9	3600

#	Triangle	40
37	38	75	0	38	37
0	39	38	1	39	0
1	40	39	2	40	1
2	41	40	3	41	2
3	42	41	4	42	3
4	43	42	5	43	4
5	44	43	6	44	5
6	45	44	7	45	6
7	46	45	8	46	7
8	47	46	9	47	8
9	48	47	10	48	9
10	49	48	11	49	10
11	50	49	12	50	11
12	51	50	13	51	12
13	52	51	14	52	13
14	53	52	15	53	14
15	54	53	16	54	15
16	55	54	17	55	16
17	56	55	18	56	17
18	57	56	19	57	18
19	58	57	20	58	19
20	59	58	21	59	20
21	60	59	22	60	21
22	61	60	23	61	22
23	62	61	24	62	23
24	63	62	25	63	24
25	64	63	26	64	25
26	65	64	27	65	26
27	66	65	28	66	27
28	67	66	29	67	28
29	68	67	30	68	29
30	69	68	31	69	30
31	70	69	32	70	31
32	71	70	33	71	32
33	72	71	34	72	33
34	73	72	35	73	34
35	74	73	36	74	35
36	75	74	37	75	36
17	19	18	17	20	19	17	21	20	16	21	17	16	22	21	15	22	16	15	23	22	14	23	15	14	24	23	13	24	14	13	25	24	12	25	13	12	26	25	11	26	12	11	27	26	10	27	11	10	28	27	9	28	10	9	29	28	8	29	9	8	30	29	7	30	8	7	31	30	6	31	7	6	32	31	5	32	6	5	33	32	4	33	5	4	34	33	3	34	4	3	35	34	2	35	3	2	36	35	2	37	36	2	0	37	1	0	2
57	55	56	58	55	57	59	55	58	59	54	55	60	54	59	60	53	54	61	53	60	61	52	53	62	52	61	62	51	52	63	51	62	63	50	51	64	50	63	64	49	50	65	49	64	65	48	49	66	48	65	66	47	48	67	47	66	67	46	47	68	46	67	68	45	46	69	45	68	69	44	45	70	44	69	70	43	44	71	43	70	71	42	43	72	42	71	72	41	42	73	41	72	73	40	41	74	40	73	75	40	74	38	40	75	38	39	40

#	Normal	40
0.0229113	0.999738	0
-0.999767	-0.0215955	-0
-0.993886	-0.110414	-0
-0.980131	-0.198354	-0
-0.958615	-0.284706	-0
-0.929496	-0.368832	-0
-0.893018	-0.45002	-0
-0.849465	-0.527644	-0
-0.799194	-0.601073	-0
-0.742565	-0.669774	-0
-0.68008	-0.733138	-0
-0.612194	-0.790708	-0
-0.539457	-0.842013	-0
-0.462451	-0.886645	-0
-0.381782	-0.924252	-0
-0.298083	-0.95454	-0
-0.212028	-0.977263	-0
-0.12429	-0.992246	-0
-0.0355636	-0.999367	-0
0.99999	0.0045312	0
0.0354933	0.99937	0
0.124217	0.992255	0
0.211964	0.977277	0
0.298022	0.954559	0
0.381722	0.924277	0
0.462405	0.886669	0
0.539415	0.84204	0
0.61216	0.790734	0
0.680046	0.73317	0
0.742549	0.669792	0
0.799164	0.601113	0
0.849454	0.527663	0
0.893008	0.450042	0
0.929495	0.368835	0
0.958604	0.284743	0
0.980129	0.19836	0
0.993885	0.11042	0
0.999767	0.0216037	0
0	0	1
0	0	-1

#	Mesh	0	End

