#	Mesh	0	Begin

#	Vertex	76
15200.8	37914.5	0
15047.9	37912.5	0
14895.2	37902.8	0
14743.3	37885.4	0
14592.4	37860.5	0
14442.9	37828	0
14295.2	37788.1	0
14149.8	37740.8	0
14006.8	37686.3	0
13866.8	37624.7	0
13730.1	37556.1	0
13597	37480.8	0
13467.8	37398.9	0
13342.9	37310.6	0
13222.5	37216.2	0
13107.1	37115.9	0
12996.8	37009.8	0
12892	36898.4	0
12792.9	36781.9	0
12868.1	36715.9	0
12964	36829	0
13065.4	36937	0
13172.2	37039.9	0
13283.9	37137.2	0
13400.4	37228.8	0
13521.4	37314.4	0
13646.5	37393.9	0
13775.4	37467	0
13907.8	37533.5	0
14043.5	37593.2	0
14181.9	37646.1	0
14322.8	37692	0
14465.9	37730.7	0
14610.7	37762.2	0
14756.9	37786.4	0
14904.2	37803.2	0
15052.1	37812.6	0
15200.3	37814.5	0
15200.8	37914.5	3600
15047.9	37912.5	3600
14895.2	37902.8	3600
14743.3	37885.4	3600
14592.4	37860.5	3600
14442.9	37828	3600
14295.2	37788.1	3600
14149.8	37740.8	3600
14006.8	37686.3	3600
13866.8	37624.7	3600
13730.1	37556.1	3600
13597	37480.8	3600
13467.8	37398.9	3600
13342.9	37310.6	3600
13222.5	37216.2	3600
13107.1	37115.9	3600
12996.8	37009.8	3600
12892	36898.4	3600
12792.9	36781.9	3600
12868.1	36715.9	3600
12964	36829	3600
13065.4	36937	3600
13172.2	37039.9	3600
13283.9	37137.2	3600
13400.4	37228.8	3600
13521.4	37314.4	3600
13646.5	37393.9	3600
13775.4	37467	3600
13907.8	37533.5	3600
14043.5	37593.2	3600
14181.9	37646.1	3600
14322.8	37692	3600
14465.9	37730.7	3600
14610.7	37762.2	3600
14756.9	37786.4	3600
14904.2	37803.2	3600
15052.1	37812.6	3600
15200.3	37814.5	3600

#	Triangle	40
37	38	75	0	38	37
0	39	38	1	39	0
1	40	39	2	40	1
2	41	40	3	41	2
3	42	41	4	42	3
4	43	42	5	43	4
5	44	43	6	44	5
6	45	44	7	45	6
7	46	45	8	46	7
8	47	46	9	47	8
9	48	47	10	48	9
10	49	48	11	49	10
11	50	49	12	50	11
12	51	50	13	51	12
13	52	51	14	52	13
14	53	52	15	53	14
15	54	53	16	54	15
16	55	54	17	55	16
17	56	55	18	56	17
18	57	56	19	57	18
19	58	57	20	58	19
20	59	58	21	59	20
21	60	59	22	60	21
22	61	60	23	61	22
23	62	61	24	62	23
24	63	62	25	63	24
25	64	63	26	64	25
26	65	64	27	65	26
27	66	65	28	66	27
28	67	66	29	67	28
29	68	67	30	68	29
30	69	68	31	69	30
31	70	69	32	70	31
32	71	70	33	71	32
33	72	71	34	72	33
34	73	72	35	73	34
35	74	73	36	74	35
36	75	74	37	75	36
17	19	18	17	20	19	16	20	17	16	21	20	15	21	16	15	22	21	14	22	15	14	23	22	13	23	14	13	24	23	12	24	13	12	25	24	11	25	12	11	26	25	10	26	11	10	27	26	9	27	10	9	28	27	8	28	9	8	29	28	7	29	8	7	30	29	6	30	7	6	31	30	5	31	6	5	32	31	4	32	5	4	33	32	3	33	4	3	34	33	2	34	3	2	35	34	1	35	2	1	36	35	0	36	1	0	37	36
57	55	56	58	55	57	58	54	55	59	54	58	59	53	54	60	53	59	60	52	53	61	52	60	61	51	52	62	51	61	62	50	51	63	50	62	63	49	50	64	49	63	64	48	49	65	48	64	65	47	48	66	47	65	66	46	47	67	46	66	67	45	46	68	45	67	68	44	45	69	44	68	69	43	44	70	43	69	70	42	43	71	42	70	71	41	42	72	41	71	72	40	41	73	40	72	73	39	40	74	39	73	74	38	39	75	38	74

#	Normal	40
-0.999982	0.00592763	0
0.0133305	-0.999911	0
0.0634351	-0.997986	0
0.113387	-0.993551	0
0.163057	-0.986617	0
0.212319	-0.9772	0
0.261045	-0.965327	0
0.309129	-0.95102	0
0.356403	-0.934332	0
0.402802	-0.915287	0
0.448163	-0.893952	0
0.492438	-0.870347	0
0.535466	-0.844557	0
0.577105	-0.81667	0
0.617343	-0.786694	0
0.656004	-0.754757	0
0.693016	-0.720922	0
0.728298	-0.685261	0
0.761732	-0.647892	0
0.65929	0.751888	0
-0.762593	0.646878	0
-0.729133	0.684372	0
-0.693842	0.720127	0
-0.656806	0.754059	0
-0.618093	0.786105	0
-0.577842	0.816149	0
-0.536137	0.844131	0
-0.49305	0.870001	0
-0.448739	0.893663	0
-0.403297	0.915069	0
-0.35683	0.934169	0
-0.309441	0.950919	0
-0.261311	0.965255	0
-0.212522	0.977156	0
-0.163154	0.986601	0
-0.113417	0.993547	0
-0.0633641	0.99799	0
-0.0131788	0.999913	0
-0	0	1
0	0	-1

#	Mesh	0	End

