#	Mesh	0	Begin

#	Vertex	84
11960.8	35831.9	0
11960.8	35831.9	3600
11893.8	35906.2	3600
11893.8	35906.2	0
11490.8	35554.1	3600
11490.8	35554.1	0
11076.6	35215.1	3600
11076.6	35215.1	0
10651.8	34889.6	3600
10651.8	34889.6	0
10216.8	34578	3600
10216.8	34578	0
9771.91	34280.5	3600
9771.91	34280.5	0
9317.72	33997.4	3600
9566.17	34152.3	2400
9566.17	34152.3	-5.00222e-012
8854.66	33729.2	3600
8383.21	33475.9	3600
7903.86	33238	0
7990.97	33281.2	0
7990.97	33281.2	2400
7903.86	33238	3600
7417.1	33015.6	3600
7417.1	33015.6	0
6923.44	32808.9	3600
6923.44	32808.9	0
6423.39	32618.3	3600
6423.39	32618.3	0
5917.47	32443.8	3600
5917.47	32443.8	0
5406.2	32285.7	3600
5406.2	32285.7	0
4890.11	32144.1	3600
4890.11	32144.1	0
4369.73	32019.2	3600
4369.73	32019.2	0
3845.6	31911.1	3600
3845.6	31911.1	0
3318.27	31819.8	3600
3318.27	31819.8	0
3318.27	31718.6	3600
3318.27	31718.6	0
3849.71	31810.1	3600
3849.71	31810.1	0
4377.93	31918.5	3600
4377.93	31918.5	0
4902.38	32044	3600
4902.38	32044	0
5422.52	32186.3	3600
5422.52	32186.3	0
5937.81	32345.2	3600
5937.81	32345.2	0
6447.71	32520.7	3600
6447.71	32520.7	0
6951.69	32712.5	3600
6951.69	32712.5	0
7449.23	32920.5	3600
7449.23	32920.5	0
7939.81	33144.3	3600
7939.81	33144.3	0
8422.93	33383.9	3600
8039.32	33193.7	2400
8039.32	33193.7	-5.00222e-012
8898.08	33638.9	3600
9364.77	33909.1	3600
9822.51	34194.1	0
9614.58	34064.6	0
9614.58	34064.6	2400
9822.51	34194.1	3600
10270.8	34493.8	3600
10270.8	34493.8	0
10709.3	34807.7	3600
10709.3	34807.7	0
11137.4	35135.6	3600
11137.4	35135.6	0
11554.7	35477.1	3600
11554.7	35477.1	0
9364.77	33909.1	2400
8898.08	33638.9	2400
8422.93	33383.9	2400
8383.21	33475.9	2400
8854.66	33729.2	2400
9317.72	33997.4	2400

#	Triangle	47
0	2	1	3	2	0
3	4	2	5	4	3
5	6	4	7	6	5
7	8	6	9	8	7
9	10	8	11	10	9
11	12	10	13	12	11
15	13	16	15	12	13
14	15	83	14	12	15
82	14	83	17	14	82
81	17	82	18	17	81
22	20	19	22	21	20
22	81	21
22	18	81
19	23	22	24	23	19
24	25	23	26	25	24
26	27	25	28	27	26
28	29	27	30	29	28
30	31	29	32	31	30
32	33	31	34	33	32
34	35	33	36	35	34
36	37	35	38	37	36
38	39	37	40	39	38
40	41	39	42	41	40
42	43	41	44	43	42
44	45	43	46	45	44
46	47	45	48	47	46
48	49	47	50	49	48
50	51	49	52	51	50
52	53	51	54	53	52
54	55	53	56	55	54
56	57	55	58	57	56
58	59	57	60	59	58
62	60	63	62	59	60
61	62	80
61	59	62
79	61	80	64	61	79
78	64	79	65	64	78
69	67	66	69	68	67	69	78	68	69	65	78
66	70	69	71	70	66
71	72	70	73	72	71
73	74	72	75	74	73
75	76	74	77	76	75
77	1	76	0	1	77
13	67	16	13	66	67	11	66	13	11	71	66	9	71	11	9	73	71	7	73	9	7	75	73	5	75	7	5	77	75	3	77	5	3	0	77	38	42	40	38	44	42	36	44	38	36	46	44	34	46	36	34	48	46	32	48	34	32	50	48	30	50	32	30	52	50	28	52	30	28	54	52	26	54	28	26	56	54	24	56	26	24	58	56	19	58	24	19	60	58	20	60	19	20	63	60	81	62	21	81	80	62	82	80	81	82	79	80	83	79	82	83	78	79	15	78	83	15	68	78
43	39	41	43	37	39	43	35	37	45	35	43	45	33	35	47	33	45	47	31	33	49	31	47	49	29	31	51	29	49	51	27	29	53	27	51	53	25	27	55	25	53	55	23	25	57	23	55	57	22	23	59	22	57	59	18	22	61	18	59	61	17	18	64	17	61	64	14	17	65	14	64	65	12	14	69	12	65	69	10	12	70	10	69	70	8	10	72	8	70	72	6	8	74	6	72	74	4	6	76	4	74	76	2	4	1	2	76
16	68	15	67	68	16
21	63	20	62	63	21

#	Normal	47
-0.742376	-0.669984	-0
0.657962	-0.753051	0
0.633401	-0.773824	0
0.608183	-0.793796	0
0.582338	-0.812947	0
0.555891	-0.831255	0
0.528871	-0.848702	0
0.52887	-0.848703	0
0.5013	-0.865273	0
0.473213	-0.880948	0
0.444619	-0.89572	0
0.444633	-0.895713	1.28573e-006
0.444631	-0.895714	0
0.4156	-0.909547	0
0.386127	-0.922446	0
0.356259	-0.934387	0
0.326022	-0.945362	0
0.295453	-0.955357	0
0.26457	-0.964366	0
0.233421	-0.972376	0
0.202023	-0.979381	0
0.170421	-0.985371	0
1	0	0
-0.169525	0.985526	0
-0.201185	0.979553	0
-0.232634	0.972564	0
-0.263847	0.964564	0
-0.294779	0.955565	0
-0.32541	0.945573	0
-0.355704	0.934599	0
-0.385622	0.922657	0
-0.415147	0.909754	0
-0.444245	0.895905	0
-0.444237	0.89591	0
-0.444238	0.895909	6.67601e-007
-0.472873	0.881131	0
-0.501008	0.865442	0
-0.528624	0.848856	0
-0.555699	0.831383	0
-0.582191	0.813052	0
-0.608081	0.793875	0
-0.63334	0.773873	0
-0.65794	0.75307	0
-4.45465e-014	3.24689e-014	1
0	0	-1
0.875347	0.483495	0
-0.875344	-0.4835	0

#	Mesh	0	End

