#	Mesh	0	Begin

#	Vertex	76
-5281.73	31819.9	0
-5767.58	31903.3	0
-6250.74	32001	0
-6730.8	32113.1	0
-7207.32	32239.3	0
-7679.9	32379.6	0
-8148.11	32533.8	0
-8611.55	32701.8	0
-9069.82	32883.5	0
-9522.49	33078.6	0
-9969.19	33287.1	0
-10409.5	33508.7	0
-10843.1	33743.3	0
-11269.5	33990.6	0
-11688.4	34250.4	0
-12099.5	34522.6	0
-12502.3	34806.8	0
-12896.5	35102.8	0
-13281.7	35410.3	0
-13281.7	35281.1	0
-12895.6	34975.8	0
-12500.6	34682.1	0
-12097.2	34400.1	0
-11685.6	34130	0
-11266.3	33872.2	0
-10839.6	33626.8	0
-10405.9	33394.1	0
-9965.48	33174.3	0
-9518.81	32967.4	0
-9066.26	32773.8	0
-8608.21	32593.6	0
-8145.06	32427	0
-7677.21	32274	0
-7205.06	32134.8	0
-6729.03	32009.6	0
-6249.52	31898.4	0
-5766.95	31801.4	0
-5281.73	31718.6	0
-5281.73	31819.9	3600
-5767.58	31903.3	3600
-6250.74	32001	3600
-6730.8	32113.1	3600
-7207.32	32239.3	3600
-7679.9	32379.6	3600
-8148.11	32533.8	3600
-8611.55	32701.8	3600
-9069.82	32883.5	3600
-9522.49	33078.6	3600
-9969.19	33287.1	3600
-10409.5	33508.7	3600
-10843.1	33743.3	3600
-11269.5	33990.6	3600
-11688.4	34250.4	3600
-12099.5	34522.6	3600
-12502.3	34806.8	3600
-12896.5	35102.8	3600
-13281.7	35410.3	3600
-13281.7	35281.1	3600
-12895.6	34975.8	3600
-12500.6	34682.1	3600
-12097.2	34400.1	3600
-11685.6	34130	3600
-11266.3	33872.2	3600
-10839.6	33626.8	3600
-10405.9	33394.1	3600
-9965.48	33174.3	3600
-9518.81	32967.4	3600
-9066.26	32773.8	3600
-8608.21	32593.6	3600
-8145.06	32427	3600
-7677.21	32274	3600
-7205.06	32134.8	3600
-6729.03	32009.6	3600
-6249.52	31898.4	3600
-5766.95	31801.4	3600
-5281.73	31718.6	3600

#	Triangle	40
37	38	75	0	38	37
0	39	38	1	39	0
1	40	39	2	40	1
2	41	40	3	41	2
3	42	41	4	42	3
4	43	42	5	43	4
5	44	43	6	44	5
6	45	44	7	45	6
7	46	45	8	46	7
8	47	46	9	47	8
9	48	47	10	48	9
10	49	48	11	49	10
11	50	49	12	50	11
12	51	50	13	51	12
13	52	51	14	52	13
14	53	52	15	53	14
15	54	53	16	54	15
16	55	54	17	55	16
17	56	55	18	56	17
18	57	56	19	57	18
19	58	57	20	58	19
20	59	58	21	59	20
21	60	59	22	60	21
22	61	60	23	61	22
23	62	61	24	62	23
24	63	62	25	63	24
25	64	63	26	64	25
26	65	64	27	65	26
27	66	65	28	66	27
28	67	66	29	67	28
29	68	67	30	68	29
30	69	68	31	69	30
31	70	69	32	70	31
32	71	70	33	71	32
33	72	71	34	72	33
34	73	72	35	73	34
35	74	73	36	74	35
36	75	74	37	75	36
17	19	18	17	20	19	16	20	17	16	21	20	15	21	16	15	22	21	14	22	15	14	23	22	13	23	14	13	24	23	12	24	13	12	25	24	11	25	12	11	26	25	10	26	11	10	27	26	9	27	10	9	28	27	8	28	9	8	29	28	7	29	8	7	30	29	6	30	7	6	31	30	5	31	6	5	32	31	4	32	5	4	33	32	3	33	4	3	34	33	2	34	3	2	35	34	1	35	2	1	36	35	0	36	1	0	37	36
58	56	57	58	55	56	58	54	55	59	54	58	59	53	54	60	53	59	60	52	53	61	52	60	61	51	52	62	51	61	62	50	51	63	50	62	63	49	50	64	49	63	64	48	49	65	48	64	65	47	48	66	47	65	66	46	47	67	46	66	67	45	46	68	45	67	68	44	45	69	44	68	69	43	44	70	43	69	70	42	43	71	42	70	71	41	42	72	41	71	72	40	41	73	40	72	73	39	40	74	39	73	74	38	39	75	38	74

#	Normal	40
-1	0	0
-0.169224	-0.985578	-0
-0.198337	-0.980134	-0
-0.227288	-0.973828	-0
-0.256033	-0.966668	-0
-0.284556	-0.958659	-0
-0.312825	-0.949811	-0
-0.340825	-0.940127	-0
-0.368524	-0.929618	-0
-0.395898	-0.918295	-0
-0.422927	-0.906164	-0
-0.449584	-0.893238	-0
-0.475844	-0.87953	-0
-0.501686	-0.86505	-0
-0.527096	-0.849806	-0
-0.552035	-0.833821	-0
-0.57649	-0.817104	-0
-0.600443	-0.799668	-0
-0.623867	-0.781531	-0
1	0	0
0.620115	0.784511	0
0.596773	0.80241	0
0.57293	0.819604	0
0.548584	0.836095	0
0.523761	0.851865	0
0.498492	0.866894	0
0.472788	0.881176	0
0.446679	0.894694	0
0.42018	0.907441	0
0.393312	0.919405	0
0.366118	0.930569	0
0.338596	0.940932	0
0.310785	0.95048	0
0.282708	0.959206	0
0.254385	0.967103	0
0.225839	0.974165	0
0.197099	0.980384	0
0.168189	0.985755	0
0	0	1
0	0	-1

#	Mesh	0	End

