#	Mesh	0	Begin

#	Vertex	28
-86580.5	48314.5	0
-86580.5	48314.5	3600
-86580.5	48414.5	3600
-86580.5	48414.5	0
-87885.1	48362.3	3600
-87885.1	48362.3	0
-89181.4	48205.9	3600
-89181.4	48205.9	0
-90460.9	47946.2	3600
-90460.9	47946.2	0
-91715.6	47584.9	3600
-91715.6	47584.9	0
-92937.4	47124.4	3600
-92936.5	47124.7	2400
-92936.5	47124.7	0
-92898.4	47032.3	3600
-91684.1	47490	0
-92892.4	47034.6	0
-92892.4	47034.6	2400
-91684.1	47490	3600
-90437.1	47849.1	3600
-90437.1	47849.1	0
-89165.4	48107.2	3600
-89165.4	48107.2	0
-87877.1	48262.6	3600
-87877.1	48262.6	0
-92898.4	47032.3	2400
-92937.4	47124.4	2400

#	Triangle	19
0	2	1	3	2	0
3	4	2	5	4	3
5	6	4	7	6	5
7	8	6	9	8	7
9	10	8	11	10	9
13	11	14	13	10	11
12	13	27
12	10	13
26	12	27	15	12	26
19	17	16	19	18	17
19	26	18
19	15	26
16	20	19	21	20	16
21	22	20	23	22	21
23	24	22	25	24	23
25	1	24	0	1	25
11	17	14	11	16	17	9	16	11	9	21	16	7	21	9	7	23	21	5	23	7	5	25	23	3	25	5	3	0	25	13	26	27	18	26	13
15	10	12	19	10	15	19	8	10	20	8	19	20	6	8	22	6	20	22	4	6	24	4	22	24	2	4	1	2	24
14	18	13	17	18	14

#	Normal	19
-1	7.8125e-005	0
0.0399794	-0.999201	0
0.119821	-0.992795	0
0.198898	-0.98002	0
0.276696	-0.960958	0
0.352723	-0.935728	0
0.3521	-0.935962	0
0.352722	-0.935728	4.85541e-007
0.92085	0.389918	-0
-0.352724	0.935728	0
-0.352856	0.935678	0.000152624
-0.352724	0.935727	0
-0.276697	0.960957	0
-0.198897	0.98002	0
-0.119821	0.992796	0
-0.0399792	0.999201	0
-0	0	1
0	0	-1
0.897925	0.440148	0

#	Mesh	0	End

