#	Mesh	0	Begin

#	Vertex	76
-4931.73	56967.7	0
-4939.48	56754	0
-4962.69	56541.4	0
-5001.23	56331.1	0
-5054.91	56124.2	0
-5123.44	55921.6	0
-5206.46	55724.6	0
-5303.53	55534	0
-5414.15	55351.1	0
-5537.73	55176.6	0
-5673.63	55011.5	0
-5821.13	54856.7	0
-5979.46	54713	0
-6147.78	54581.1	0
-6325.21	54461.8	0
-6510.81	54355.6	0
-6703.62	54263.2	0
-6902.62	54184.9	0
-7106.76	54121.3	0
-7080.49	54024.8	0
-6869.43	54090.6	0
-6663.69	54171.5	0
-6464.34	54267	0
-6272.44	54376.8	0
-6089	54500.2	0
-5914.97	54636.5	0
-5751.28	54785.1	0
-5598.78	54945.2	0
-5458.28	55115.8	0
-5330.5	55296.3	0
-5216.13	55485.4	0
-5115.77	55682.4	0
-5029.94	55886.1	0
-4959.08	56095.6	0
-4903.59	56309.6	0
-4863.74	56527	0
-4839.75	56746.8	0
-4831.73	56967.7	0
-4931.73	56967.7	3600
-4939.48	56754	3600
-4962.69	56541.4	3600
-5001.23	56331.1	3600
-5054.91	56124.2	3600
-5123.44	55921.6	3600
-5206.46	55724.6	3600
-5303.53	55534	3600
-5414.15	55351.1	3600
-5537.73	55176.6	3600
-5673.63	55011.5	3600
-5821.13	54856.7	3600
-5979.46	54713	3600
-6147.78	54581.1	3600
-6325.21	54461.8	3600
-6510.81	54355.6	3600
-6703.62	54263.2	3600
-6902.62	54184.9	3600
-7106.76	54121.3	3600
-7080.49	54024.8	3600
-6869.43	54090.6	3600
-6663.69	54171.5	3600
-6464.34	54267	3600
-6272.44	54376.8	3600
-6089	54500.2	3600
-5914.97	54636.5	3600
-5751.28	54785.1	3600
-5598.78	54945.2	3600
-5458.28	55115.8	3600
-5330.5	55296.3	3600
-5216.13	55485.4	3600
-5115.77	55682.4	3600
-5029.94	55886.1	3600
-4959.08	56095.6	3600
-4903.59	56309.6	3600
-4863.74	56527	3600
-4839.75	56746.8	3600
-4831.73	56967.7	3600

#	Triangle	40
37	38	75	0	38	37
0	39	38	1	39	0
1	40	39	2	40	1
2	41	40	3	41	2
3	42	41	4	42	3
4	43	42	5	43	4
5	44	43	6	44	5
6	45	44	7	45	6
7	46	45	8	46	7
8	47	46	9	47	8
9	48	47	10	48	9
10	49	48	11	49	10
11	50	49	12	50	11
12	51	50	13	51	12
13	52	51	14	52	13
14	53	52	15	53	14
15	54	53	16	54	15
16	55	54	17	55	16
17	56	55	18	56	17
18	57	56	19	57	18
19	58	57	20	58	19
20	59	58	21	59	20
21	60	59	22	60	21
22	61	60	23	61	22
23	62	61	24	62	23
24	63	62	25	63	24
25	64	63	26	64	25
26	65	64	27	65	26
27	66	65	28	66	27
28	67	66	29	67	28
29	68	67	30	68	29
30	69	68	31	69	30
31	70	69	32	70	31
32	71	70	33	71	32
33	72	71	34	72	33
34	73	72	35	73	34
35	74	73	36	74	35
36	75	74	37	75	36
17	19	18	17	20	19	16	20	17	16	21	20	15	21	16	15	22	21	14	22	15	14	23	22	13	23	14	13	24	23	12	24	13	12	25	24	11	25	12	11	26	25	10	26	11	10	27	26	9	27	10	9	28	27	8	28	9	8	29	28	7	29	8	7	30	29	6	30	7	6	31	30	5	31	6	4	31	5	4	32	31	3	32	4	3	33	32	2	33	3	1	33	2	1	34	33	0	34	1	37	34	0	37	35	34	37	36	35
57	55	56	58	55	57	58	54	55	59	54	58	59	53	54	60	53	59	60	52	53	61	52	60	61	51	52	62	51	61	62	50	51	63	50	62	63	49	50	64	49	63	64	48	49	65	48	64	65	47	48	66	47	65	66	46	47	67	46	66	67	45	46	68	45	67	68	44	45	69	44	68	69	43	44	69	42	43	70	42	69	70	41	42	71	41	70	71	40	41	71	39	40	72	39	71	72	38	39	72	75	38	73	75	72	74	75	73

#	Normal	40
-0	-1	-0
0.999343	-0.0362402	0
0.994093	-0.108533	0
0.983619	-0.180259	0
0.967979	-0.251031	0
0.947254	-0.320485	0
0.921548	-0.388265	0
0.891007	-0.453989	0
0.855783	-0.517336	0
0.816057	-0.577972	0
0.772048	-0.635564	0
0.723983	-0.689818	0
0.672117	-0.740445	0
0.616711	-0.787189	0
0.558082	-0.829786	0
0.496503	-0.868035	0
0.432324	-0.901718	0
0.365864	-0.930668	0
0.297503	-0.954721	0
0.964878	0.262699	0
-0.297502	0.954721	0
-0.365867	0.930667	0
-0.432321	0.90172	0
-0.496512	0.86803	0
-0.558075	0.829791	0
-0.616708	0.787192	0
-0.672115	0.740447	0
-0.723989	0.689812	0
-0.772051	0.635561	0
-0.816056	0.577973	0
-0.855782	0.517336	0
-0.891005	0.453993	0
-0.921548	0.388264	0
-0.947254	0.320484	0
-0.967979	0.251033	0
-0.983619	0.180257	0
-0.994093	0.108532	0
-0.999343	0.0362405	0
-0	0	1
0	0	-1

#	Mesh	0	End

