#	Mesh	0	Begin

#	Vertex	66
12953.3	49276.9	0
12953.3	49276.9	3600
13026.4	49345.1	3600
13026.4	49345.1	0
12784.9	49600.5	3600
12784.9	49600.5	0
12538	49850.8	3600
12538	49850.8	0
12285.9	50095.8	3600
12285.9	50095.8	0
12028.7	50335.4	3600
12028.7	50335.4	0
11973.2	50385.9	3600
11973.2	50385.9	0
11917.4	50436.1	3600
11917.4	50436.1	0
11692.2	50634.3	3600
11803.5	50536.4	2000
11803.5	50536.4	1.93268e-012
11463.4	50828.5	3600
11231.2	51018.6	3600
10995.6	51204.5	0
11112.1	51112.6	0
11112.1	51112.6	2000
10995.6	51204.5	3600
10936.1	51250.3	3600
10936.1	51250.3	0
10876.4	51295.9	3600
10876.4	51295.9	0
10544.7	51541.7	3600
10544.7	51541.7	0
10207.1	51779.2	3600
10207.1	51779.2	0
9863.75	52008.2	3600
9863.75	52008.2	0
9514.84	52228.8	3600
9514.84	52228.8	0
9160.59	52440.7	3600
9160.59	52440.7	0
8801.23	52643.8	3600
8801.23	52643.8	0
8436.97	52837.9	3600
8436.97	52837.9	0
8068.03	53023	3600
8085.67	53014.2	2400
8085.67	53014.2	0
8024.29	52933.1	3600
9113.35	52352.5	0
8046.4	52921.3	0
8046.4	52921.3	2400
9113.35	52352.5	3600
10156.4	51692.7	3600
10156.4	51692.7	0
11147.6	50957.4	3600
11045.8	51033	2000
11045.8	51033	1.93268e-012
12081.6	50150.7	0
11733	50451.8	0
11733	50451.8	2000
12081.6	50150.7	3600
8024.29	52933.1	2400
8068.03	53023	2400
11147.6	50957.4	2000
11231.2	51018.6	2000
11463.4	50828.5	2000
11692.2	50634.3	2000

#	Triangle	43
0	2	1	3	2	0
3	4	2	5	4	3
5	6	4	7	6	5
7	8	6	9	8	7
9	10	8	11	10	9
11	12	10	13	12	11
13	14	12	15	14	13
17	15	18	17	14	15
16	17	65
16	14	17
64	16	65	19	16	64
63	19	64	20	19	63
24	22	21	24	23	22	24	20	63
24	63	23
21	25	24	26	25	21
26	27	25	28	27	26
28	29	27	30	29	28
30	31	29	32	31	30
32	33	31	34	33	32
34	35	33	36	35	34
36	37	35	38	37	36
38	39	37	40	39	38
40	41	39	42	41	40
44	42	45	44	41	42
43	44	61
43	41	44
60	43	61	46	43	60
50	48	47	50	49	48
50	60	49
50	46	60
47	51	50	52	51	47
54	52	55	54	51	52
53	54	62
53	51	54
59	57	56	59	58	57
59	62	58
59	53	62
56	1	59	0	1	56
45	47	48	42	47	45	40	47	42	38	47	40	38	52	47	36	52	38	34	52	36	32	52	34	32	55	52	30	55	32	28	55	30	26	55	28	21	55	26	22	55	21	18	56	57	15	56	18	13	56	15	11	56	13	9	56	11	9	0	56	7	0	9	5	0	7	3	0	5	44	60	61	49	60	44	23	62	54	63	62	23	63	58	62	64	58	63	65	58	64	17	58	65
50	43	46	50	41	43	50	39	41	50	37	39	51	37	50	51	35	37	51	33	35	51	31	33	53	31	51	53	29	31	53	27	29	53	25	27	53	24	25	53	20	24	59	20	53	59	19	20	59	16	19	59	14	16	59	12	14	59	10	12	59	8	10	1	8	59	1	6	8	1	4	6	1	2	4
45	49	44	48	49	45
18	58	17	57	58	18
23	55	22	54	55	23

#	Normal	43
-0.682019	0.731334	0
-0.726476	-0.687192	-0
-0.711888	-0.702293	-0
-0.69698	-0.71709	-0
-0.681767	-0.731569	-0
-0.672385	-0.740202	-0
-0.669085	-0.743186	-0
-0.660693	-0.750656	0
-0.660701	-0.750649	0
-0.660697	-0.750653	4.87735e-007
-0.647127	-0.762382	0
-0.633357	-0.77386	0
-0.619387	-0.785086	0
-0.619386	-0.785086	5.02748e-008
-0.610554	-0.791975	-0
-0.606977	-0.79472	-0
-0.595335	-0.803478	-0
-0.57534	-0.817914	-0
-0.554999	-0.831851	-0
-0.534314	-0.845286	-0
-0.513305	-0.858206	-0
-0.491992	-0.8706	-0
-0.470368	-0.88247	-0
-0.448462	-0.893802	0
-0.44843	-0.893818	0
-0.44846	-0.893803	-5.55762e-007
0.899261	-0.437413	0
0.470462	0.88242	-0
0.470467	0.882418	-5.01894e-006
0.470463	0.88242	-0
0.534581	0.845117	0
0.595761	0.803162	-0
0.595755	0.803166	-0
0.59576	0.803162	-4.54425e-007
0.653658	0.75679	-0
0.65366	0.756789	-6.94928e-007
0.653659	0.756789	-0
0.707962	0.706251	0
-0	0	1
0	0	-1
0.921024	-0.389507	0
0.768218	-0.640188	0
-0.76822	0.640186	0

#	Mesh	0	End

