#	Mesh	0	Begin

#	Vertex	76
15176.4	48414.5	0
15042.6	48417.6	0
14909.1	48426.7	0
14776.1	48441.9	0
14643.9	48463.1	0
14512.9	48490.2	0
14383.2	48523.3	0
14255.2	48562.2	0
14129	48606.9	0
14005.1	48657.3	0
13883.5	48713.2	0
13764.6	48774.6	0
13648.6	48841.3	0
13535.7	48913.2	0
13426.2	48990.2	0
13320.3	49072	0
13218.3	49158.6	0
13120.2	49249.7	0
13026.4	49345.1	0
12953.3	49276.9	0
13050.3	49178.2	0
13151.6	49084	0
13257.2	48994.5	0
13366.6	48909.8	0
13479.8	48830.3	0
13596.5	48755.9	0
13716.5	48686.9	0
13839.5	48623.4	0
13965.2	48565.6	0
14093.4	48513.5	0
14223.8	48467.3	0
14356.2	48427	0
14490.3	48392.8	0
14625.8	48364.7	0
14762.4	48342.8	0
14899.9	48327.1	0
15038	48317.7	0
15176.3	48314.5	0
15176.4	48414.5	3600
15042.6	48417.6	3600
14909.1	48426.7	3600
14776.1	48441.9	3600
14643.9	48463.1	3600
14512.9	48490.2	3600
14383.2	48523.3	3600
14255.2	48562.2	3600
14129	48606.9	3600
14005.1	48657.3	3600
13883.5	48713.2	3600
13764.6	48774.6	3600
13648.6	48841.3	3600
13535.7	48913.2	3600
13426.2	48990.2	3600
13320.3	49072	3600
13218.3	49158.6	3600
13120.2	49249.7	3600
13026.4	49345.1	3600
12953.3	49276.9	3600
13050.3	49178.2	3600
13151.6	49084	3600
13257.2	48994.5	3600
13366.6	48909.8	3600
13479.8	48830.3	3600
13596.5	48755.9	3600
13716.5	48686.9	3600
13839.5	48623.4	3600
13965.2	48565.6	3600
14093.4	48513.5	3600
14223.8	48467.3	3600
14356.2	48427	3600
14490.3	48392.8	3600
14625.8	48364.7	3600
14762.4	48342.8	3600
14899.9	48327.1	3600
15038	48317.7	3600
15176.3	48314.5	3600

#	Triangle	40
37	38	75	0	38	37
0	39	38	1	39	0
1	40	39	2	40	1
2	41	40	3	41	2
3	42	41	4	42	3
4	43	42	5	43	4
5	44	43	6	44	5
6	45	44	7	45	6
7	46	45	8	46	7
8	47	46	9	47	8
9	48	47	10	48	9
10	49	48	11	49	10
11	50	49	12	50	11
12	51	50	13	51	12
13	52	51	14	52	13
14	53	52	15	53	14
15	54	53	16	54	15
16	55	54	17	55	16
17	56	55	18	56	17
18	57	56	19	57	18
19	58	57	20	58	19
20	59	58	21	59	20
21	60	59	22	60	21
22	61	60	23	61	22
23	62	61	24	62	23
24	63	62	25	63	24
25	64	63	26	64	25
26	65	64	27	65	26
27	66	65	28	66	27
28	67	66	29	67	28
29	68	67	30	68	29
30	69	68	31	69	30
31	70	69	32	70	31
32	71	70	33	71	32
33	72	71	34	72	33
34	73	72	35	73	34
35	74	73	36	74	35
36	75	74	37	75	36
18	20	19	17	20	18	17	21	20	16	21	17	16	22	21	15	22	16	15	23	22	14	23	15	14	24	23	13	24	14	13	25	24	12	25	13	12	26	25	11	26	12	11	27	26	10	27	11	10	28	27	9	28	10	9	29	28	8	29	9	8	30	29	7	30	8	7	31	30	6	31	7	6	32	31	5	32	6	5	33	32	4	33	5	4	34	33	3	34	4	3	35	34	2	35	3	2	36	35	1	36	2	1	37	36	0	37	1
58	56	57	58	55	56	59	55	58	59	54	55	60	54	59	60	53	54	61	53	60	61	52	53	62	52	61	62	51	52	63	51	62	63	50	51	64	50	63	64	49	50	65	49	64	65	48	49	66	48	65	66	47	48	67	47	66	67	46	47	68	46	67	68	45	46	69	45	68	69	44	45	70	44	69	70	43	44	71	43	70	71	42	43	72	42	71	72	41	42	73	41	72	73	40	41	74	40	73	74	39	40	75	39	74	75	38	39

#	Normal	40
-1	0.000175781	0
-0.022855	-0.999739	-0
-0.068185	-0.997673	-0
-0.113341	-0.993556	-0
-0.158321	-0.987388	-0
-0.20292	-0.979195	-0
-0.247114	-0.968986	-0
-0.290837	-0.956773	-0
-0.333894	-0.942611	-0
-0.37633	-0.926486	-0
-0.417932	-0.908479	-0
-0.458729	-0.888576	-0
-0.498548	-0.866862	-0
-0.537361	-0.843352	-0
-0.575049	-0.818119	-0
-0.611547	-0.791208	-0
-0.646821	-0.762642	-0
-0.680738	-0.732527	-0
-0.713261	-0.700899	-0
0.682019	-0.731334	0
0.713328	0.70083	0
0.680821	0.73245	0
0.646878	0.762593	0
0.611641	0.791135	0
0.575115	0.818073	0
0.537427	0.84331	0
0.498596	0.866834	0
0.458789	0.888545	0
0.418	0.908447	0
0.376364	0.926472	0
0.333962	0.942587	0
0.290861	0.956765	0
0.247164	0.968974	0
0.202931	0.979193	0
0.158331	0.987386	0
0.113391	0.99355	0
0.0681709	0.997674	0
0.0228646	0.999739	0
-0	0	1
0	0	-1

#	Mesh	0	End

