#	Mesh	0	Begin

#	Vertex	42
87748.7	48009.2	0
87748.7	48009.2	3600
87764.4	48108	3600
87764.4	48108	0
87370.9	48180.4	3600
87616.9	48135.1	2000
87616.9	48135.1	1.93268e-012
86975.8	48243.1	3600
86579.2	48296.1	0
86728.1	48276.2	0
86728.1	48276.2	2000
86579.2	48296.1	3600
86504.7	48305	3600
86504.7	48305	0
86430.1	48313.5	3600
86430.1	48313.5	0
86068.8	48349.9	3600
86068.8	48349.9	0
85706.8	48378.1	3600
85706.8	48378.1	0
85344.3	48398.3	3600
85344.3	48398.3	0
84981.4	48410.5	3600
84981.4	48410.5	0
84618.3	48414.5	3600
84618.3	48414.5	0
84618.3	48314.5	3600
84618.3	48314.5	0
85248.2	48302.3	3600
85248.2	48302.3	0
85877.1	48265.5	3600
85877.1	48265.5	0
86504.2	48204.4	3600
86504.2	48204.4	0
87128.3	48118.9	3600
86712.1	48175.9	2000
86712.1	48175.9	1.93268e-012
87601.1	48035.3	0
87601.1	48035.3	2000
87128.3	48118.9	2000
86975.8	48243.1	2000
87370.9	48180.4	2000

#	Triangle	29
0	2	1	3	2	0
5	3	6	5	2	3
4	5	41
4	2	5
40	4	41	7	4	40
11	9	8	11	10	9
11	40	10
11	7	40
8	12	11	13	12	8
13	14	12	15	14	13
15	16	14	17	16	15
17	18	16	19	18	17
19	20	18	21	20	19
21	22	20	23	22	21
23	24	22	25	24	23
25	26	24	27	26	25
27	28	26	29	28	27
29	30	28	31	30	29
31	32	30	33	32	31
35	33	36	35	32	33
34	35	39
34	32	35
1	37	0	1	38	37
1	39	38
1	34	39
6	0	37	3	0	6	23	27	25	23	29	27	21	29	23	21	31	29	19	31	21	17	31	19	17	33	31	15	33	17	13	33	15	13	36	33	8	36	13	9	36	8	10	39	35	40	39	10	41	39	40	41	38	39	5	38	41
28	24	26	28	22	24	28	20	22	30	20	28	30	18	20	30	16	18	32	16	30	32	14	16	32	12	14	34	12	32	34	11	12	34	7	11	34	4	7	1	4	34	1	2	4
6	38	5	37	38	6
10	36	9	35	36	10

#	Normal	29
-0.98766	0.156614	0
-0.180962	-0.98349	0
-0.180972	-0.983488	0
-0.180969	-0.983489	6.11894e-007
-0.156766	-0.987636	0
-0.13247	-0.991187	0
-0.132475	-0.991186	-4.2523e-007
-0.132473	-0.991187	0
-0.118025	-0.993011	-0
-0.113447	-0.993544	-0
-0.100079	-0.99498	-0
-0.077895	-0.996962	-0
-0.0556607	-0.99845	-0
-0.0334137	-0.999442	-0
-0.0111446	-0.999938	-0
1	0	0
0.0194501	0.999811	0
0.0583008	0.998299	0
0.0970823	0.995276	0
0.135706	0.990749	-0
0.135695	0.990751	-0
0.135699	0.99075	-9.81989e-007
0.174117	0.984725	-0
0.174131	0.984722	-1.36677e-006
0.174128	0.984723	-0
-3.3287e-015	-1.88256e-014	1
0	0	-1
0.987634	-0.156776	0
-0.987635	0.15677	0

#	Mesh	0	End

