#	Mesh	0	Begin

#	Vertex	24
96406.5	43371.9	0
95759.5	44012.5	0
95077.8	44616.1	0
94363.4	45180.6	0
93618.6	45704.4	0
92845.7	46185.7	0
92795.2	46099.4	0
93563.4	45621	0
94303.6	45100.4	0
95013.6	44539.4	0
95691.2	43939.5	0
96334.2	43302.8	0
96406.5	43371.9	3600
95759.5	44012.5	3600
95077.8	44616.1	3600
94363.4	45180.6	3600
93618.6	45704.4	3600
92845.7	46185.7	3600
92795.2	46099.4	3600
93563.4	45621	3600
94303.6	45100.4	3600
95013.6	44539.4	3600
95691.2	43939.5	3600
96334.2	43302.8	3600

#	Triangle	14
11	12	23	0	12	11
0	13	12	1	13	0
1	14	13	2	14	1
2	15	14	3	15	2
3	16	15	4	16	3
4	17	16	5	17	4
5	18	17	6	18	5
6	19	18	7	19	6
7	20	19	8	20	7
8	21	20	9	21	8
9	22	21	10	22	9
10	23	22	11	23	10
5	7	6	4	7	5	4	8	7	3	8	4	3	9	8	2	9	3	2	10	9	1	10	2	1	11	10	0	11	1
19	17	18	19	16	17	20	16	19	20	15	16	21	15	20	21	14	15	22	14	21	22	13	14	23	13	22	23	12	13

#	Normal	14
-0.69065	0.723189	0
-0.703632	-0.710565	-0
-0.66286	-0.748743	-0
-0.620015	-0.78459	-0
-0.575239	-0.817986	-0
-0.528665	-0.848831	-0
0.863297	-0.504697	0
0.528669	0.848828	0
0.575238	0.817986	0
0.620013	0.784592	0
0.66286	0.748743	0
0.703634	0.710562	0
-0	0	1
0	0	-1

#	Mesh	0	End

