#	Mesh	0	Begin

#	Vertex	24
92845.7	46185.7	0
91912.5	46691.4	0
90948.3	47135.2	0
89957.3	47515.3	0
88943.6	47830.2	0
87911.6	48078.4	0
87895.9	47979.5	0
88920.6	47732.8	0
89927.1	47420	0
90911.1	47042.3	0
91868.5	46601.5	0
92795.2	46099.4	0
92845.7	46185.7	3600
91912.5	46691.4	3600
90948.3	47135.2	3600
89957.3	47515.3	3600
88943.6	47830.2	3600
87911.6	48078.4	3600
87895.9	47979.5	3600
88920.6	47732.8	3600
89927.1	47420	3600
90911.1	47042.3	3600
91868.5	46601.5	3600
92795.2	46099.4	3600

#	Triangle	14
11	12	23	0	12	11
0	13	12	1	13	0
1	14	13	2	14	1
2	15	14	3	15	2
3	16	15	4	16	3
4	17	16	5	17	4
5	18	17	6	18	5
6	19	18	7	19	6
7	20	19	8	20	7
8	21	20	9	21	8
9	22	21	10	22	9
10	23	22	11	23	10
5	7	6	4	7	5	4	8	7	3	8	4	3	9	8	2	9	3	2	10	9	1	10	2	1	11	10	0	11	1
19	17	18	19	16	17	20	16	19	20	15	16	21	15	20	21	14	15	22	14	21	22	13	14	23	13	22	23	12	13

#	Normal	14
-0.863297	0.504697	0
-0.476378	-0.879241	-0
-0.418143	-0.908381	-0
-0.358131	-0.933671	-0
-0.296611	-0.954998	-0
-0.233823	-0.972279	-0
0.987657	-0.15663	0
0.234075	0.972219	0
0.296799	0.95494	0
0.358268	0.933619	0
0.41822	0.908346	0
0.476401	0.879228	0
-0	0	1
0	0	-1

#	Mesh	0	End

