#	Mesh	0	Begin

#	Vertex	76
-14893	36926.5	0
-14990.2	37027.7	0
-15092	37124.4	0
-15198.2	37216.2	0
-15308.4	37303.1	0
-15422.5	37384.8	0
-15540.3	37461.1	0
-15661.5	37532	0
-15785.7	37597.2	0
-15912.9	37656.6	0
-16042.6	37710.1	0
-16174.7	37757.6	0
-16308.8	37799	0
-16444.7	37834.1	0
-16582.1	37863	0
-16720.6	37885.5	0
-16860	37901.6	0
-17000	37911.3	0
-17140.4	37914.5	0
-17140.4	37814.5	0
-17004.6	37811.4	0
-16869.2	37802	0
-16734.3	37786.4	0
-16600.3	37764.7	0
-16467.4	37736.8	0
-16336	37702.7	0
-16206.3	37662.7	0
-16078.5	37616.8	0
-15953	37565	0
-15830	37507.5	0
-15709.8	37444.4	0
-15592.6	37375.9	0
-15478.7	37302	0
-15368.3	37223	0
-15261.6	37138.9	0
-15159	37050.1	0
-15060.5	36956.6	0
-14966.5	36858.7	0
-14893	36926.5	3600
-14990.2	37027.7	3600
-15092	37124.4	3600
-15198.2	37216.2	3600
-15308.4	37303.1	3600
-15422.5	37384.8	3600
-15540.3	37461.1	3600
-15661.5	37532	3600
-15785.7	37597.2	3600
-15912.9	37656.6	3600
-16042.6	37710.1	3600
-16174.7	37757.6	3600
-16308.8	37799	3600
-16444.7	37834.1	3600
-16582.1	37863	3600
-16720.6	37885.5	3600
-16860	37901.6	3600
-17000	37911.3	3600
-17140.4	37914.5	3600
-17140.4	37814.5	3600
-17004.6	37811.4	3600
-16869.2	37802	3600
-16734.3	37786.4	3600
-16600.3	37764.7	3600
-16467.4	37736.8	3600
-16336	37702.7	3600
-16206.3	37662.7	3600
-16078.5	37616.8	3600
-15953	37565	3600
-15830	37507.5	3600
-15709.8	37444.4	3600
-15592.6	37375.9	3600
-15478.7	37302	3600
-15368.3	37223	3600
-15261.6	37138.9	3600
-15159	37050.1	3600
-15060.5	36956.6	3600
-14966.5	36858.7	3600

#	Triangle	40
37	38	75	0	38	37
0	39	38	1	39	0
1	40	39	2	40	1
2	41	40	3	41	2
3	42	41	4	42	3
4	43	42	5	43	4
5	44	43	6	44	5
6	45	44	7	45	6
7	46	45	8	46	7
8	47	46	9	47	8
9	48	47	10	48	9
10	49	48	11	49	10
11	50	49	12	50	11
12	51	50	13	51	12
13	52	51	14	52	13
14	53	52	15	53	14
15	54	53	16	54	15
16	55	54	17	55	16
17	56	55	18	56	17
18	57	56	19	57	18
19	58	57	20	58	19
20	59	58	21	59	20
21	60	59	22	60	21
22	61	60	23	61	22
23	62	61	24	62	23
24	63	62	25	63	24
25	64	63	26	64	25
26	65	64	27	65	26
27	66	65	28	66	27
28	67	66	29	67	28
29	68	67	30	68	29
30	69	68	31	69	30
31	70	69	32	70	31
32	71	70	33	71	32
33	72	71	34	72	33
34	73	72	35	73	34
35	74	73	36	74	35
36	75	74	37	75	36
17	19	18	17	20	19	17	21	20	16	21	17	16	22	21	15	22	16	15	23	22	14	23	15	14	24	23	13	24	14	13	25	24	12	25	13	12	26	25	11	26	12	11	27	26	10	27	11	10	28	27	9	28	10	9	29	28	8	29	9	8	30	29	7	30	8	7	31	30	6	31	7	6	32	31	5	32	6	5	33	32	4	33	5	4	34	33	3	34	4	3	35	34	2	35	3	2	36	35	1	36	2	1	37	36	0	37	1
58	56	57	58	55	56	59	55	58	59	54	55	60	54	59	60	53	54	61	53	60	61	52	53	62	52	61	62	51	52	63	51	62	63	50	51	64	50	63	64	49	50	65	49	64	65	48	49	66	48	65	66	47	48	67	47	66	67	46	47	68	46	67	68	45	46	69	45	68	69	44	45	70	44	69	70	43	44	71	43	70	71	42	43	72	42	71	72	41	42	73	41	72	73	40	41	74	40	73	74	39	40	75	39	74	75	38	39

#	Normal	40
-0.678554	0.73455	0
-0.72109	-0.692841	-0
-0.688446	-0.725288	-0
-0.654356	-0.756186	-0
-0.618884	-0.785482	-0
-0.582078	-0.813133	-0
-0.544055	-0.83905	-0
-0.504872	-0.863194	-0
-0.464648	-0.885496	-0
-0.423403	-0.905941	-0
-0.381269	-0.924464	-0
-0.338351	-0.94102	-0
-0.29471	-0.955587	-0
-0.250404	-0.968141	-0
-0.205621	-0.978632	-0
-0.160394	-0.987053	-0
-0.114777	-0.993391	-0
-0.068995	-0.997617	-0
-0.023017	-0.999735	-0
1	0	0
0.0230171	0.999735	0
0.0689927	0.997617	0
0.114826	0.993386	0
0.160399	0.987052	0
0.205629	0.97863	0
0.250455	0.968128	0
0.294759	0.955572	0
0.33838	0.94101	0
0.381333	0.924438	0
0.423457	0.905916	0
0.464687	0.885475	0
0.504959	0.863143	0
0.544122	0.839006	0
0.582154	0.813078	0
0.618934	0.785443	0
0.654427	0.756125	0
0.688527	0.725211	0
0.72117	0.692758	0
0	0	1
0	0	-1

#	Mesh	0	End

