#	Mesh	0	Begin

#	Vertex	870
-70226.7	2419.53	-40
-70226.7	1264.52	-40
-64186.7	1264.52	-40
-64186.7	9364.52	-40
-72176.7	9364.52	-40
-72176.7	2419.53	-40
-71825.9	8727.4	-40
-71856.2	8719.28	-40
-71884.6	8706.02	-40
-71910.4	8688.02	-40
-71932.5	8665.84	-40
-71950.5	8640.13	-40
-71963.8	8611.7	-40
-71971.9	8581.39	-40
-71974.6	8550.13	-40
-71971.9	8518.88	-40
-71963.8	8488.57	-40
-71950.5	8460.13	-40
-71932.5	8434.43	-40
-71910.4	8412.25	-40
-71884.6	8394.25	-40
-71856.2	8380.99	-40
-71825.9	8372.87	-40
-71794.6	8370.13	-40
-71763.4	8372.87	-40
-71733.1	8380.99	-40
-71704.6	8394.25	-40
-71678.9	8412.25	-40
-71656.8	8434.43	-40
-71638.8	8460.13	-40
-71625.5	8488.57	-40
-71617.4	8518.88	-40
-71614.6	8550.13	-40
-71617.4	8581.39	-40
-71625.5	8611.7	-40
-71638.8	8640.13	-40
-71656.8	8665.84	-40
-71678.9	8688.02	-40
-71704.6	8706.02	-40
-71733.1	8719.28	-40
-71763.4	8727.4	-40
-71794.6	8730.13	-40
-71827.2	9123.8	-40
-71857.5	9115.68	-40
-71885.9	9102.42	-40
-71911.6	9084.42	-40
-71933.8	9062.24	-40
-71951.8	9036.54	-40
-71965.1	9008.1	-40
-71973.2	8977.79	-40
-71975.9	8946.54	-40
-71973.2	8915.28	-40
-71965.1	8884.97	-40
-71951.8	8856.54	-40
-71933.8	8830.83	-40
-71911.6	8808.65	-40
-71885.9	8790.65	-40
-71857.5	8777.39	-40
-71827.2	8769.27	-40
-71795.9	8766.54	-40
-71764.7	8769.27	-40
-71734.4	8777.39	-40
-71705.9	8790.65	-40
-71680.2	8808.65	-40
-71658.1	8830.83	-40
-71640.1	8856.54	-40
-71626.8	8884.97	-40
-71618.7	8915.28	-40
-71615.9	8946.54	-40
-71618.7	8977.79	-40
-71626.8	9008.1	-40
-71640.1	9036.54	-40
-71658.1	9062.24	-40
-71680.2	9084.42	-40
-71705.9	9102.42	-40
-71734.4	9115.68	-40
-71764.7	9123.8	-40
-71795.9	9126.54	-40
-70226.7	2419.53	-20
-70226.7	1264.52	-20
-64186.7	1264.52	-20
-64186.7	9364.52	-20
-72176.7	9364.52	-20
-72176.7	2419.53	-20
-71825.9	8727.4	-20
-71856.2	8719.28	-20
-71884.6	8706.02	-20
-71910.4	8688.02	-20
-71932.5	8665.84	-20
-71950.5	8640.13	-20
-71963.8	8611.7	-20
-71971.9	8581.39	-20
-71974.6	8550.13	-20
-71971.9	8518.88	-20
-71963.8	8488.57	-20
-71950.5	8460.13	-20
-71932.5	8434.43	-20
-71910.4	8412.25	-20
-71884.6	8394.25	-20
-71856.2	8380.99	-20
-71825.9	8372.87	-20
-71794.6	8370.13	-20
-71763.4	8372.87	-20
-71733.1	8380.99	-20
-71704.6	8394.25	-20
-71678.9	8412.25	-20
-71656.8	8434.43	-20
-71638.8	8460.13	-20
-71625.5	8488.57	-20
-71617.4	8518.88	-20
-71614.6	8550.13	-20
-71617.4	8581.39	-20
-71625.5	8611.7	-20
-71638.8	8640.13	-20
-71656.8	8665.84	-20
-71678.9	8688.02	-20
-71704.6	8706.02	-20
-71733.1	8719.28	-20
-71763.4	8727.4	-20
-71794.6	8730.13	-20
-71827.2	9123.8	-20
-71857.5	9115.68	-20
-71885.9	9102.42	-20
-71911.6	9084.42	-20
-71933.8	9062.24	-20
-71951.8	9036.54	-20
-71965.1	9008.1	-20
-71973.2	8977.79	-20
-71975.9	8946.54	-20
-71973.2	8915.28	-20
-71965.1	8884.97	-20
-71951.8	8856.54	-20
-71933.8	8830.83	-20
-71911.6	8808.65	-20
-71885.9	8790.65	-20
-71857.5	8777.39	-20
-71827.2	8769.27	-20
-71795.9	8766.54	-20
-71764.7	8769.27	-20
-71734.4	8777.39	-20
-71705.9	8790.65	-20
-71680.2	8808.65	-20
-71658.1	8830.83	-20
-71640.1	8856.54	-20
-71626.8	8884.97	-20
-71618.7	8915.28	-20
-71615.9	8946.54	-20
-71618.7	8977.79	-20
-71626.8	9008.1	-20
-71640.1	9036.54	-20
-71658.1	9062.24	-20
-71680.2	9084.42	-20
-71705.9	9102.42	-20
-71734.4	9115.68	-20
-71764.7	9123.8	-20
-71795.9	9126.54	-20
44868.3	-32785.5	-40
44868.3	-32635.5	-40
41123.3	-32635.5	-40
41123.3	-40680.5	-40
44868.3	-40680.5	-40
44868.3	-40485.5	-40
45068.3	-40485.5	-40
45068.3	-32785.5	-40
44868.3	-32785.5	-20
44868.3	-32635.5	-20
41123.3	-32635.5	-20
41123.3	-40680.5	-20
44868.3	-40680.5	-20
44868.3	-40485.5	-20
45068.3	-40485.5	-20
45068.3	-32785.5	-20
-13931.7	1464.53	-40
-13731.7	1464.53	-40
-13731.7	7909.53	-40
-25376.7	7909.53	-40
-25376.7	1219.53	-40
-22331.7	1219.53	-40
-22331.7	1464.53	-40
-21631.7	1464.53	-40
-21631.7	1219.53	-40
-13931.7	1219.53	-40
-14157	7872	-40
-14138	7866.92	-40
-14120.3	7858.63	-40
-14104.2	7847.39	-40
-14090.3	7833.52	-40
-14079.1	7817.46	-40
-14070.8	7799.68	-40
-14065.7	7780.74	-40
-14064	7761.21	-40
-14065.7	7741.67	-40
-14070.8	7722.73	-40
-14079.1	7704.96	-40
-14090.3	7688.89	-40
-14104.2	7675.02	-40
-14120.3	7663.78	-40
-14138	7655.49	-40
-14157	7650.41	-40
-14176.5	7648.71	-40
-14196.1	7650.41	-40
-14215	7655.49	-40
-14232.8	7663.78	-40
-14248.8	7675.02	-40
-14262.7	7688.89	-40
-14273.9	7704.96	-40
-14282.2	7722.73	-40
-14287.3	7741.67	-40
-14289	7761.21	-40
-14287.3	7780.74	-40
-14282.2	7799.68	-40
-14273.9	7817.46	-40
-14262.7	7833.52	-40
-14248.8	7847.39	-40
-14232.8	7858.63	-40
-14215	7866.92	-40
-14196.1	7872	-40
-14176.5	7873.71	-40
-14166	7512.84	-40
-14147	7507.77	-40
-14129.2	7499.48	-40
-14113.2	7488.23	-40
-14099.3	7474.37	-40
-14088.1	7458.3	-40
-14079.8	7440.53	-40
-14074.7	7421.59	-40
-14073	7402.05	-40
-14074.7	7382.52	-40
-14079.8	7363.58	-40
-14088.1	7345.8	-40
-14099.3	7329.74	-40
-14113.2	7315.87	-40
-14129.2	7304.63	-40
-14147	7296.34	-40
-14166	7291.26	-40
-14185.5	7289.55	-40
-14205	7291.26	-40
-14224	7296.34	-40
-14241.7	7304.63	-40
-14257.8	7315.87	-40
-14271.7	7329.74	-40
-14282.9	7345.8	-40
-14291.2	7363.58	-40
-14296.3	7382.52	-40
-14298	7402.05	-40
-14296.3	7421.59	-40
-14291.2	7440.53	-40
-14282.9	7458.3	-40
-14271.7	7474.37	-40
-14257.8	7488.23	-40
-14241.7	7499.48	-40
-14224	7507.77	-40
-14205	7512.84	-40
-14185.5	7514.55	-40
-14408.4	1562.34	-40
-14391.5	1557.83	-40
-14375.7	1550.46	-40
-14361.5	1540.46	-40
-14349.1	1528.14	-40
-14339.1	1513.86	-40
-14331.8	1498.06	-40
-14327.3	1481.22	-40
-14325.7	1463.86	-40
-14327.3	1446.49	-40
-14331.8	1429.66	-40
-14339.1	1413.86	-40
-14349.1	1399.58	-40
-14361.5	1387.25	-40
-14375.7	1377.26	-40
-14391.5	1369.89	-40
-14408.4	1365.38	-40
-14425.7	1363.86	-40
-14443.1	1365.38	-40
-14459.9	1369.89	-40
-14475.7	1377.26	-40
-14490	1387.25	-40
-14502.3	1399.58	-40
-14512.3	1413.86	-40
-14519.7	1429.66	-40
-14524.2	1446.49	-40
-14525.7	1463.86	-40
-14524.2	1481.22	-40
-14519.7	1498.06	-40
-14512.3	1513.86	-40
-14502.3	1528.14	-40
-14490	1540.46	-40
-14475.7	1550.46	-40
-14459.9	1557.83	-40
-14443.1	1562.34	-40
-14425.7	1563.86	-40
-13824.1	1717.83	-40
-13807.3	1713.32	-40
-13791.5	1705.95	-40
-13777.2	1695.96	-40
-13764.9	1683.63	-40
-13754.9	1669.35	-40
-13747.5	1653.55	-40
-13743	1636.72	-40
-13741.5	1619.35	-40
-13743	1601.99	-40
-13747.5	1585.15	-40
-13754.9	1569.35	-40
-13764.9	1555.07	-40
-13777.2	1542.75	-40
-13791.5	1532.75	-40
-13807.3	1525.38	-40
-13824.1	1520.87	-40
-13841.5	1519.35	-40
-13858.9	1520.87	-40
-13875.7	1525.38	-40
-13891.5	1532.75	-40
-13905.8	1542.75	-40
-13918.1	1555.07	-40
-13928.1	1569.35	-40
-13935.5	1585.15	-40
-13940	1601.99	-40
-13941.5	1619.35	-40
-13940	1636.72	-40
-13935.5	1653.55	-40
-13928.1	1669.35	-40
-13918.1	1683.63	-40
-13905.8	1695.96	-40
-13891.5	1705.95	-40
-13875.7	1713.32	-40
-13858.9	1717.83	-40
-13841.5	1719.35	-40
-13931.7	1464.53	-20
-13731.7	1464.53	-20
-13731.7	7909.53	-20
-25376.7	7909.53	-20
-25376.7	1219.53	-20
-22331.7	1219.53	-20
-22331.7	1464.53	-20
-21631.7	1464.53	-20
-21631.7	1219.53	-20
-13931.7	1219.53	-20
-14157	7872	-20
-14138	7866.92	-20
-14120.3	7858.63	-20
-14104.2	7847.39	-20
-14090.3	7833.52	-20
-14079.1	7817.46	-20
-14070.8	7799.68	-20
-14065.7	7780.74	-20
-14064	7761.21	-20
-14065.7	7741.67	-20
-14070.8	7722.73	-20
-14079.1	7704.96	-20
-14090.3	7688.89	-20
-14104.2	7675.02	-20
-14120.3	7663.78	-20
-14138	7655.49	-20
-14157	7650.41	-20
-14176.5	7648.71	-20
-14196.1	7650.41	-20
-14215	7655.49	-20
-14232.8	7663.78	-20
-14248.8	7675.02	-20
-14262.7	7688.89	-20
-14273.9	7704.96	-20
-14282.2	7722.73	-20
-14287.3	7741.67	-20
-14289	7761.21	-20
-14287.3	7780.74	-20
-14282.2	7799.68	-20
-14273.9	7817.46	-20
-14262.7	7833.52	-20
-14248.8	7847.39	-20
-14232.8	7858.63	-20
-14215	7866.92	-20
-14196.1	7872	-20
-14176.5	7873.71	-20
-14166	7512.84	-20
-14147	7507.77	-20
-14129.2	7499.48	-20
-14113.2	7488.23	-20
-14099.3	7474.37	-20
-14088.1	7458.3	-20
-14079.8	7440.53	-20
-14074.7	7421.59	-20
-14073	7402.05	-20
-14074.7	7382.52	-20
-14079.8	7363.58	-20
-14088.1	7345.8	-20
-14099.3	7329.74	-20
-14113.2	7315.87	-20
-14129.2	7304.63	-20
-14147	7296.34	-20
-14166	7291.26	-20
-14185.5	7289.55	-20
-14205	7291.26	-20
-14224	7296.34	-20
-14241.7	7304.63	-20
-14257.8	7315.87	-20
-14271.7	7329.74	-20
-14282.9	7345.8	-20
-14291.2	7363.58	-20
-14296.3	7382.52	-20
-14298	7402.05	-20
-14296.3	7421.59	-20
-14291.2	7440.53	-20
-14282.9	7458.3	-20
-14271.7	7474.37	-20
-14257.8	7488.23	-20
-14241.7	7499.48	-20
-14224	7507.77	-20
-14205	7512.84	-20
-14185.5	7514.55	-20
-14408.4	1562.34	-20
-14391.5	1557.83	-20
-14375.7	1550.46	-20
-14361.5	1540.46	-20
-14349.1	1528.14	-20
-14339.1	1513.86	-20
-14331.8	1498.06	-20
-14327.3	1481.22	-20
-14325.7	1463.86	-20
-14327.3	1446.49	-20
-14331.8	1429.66	-20
-14339.1	1413.86	-20
-14349.1	1399.58	-20
-14361.5	1387.25	-20
-14375.7	1377.26	-20
-14391.5	1369.89	-20
-14408.4	1365.38	-20
-14425.7	1363.86	-20
-14443.1	1365.38	-20
-14459.9	1369.89	-20
-14475.7	1377.26	-20
-14490	1387.25	-20
-14502.3	1399.58	-20
-14512.3	1413.86	-20
-14519.7	1429.66	-20
-14524.2	1446.49	-20
-14525.7	1463.86	-20
-14524.2	1481.22	-20
-14519.7	1498.06	-20
-14512.3	1513.86	-20
-14502.3	1528.14	-20
-14490	1540.46	-20
-14475.7	1550.46	-20
-14459.9	1557.83	-20
-14443.1	1562.34	-20
-14425.7	1563.86	-20
-13824.1	1717.83	-20
-13807.3	1713.32	-20
-13791.5	1705.95	-20
-13777.2	1695.96	-20
-13764.9	1683.63	-20
-13754.9	1669.35	-20
-13747.5	1653.55	-20
-13743	1636.72	-20
-13741.5	1619.35	-20
-13743	1601.99	-20
-13747.5	1585.15	-20
-13754.9	1569.35	-20
-13764.9	1555.07	-20
-13777.2	1542.75	-20
-13791.5	1532.75	-20
-13807.3	1525.38	-20
-13824.1	1520.87	-20
-13841.5	1519.35	-20
-13858.9	1520.87	-20
-13875.7	1525.38	-20
-13891.5	1532.75	-20
-13905.8	1542.75	-20
-13918.1	1555.07	-20
-13928.1	1569.35	-20
-13935.5	1585.15	-20
-13940	1601.99	-20
-13941.5	1619.35	-20
-13940	1636.72	-20
-13935.5	1653.55	-20
-13928.1	1669.35	-20
-13918.1	1683.63	-20
-13905.8	1695.96	-20
-13891.5	1705.95	-20
-13875.7	1713.32	-20
-13858.9	1717.83	-20
-13841.5	1719.35	-20
29718.3	1114.53	-40
31370.8	1114.53	-40
36668.3	1114.53	-40
36668.3	9114.53	-40
36418.3	9114.53	-40
36418.3	9314.53	-40
31118.3	9314.53	-40
31118.3	8414.53	-40
29718.3	8414.53	-40
36240.5	1476.82	-40
36223.6	1472.31	-40
36207.8	1464.94	-40
36193.5	1454.94	-40
36181.2	1442.62	-40
36171.2	1428.34	-40
36163.9	1412.54	-40
36159.3	1395.7	-40
36157.8	1378.34	-40
36159.3	1360.97	-40
36163.9	1344.14	-40
36171.2	1328.34	-40
36181.2	1314.06	-40
36193.5	1301.73	-40
36207.8	1291.74	-40
36223.6	1284.37	-40
36240.5	1279.86	-40
36257.8	1278.34	-40
36275.2	1279.86	-40
36292	1284.37	-40
36307.8	1291.74	-40
36322.1	1301.73	-40
36334.4	1314.06	-40
36344.4	1328.34	-40
36351.8	1344.14	-40
36356.3	1360.97	-40
36357.8	1378.34	-40
36356.3	1395.7	-40
36351.8	1412.54	-40
36344.4	1428.34	-40
36334.4	1442.62	-40
36322.1	1454.94	-40
36307.8	1464.94	-40
36292	1472.31	-40
36275.2	1476.82	-40
36257.8	1478.34	-40
34891.5	1249.32	-40
34896.4	1233.77	-40
34904.4	1219.54	-40
34917.2	1205.34	-40
34933	1194.58	-40
34950.8	1187.87	-40
34969.8	1185.59	-40
34988.8	1187.87	-40
35006.7	1194.58	-40
35022.4	1205.34	-40
35035.2	1219.54	-40
35043.2	1233.77	-40
35048.1	1249.32	-40
35049.8	1265.59	-40
35048.6	1279.48	-40
35045	1292.95	-40
35039.1	1305.59	-40
35031.1	1317.01	-40
35021.2	1326.87	-40
35009.8	1334.87	-40
34997.2	1340.76	-40
34983.7	1344.37	-40
34969.8	1345.59	-40
34955.9	1344.37	-40
34942.4	1340.76	-40
34929.8	1334.87	-40
34918.4	1326.87	-40
34908.5	1317.01	-40
34900.5	1305.59	-40
34894.6	1292.95	-40
34891	1279.48	-40
34889.8	1265.59	-40
35873.4	1167.84	-40
35894.1	1174.88	-40
35912.7	1186.22	-40
35928.4	1201.34	-40
35940.5	1219.5	-40
35949.3	1243.5	-40
35951.6	1268.92	-40
35947.5	1294.12	-40
35937.1	1317.44	-40
35921.2	1337.38	-40
35900.7	1352.63	-40
35877	1362.2	-40
35851.7	1365.46	-40
35826.4	1362.2	-40
35802.7	1352.63	-40
35782.2	1337.38	-40
35766.3	1317.44	-40
35755.9	1294.12	-40
35751.8	1268.92	-40
35754.1	1243.5	-40
35762.9	1219.5	-40
35774.9	1201.34	-40
35790.7	1186.22	-40
35809.3	1174.88	-40
35830	1167.84	-40
35851.7	1165.46	-40
29718.3	1114.53	-20
31370.8	1114.53	-20
36668.3	1114.53	-20
36668.3	9114.53	-20
36418.3	9114.53	-20
36418.3	9314.53	-20
31118.3	9314.53	-20
31118.3	8414.53	-20
29718.3	8414.53	-20
36240.5	1476.82	-20
36223.6	1472.31	-20
36207.8	1464.94	-20
36193.5	1454.94	-20
36181.2	1442.62	-20
36171.2	1428.34	-20
36163.9	1412.54	-20
36159.3	1395.7	-20
36157.8	1378.34	-20
36159.3	1360.97	-20
36163.9	1344.14	-20
36171.2	1328.34	-20
36181.2	1314.06	-20
36193.5	1301.73	-20
36207.8	1291.74	-20
36223.6	1284.37	-20
36240.5	1279.86	-20
36257.8	1278.34	-20
36275.2	1279.86	-20
36292	1284.37	-20
36307.8	1291.74	-20
36322.1	1301.73	-20
36334.4	1314.06	-20
36344.4	1328.34	-20
36351.8	1344.14	-20
36356.3	1360.97	-20
36357.8	1378.34	-20
36356.3	1395.7	-20
36351.8	1412.54	-20
36344.4	1428.34	-20
36334.4	1442.62	-20
36322.1	1454.94	-20
36307.8	1464.94	-20
36292	1472.31	-20
36275.2	1476.82	-20
36257.8	1478.34	-20
34891.5	1249.32	-20
34896.4	1233.77	-20
34904.4	1219.54	-20
34917.2	1205.34	-20
34933	1194.58	-20
34950.8	1187.87	-20
34969.8	1185.59	-20
34988.8	1187.87	-20
35006.7	1194.58	-20
35022.4	1205.34	-20
35035.2	1219.54	-20
35043.2	1233.77	-20
35048.1	1249.32	-20
35049.8	1265.59	-20
35048.6	1279.48	-20
35045	1292.95	-20
35039.1	1305.59	-20
35031.1	1317.01	-20
35021.2	1326.87	-20
35009.8	1334.87	-20
34997.2	1340.76	-20
34983.7	1344.37	-20
34969.8	1345.59	-20
34955.9	1344.37	-20
34942.4	1340.76	-20
34929.8	1334.87	-20
34918.4	1326.87	-20
34908.5	1317.01	-20
34900.5	1305.59	-20
34894.6	1292.95	-20
34891	1279.48	-20
34889.8	1265.59	-20
35873.4	1167.84	-20
35894.1	1174.88	-20
35912.7	1186.22	-20
35928.4	1201.34	-20
35940.5	1219.5	-20
35949.3	1243.5	-20
35951.6	1268.92	-20
35947.5	1294.12	-20
35937.1	1317.44	-20
35921.2	1337.38	-20
35900.7	1352.63	-20
35877	1362.2	-20
35851.7	1365.46	-20
35826.4	1362.2	-20
35802.7	1352.63	-20
35782.2	1337.38	-20
35766.3	1317.44	-20
35755.9	1294.12	-20
35751.8	1268.92	-20
35754.1	1243.5	-20
35762.9	1219.5	-20
35774.9	1201.34	-20
35790.7	1186.22	-20
35809.3	1174.88	-20
35830	1167.84	-20
35851.7	1165.46	-20
61868.3	-6935.47	-40
61868.3	-6185.47	-40
60168.3	-6185.47	-40
60168.3	-7135.48	-40
61668.3	-7135.48	-40
61668.3	-6935.47	-40
61868.3	-6935.47	-20
61868.3	-6185.47	-20
60168.3	-6185.47	-20
60168.3	-7135.48	-20
61668.3	-7135.48	-20
61668.3	-6935.47	-20
61668.3	764.525	-40
61668.3	809.525	-40
54018.3	809.525	-40
54018.3	714.525	-40
53798.3	714.525	-40
53798.3	-6885.47	-40
54018.3	-6885.47	-40
54018.3	-7135.48	-40
60015.8	-7135.48	-40
60015.8	-7080.47	-40
59863.3	-7080.47	-40
59863.3	-5880.47	-40
61868.3	-5880.47	-40
61868.3	764.525	-40
61729.8	-840.807	-40
61710.9	-845.883	-40
61693.1	-854.17	-40
61677	-865.418	-40
61663.2	-879.285	-40
61651.9	-895.348	-40
61643.6	-913.121	-40
61638.6	-932.063	-40
61636.9	-951.598	-40
61638.6	-971.134	-40
61643.6	-990.076	-40
61651.9	-1007.85	-40
61663.2	-1023.91	-40
61677	-1037.78	-40
61693.1	-1049.03	-40
61710.9	-1057.31	-40
61729.8	-1062.39	-40
61749.4	-1064.1	-40
61768.9	-1062.39	-40
61787.8	-1057.31	-40
61805.6	-1049.03	-40
61821.7	-1037.78	-40
61835.5	-1023.91	-40
61846.8	-1007.85	-40
61855.1	-990.076	-40
61860.1	-971.134	-40
61861.9	-951.598	-40
61860.1	-932.063	-40
61855.1	-913.121	-40
61846.8	-895.348	-40
61835.5	-879.285	-40
61821.7	-865.418	-40
61805.6	-854.17	-40
61787.8	-845.883	-40
61768.9	-840.807	-40
61749.4	-839.098	-40
61731.6	-547.666	-40
61712.6	-552.742	-40
61694.8	-561.029	-40
61678.8	-572.277	-40
61664.9	-586.144	-40
61653.7	-602.207	-40
61645.4	-619.98	-40
61640.3	-638.922	-40
61638.6	-658.457	-40
61640.3	-677.993	-40
61645.4	-696.935	-40
61653.7	-714.707	-40
61664.9	-730.771	-40
61678.8	-744.637	-40
61694.8	-755.885	-40
61712.6	-764.173	-40
61731.6	-769.248	-40
61751.1	-770.957	-40
61770.6	-769.248	-40
61789.6	-764.173	-40
61807.3	-755.885	-40
61823.4	-744.637	-40
61837.3	-730.771	-40
61848.5	-714.707	-40
61856.8	-696.935	-40
61861.9	-677.993	-40
61863.6	-658.457	-40
61861.9	-638.922	-40
61856.8	-619.98	-40
61848.5	-602.207	-40
61837.3	-586.144	-40
61823.4	-572.277	-40
61807.3	-561.029	-40
61789.6	-552.742	-40
61770.6	-547.666	-40
61751.1	-545.957	-40
61668.3	764.525	-20
61668.3	809.525	-20
54018.3	809.525	-20
54018.3	714.525	-20
53798.3	714.525	-20
53798.3	-6885.47	-20
54018.3	-6885.47	-20
54018.3	-7135.48	-20
60015.8	-7135.48	-20
60015.8	-7080.47	-20
59863.3	-7080.47	-20
59863.3	-5880.47	-20
61868.3	-5880.47	-20
61868.3	764.525	-20
61729.8	-840.807	-20
61710.9	-845.883	-20
61693.1	-854.17	-20
61677	-865.418	-20
61663.2	-879.285	-20
61651.9	-895.348	-20
61643.6	-913.121	-20
61638.6	-932.063	-20
61636.9	-951.598	-20
61638.6	-971.134	-20
61643.6	-990.076	-20
61651.9	-1007.85	-20
61663.2	-1023.91	-20
61677	-1037.78	-20
61693.1	-1049.03	-20
61710.9	-1057.31	-20
61729.8	-1062.39	-20
61749.4	-1064.1	-20
61768.9	-1062.39	-20
61787.8	-1057.31	-20
61805.6	-1049.03	-20
61821.7	-1037.78	-20
61835.5	-1023.91	-20
61846.8	-1007.85	-20
61855.1	-990.076	-20
61860.1	-971.134	-20
61861.9	-951.598	-20
61860.1	-932.063	-20
61855.1	-913.121	-20
61846.8	-895.348	-20
61835.5	-879.285	-20
61821.7	-865.418	-20
61805.6	-854.17	-20
61787.8	-845.883	-20
61768.9	-840.807	-20
61749.4	-839.098	-20
61731.6	-547.666	-20
61712.6	-552.742	-20
61694.8	-561.029	-20
61678.8	-572.277	-20
61664.9	-586.144	-20
61653.7	-602.207	-20
61645.4	-619.98	-20
61640.3	-638.922	-20
61638.6	-658.457	-20
61640.3	-677.993	-20
61645.4	-696.935	-20
61653.7	-714.707	-20
61664.9	-730.771	-20
61678.8	-744.637	-20
61694.8	-755.885	-20
61712.6	-764.173	-20
61731.6	-769.248	-20
61751.1	-770.957	-20
61770.6	-769.248	-20
61789.6	-764.173	-20
61807.3	-755.885	-20
61823.4	-744.637	-20
61837.3	-730.771	-20
61848.5	-714.707	-20
61856.8	-696.935	-20
61861.9	-677.993	-20
61863.6	-658.457	-20
61861.9	-638.922	-20
61856.8	-619.98	-20
61848.5	-602.207	-20
61837.3	-586.144	-20
61823.4	-572.277	-20
61807.3	-561.029	-20
61789.6	-552.742	-20
61770.6	-547.666	-20
61751.1	-545.957	-20

#	Triangle	341
41	84	6	119	84	41
6	85	7	84	85	6
7	86	8	85	86	7
8	87	9	86	87	8
9	88	10	87	88	9
10	89	11	88	89	10
11	90	12	89	90	11
12	91	13	90	91	12
13	92	14	91	92	13
14	93	15	92	93	14	50	129	51	128	129	50
15	94	16	93	94	15
16	95	17	94	95	16
17	96	18	95	96	17
18	97	19	96	97	18
19	98	20	97	98	19
20	99	21	98	99	20
21	100	22	99	100	21
22	101	23	100	101	22	58	137	59	136	137	58
23	102	24	101	102	23	59	138	60	137	138	59
24	103	25	102	103	24
25	104	26	103	104	25
26	105	27	104	105	26
27	106	28	105	106	27
28	107	29	106	107	28
29	108	30	107	108	29
30	109	31	108	109	30
31	110	32	109	110	31	67	146	68	145	146	67
32	111	33	110	111	32
33	112	34	111	112	33
34	113	35	112	113	34	70	149	71	148	149	70
35	114	36	113	114	35
36	115	37	114	115	36
37	116	38	115	116	37
38	117	39	116	117	38
39	118	40	117	118	39
40	119	41	118	119	40
77	120	42	155	120	77
42	121	43	120	121	42
43	122	44	121	122	43
44	123	45	122	123	44
45	124	46	123	124	45
46	125	47	124	125	46
47	126	48	125	126	47
48	127	49	126	127	48
49	128	50	127	128	49
51	130	52	129	130	51
52	131	53	130	131	52
53	132	54	131	132	53
54	133	55	132	133	54
55	134	56	133	134	55
56	135	57	134	135	56
57	136	58	135	136	57
60	139	61	138	139	60
61	140	62	139	140	61
62	141	63	140	141	62
63	142	64	141	142	63
64	143	65	142	143	64
65	144	66	143	144	65
66	145	67	144	145	66
68	147	69	146	147	68
69	148	70	147	148	69
71	150	72	149	150	71
72	151	73	150	151	72
73	152	74	151	152	73
74	153	75	152	153	74
75	154	76	153	154	75
76	155	77	154	155	76
5	78	83	0	78	5	1	80	79	2	80	1	159	168	167	160	168	159	161	170	169	162	170	161	172	327	326	173	327	172	176	331	330	177	331	176	178	333	332	179	333	178	180	335	334	181	335	180	480	584	583	481	584	480	481	585	584	482	585	481	691	692	697	686	692	691	689	696	695	690	696	689	703	790	789	704	790	703	705	792	791	706	792	705	709	796	795	710	796	709
0	79	78	1	79	0	4	83	82	5	83	4	158	167	166	159	167	158	175	330	329	176	330	175	179	334	333	180	334	179	488	583	591	480	583	488	486	590	589	487	590	486	688	695	694	689	695	688	700	787	786	701	787	700	702	789	788	703	789	702	704	791	790	705	791	704
2	81	80	3	81	2	156	165	164	157	165	156	160	169	168	161	169	160	162	171	170	163	171	162	181	326	335	172	326	181	173	328	327	174	328	173	177	332	331	178	332	177	482	586	585	483	586	482	484	588	587	485	588	484	686	693	692	687	693	686	690	697	696	691	697	690	698	785	784	699	785	698	706	793	792	707	793	706	708	795	794	709	795	708	710	797	796	711	797	710
3	82	81	4	82	3	163	164	171	156	164	163	157	166	165	158	166	157	174	329	328	175	329	174	483	587	586	484	587	483	485	589	588	486	589	485	487	591	590	488	591	487	687	694	693	688	694	687	711	784	797	698	784	711	699	786	785	700	786	699	701	788	787	702	788	701	707	794	793	708	794	707
2	72	3	72	73	3	73	74	3	74	75	3	75	76	3	76	77	3	77	4	3	77	42	4	42	43	4	43	44	4	44	45	4	45	46	4	46	47	4	47	48	4	48	49	4	49	50	4	50	5	4	2	71	72	2	70	71	2	69	70	2	68	69	2	67	68	51	5	50	2	66	67	52	5	51	2	65	66	53	12	52	12	13	52	13	14	52	14	5	52	2	64	65	54	12	53	2	63	64	55	12	54	2	62	63	56	12	55	2	61	62	57	10	56	10	11	56	11	12	56	2	37	61	37	60	61	58	9	57	9	10	57	37	38	60	38	59	60	59	8	58	8	9	58	38	39	59	39	40	59	40	41	59	41	6	59	6	7	59	7	8	59	2	36	37	2	35	36	2	34	35	2	33	34	2	32	33	2	31	32	15	5	14	2	30	31	16	5	15	2	29	30	17	5	16	2	28	29	18	5	17	2	27	28	19	5	18	2	26	27	20	5	19	2	25	26	21	5	20	2	24	25	22	5	21	2	23	24	23	5	22	2	0	23	0	5	23	2	1	0	161	163	162	161	156	163	159	161	160	159	156	161	159	157	156	159	158	157	175	177	176	175	178	177	179	181	180	179	271	181	271	270	181	270	172	181	179	272	271	179	273	272	269	172	270	179	274	273	268	172	269	179	275	274	267	172	268	179	276	275	266	172	267	179	277	276	265	172	266	179	278	277	264	172	265	179	279	278	263	172	264	179	280	279	262	172	263	179	281	280	261	172	262	175	179	178	175	281	179	261	173	172	261	307	173	307	306	173	306	305	173	305	304	173	304	303	173	303	302	173	302	301	173	301	300	173	300	299	173	299	298	173	298	174	173	175	282	281	260	307	261	175	283	282	259	307	260	175	284	283	258	307	259	258	308	307	258	309	308	258	310	309	175	285	284	257	310	258	257	311	310	175	286	285	256	311	257	256	312	311	175	287	286	255	312	256	255	313	312	175	288	287	254	313	255	175	289	288	289	313	254	175	313	289	175	314	313	175	315	314	175	316	315	175	317	316	297	174	298	175	318	317	296	174	297	175	319	318	295	174	296	175	320	319	294	174	295	175	321	320	293	174	294	175	322	321	292	174	293	175	323	322	291	174	292	175	324	323	290	174	291	175	325	324	325	174	290	175	235	325	235	234	325	234	233	325	233	232	325	232	231	325	231	230	325	230	229	325	229	174	325	175	236	235	175	237	236	175	238	237	175	239	238	175	240	239	175	241	240	175	242	241	228	174	229	175	243	242	227	174	228	175	244	243	226	174	227	175	245	244	225	174	226	175	246	245	224	174	225	175	247	246	223	174	224	175	248	247	222	174	223	175	249	248	221	174	222	175	250	249	220	174	221	175	251	250	219	174	220	175	252	251	218	174	219	175	253	252	253	174	218	175	199	253	199	198	253	198	197	253	197	196	253	196	174	253	175	200	199	175	201	200	175	202	201	175	203	202	195	174	196	175	204	203	194	174	195	175	205	204	193	174	194	175	206	205	192	174	193	175	207	206	191	174	192	175	208	207	190	174	191	175	209	208	189	174	190	175	210	209	188	174	189	175	211	210	187	174	188	175	212	211	186	174	187	175	213	212	185	174	186	175	214	213	184	174	185	175	215	214	183	174	184	175	216	215	182	174	183	175	217	216	217	174	182	175	174	217	487	480	488	487	481	480	485	487	486	485	481	487	485	555	481	555	556	481	556	525	481	525	526	481	526	527	481	527	528	481	528	529	481	529	530	481	530	531	481	531	482	481	485	554	555	485	553	554	485	552	553	485	551	552	485	550	551	485	549	550	485	548	549	485	547	548	485	546	547	532	482	531	485	545	546	533	482	532	485	544	545	534	482	533	485	543	544	485	542	543	535	581	534	581	582	534	582	482	534	485	541	542	536	581	535	485	540	541	537	581	536	485	539	540	538	581	537	485	538	539	485	575	538	575	576	538	576	577	538	577	578	538	578	579	538	579	580	538	580	581	538	485	574	575	485	573	574	485	572	573	485	571	572	485	570	571	485	569	570	485	568	569	557	482	582	558	482	557	485	567	568	559	482	558	485	566	567	560	482	559	485	565	566	561	482	560	485	564	565	562	482	561	485	563	564	563	482	562	485	497	563	497	498	563	498	499	563	499	500	563	500	501	563	501	502	563	502	503	563	503	504	563	504	482	563	485	496	497	485	495	496	485	494	495	485	493	494	485	492	493	485	491	492	485	490	491	485	489	490	505	482	504	485	524	489	506	482	505	485	523	524	507	482	506	485	522	523	508	482	507	485	521	522	509	482	508	485	520	521	510	482	509	485	519	520	511	482	510	485	518	519	512	482	511	485	517	518	513	482	512	485	516	517	514	482	513	485	515	516	515	482	514	485	484	515	484	482	515	483	482	484	688	690	689	688	691	690	688	686	691	688	687	686	704	706	705	704	708	706	708	707	706	704	709	708	702	704	703	702	709	704	702	710	709	702	728	710	728	729	710	729	730	710	730	731	710	731	732	710	732	733	710	733	734	710	734	735	710	735	736	710	736	737	710	737	738	710	738	774	710	774	711	710	702	727	728	702	726	727	702	725	726	702	724	725	702	723	724	702	722	723	702	721	722	702	720	721	702	719	720	739	774	738	702	718	719	740	774	739	702	717	718	741	774	740	702	716	717	742	773	741	773	774	741	702	715	716	743	773	742	702	714	715	744	772	743	772	773	743	702	713	714	745	772	744	702	712	713	746	770	745	770	771	745	771	772	745	702	747	712	747	770	746	702	764	747	764	765	747	765	766	747	766	767	747	767	768	747	768	769	747	769	770	747	702	763	764	702	762	763	702	761	762	702	760	761	702	759	760	702	758	759	702	757	758	702	756	757	702	755	756	775	711	774	702	754	755	776	711	775	702	753	754	777	711	776	702	752	753	778	711	777	702	751	752	779	711	778	702	750	751	780	711	779	702	749	750	781	711	780	702	748	749	782	711	781	702	783	748	783	711	782	702	701	783	701	711	783	700	698	701	698	711	701	700	699	698
83	128	82	128	127	82	127	126	82	126	125	82	125	124	82	124	123	82	123	122	82	122	121	82	121	120	82	120	155	82	155	81	82	155	154	81	154	153	81	153	152	81	152	151	81	151	150	81	150	80	81	149	80	150	148	80	149	147	80	148	146	80	147	83	129	128	145	80	146	83	130	129	144	80	145	83	92	130	92	91	130	91	90	130	90	131	130	143	80	144	90	132	131	142	80	143	90	133	132	141	80	142	90	134	133	140	80	141	90	89	134	89	88	134	88	135	134	139	80	140	88	87	135	87	136	135	138	115	139	115	80	139	87	86	136	86	137	136	137	116	138	116	115	138	86	85	137	85	84	137	84	119	137	119	118	137	118	117	137	117	116	137	114	80	115	113	80	114	112	80	113	111	80	112	110	80	111	83	93	92	109	80	110	83	94	93	108	80	109	83	95	94	107	80	108	83	96	95	106	80	107	83	97	96	105	80	106	83	98	97	104	80	105	83	99	98	103	80	104	83	100	99	102	80	103	83	101	100	101	80	102	83	78	101	78	80	101	79	80	78	164	170	171	164	169	170	166	164	165	166	169	164	166	168	169	166	167	168	326	424	335	424	425	335	425	334	335	425	333	334	332	330	331	332	329	330	426	333	425	326	423	424	427	333	426	326	422	423	428	333	427	326	421	422	429	333	428	326	420	421	430	333	429	326	419	420	431	333	430	326	418	419	432	333	431	326	417	418	433	333	432	326	416	417	434	333	433	326	415	416	435	333	434	328	452	327	452	453	327	453	454	327	454	455	327	455	456	327	456	457	327	457	458	327	458	459	327	459	460	327	460	461	327	461	326	327	461	415	326	435	332	333	435	329	332	461	414	415	436	329	435	461	413	414	437	329	436	461	412	413	438	329	437	462	412	461	463	412	462	464	412	463	464	411	412	439	329	438	465	411	464	465	410	411	440	329	439	466	410	465	466	409	410	441	329	440	467	409	466	467	408	409	442	329	441	467	443	408	443	329	442	467	329	443	468	329	467	469	329	468	470	329	469	328	451	452	471	329	470	328	450	451	472	329	471	328	449	450	473	329	472	328	448	449	474	329	473	328	447	448	475	329	474	328	446	447	476	329	475	328	445	446	477	329	476	328	444	445	478	329	477	328	479	444	479	329	478	328	383	479	383	384	479	384	385	479	385	386	479	386	387	479	387	388	479	388	389	479	389	329	479	390	329	389	391	329	390	392	329	391	393	329	392	394	329	393	395	329	394	328	382	383	396	329	395	328	381	382	397	329	396	328	380	381	398	329	397	328	379	380	399	329	398	328	378	379	400	329	399	328	377	378	401	329	400	328	376	377	402	329	401	328	375	376	403	329	402	328	374	375	404	329	403	328	373	374	405	329	404	328	372	373	406	329	405	328	407	372	407	329	406	328	350	407	350	351	407	351	352	407	352	353	407	353	329	407	354	329	353	355	329	354	356	329	355	328	349	350	357	329	356	328	348	349	358	329	357	328	347	348	359	329	358	328	346	347	360	329	359	328	345	346	361	329	360	328	344	345	362	329	361	328	343	344	363	329	362	328	342	343	364	329	363	328	341	342	365	329	364	328	340	341	366	329	365	328	339	340	367	329	366	328	338	339	368	329	367	328	337	338	369	329	368	328	336	337	370	329	369	328	371	336	371	329	370	328	329	371	584	591	583	584	590	591	584	589	590	584	588	589	585	634	584	634	633	584	633	632	584	632	631	584	631	630	584	630	629	584	629	628	584	628	659	584	659	658	584	658	588	584	657	588	658	656	588	657	655	588	656	654	588	655	653	588	654	652	588	653	651	588	652	650	588	651	585	635	634	649	588	650	648	588	649	585	636	635	647	588	648	585	637	636	646	588	647	645	588	646	585	685	637	685	684	637	684	638	637	644	588	645	684	639	638	643	588	644	684	640	639	642	588	643	684	641	640	641	588	642	684	683	641	683	682	641	682	681	641	681	680	641	680	679	641	679	678	641	678	588	641	677	588	678	676	588	677	675	588	676	674	588	675	673	588	674	672	588	673	585	660	685	671	588	672	585	661	660	670	588	671	585	662	661	669	588	670	585	663	662	668	588	669	585	664	663	667	588	668	585	665	664	666	588	667	585	666	665	585	607	666	607	606	666	606	605	666	605	604	666	604	603	666	603	602	666	602	601	666	601	600	666	600	588	666	599	588	600	598	588	599	597	588	598	596	588	597	595	588	596	594	588	595	593	588	594	585	608	607	592	588	593	585	609	608	627	588	592	585	610	609	626	588	627	585	611	610	625	588	626	585	612	611	624	588	625	585	613	612	623	588	624	585	614	613	622	588	623	585	615	614	621	588	622	585	616	615	620	588	621	585	617	616	619	588	620	585	618	617	618	588	619	585	587	618	587	588	618	585	586	587	697	695	696	697	694	695	693	697	692	693	694	697	793	791	792	793	794	791	794	790	791	795	790	794	795	789	790	795	788	789	797	860	796	860	824	796	824	823	796	823	822	796	822	821	796	821	820	796	820	819	796	819	818	796	818	817	796	817	816	796	816	815	796	815	795	796	815	814	795	814	788	795	813	788	814	812	788	813	811	788	812	810	788	811	809	788	810	808	788	809	807	788	808	806	788	807	860	825	824	805	788	806	860	826	825	804	788	805	860	827	826	803	788	804	860	859	827	859	828	827	802	788	803	859	829	828	801	788	802	859	858	829	858	830	829	800	788	801	858	831	830	799	788	800	858	857	831	857	856	831	856	832	831	798	788	799	856	833	832	833	788	798	856	855	833	855	854	833	854	853	833	853	852	833	852	851	833	851	850	833	850	788	833	849	788	850	848	788	849	847	788	848	846	788	847	845	788	846	844	788	845	843	788	844	842	788	843	797	861	860	841	788	842	797	862	861	840	788	841	797	863	862	839	788	840	797	864	863	838	788	839	797	865	864	837	788	838	797	866	865	836	788	837	797	867	866	835	788	836	797	868	867	834	788	835	797	869	868	869	788	834	797	787	869	787	788	869	797	784	787	784	786	787	785	786	784
217	336	371	182	336	217	253	372	407	218	372	253
182	337	336	183	337	182
183	338	337	184	338	183	219	374	373	220	374	219
184	339	338	185	339	184
185	340	339	186	340	185
186	341	340	187	341	186
187	342	341	188	342	187
188	343	342	189	343	188
189	344	343	190	344	189
190	345	344	191	345	190
191	346	345	192	346	191
192	347	346	193	347	192
193	348	347	194	348	193	229	384	383	230	384	229
194	349	348	195	349	194
195	350	349	196	350	195
196	351	350	197	351	196	232	387	386	233	387	232
197	352	351	198	352	197
198	353	352	199	353	198	270	425	424	271	425	270
199	354	353	200	354	199	307	462	461	308	462	307
200	355	354	201	355	200
201	356	355	202	356	201	237	392	391	238	392	237
202	357	356	203	357	202
203	358	357	204	358	203
204	359	358	205	359	204
205	360	359	206	360	205
206	361	360	207	361	206
207	362	361	208	362	207
208	363	362	209	363	208
209	364	363	210	364	209
210	365	364	211	365	210
211	366	365	212	366	211
212	367	366	213	367	212
213	368	367	214	368	213
214	369	368	215	369	214	250	405	404	251	405	250
215	370	369	216	370	215
216	371	370	217	371	216	252	407	406	253	407	252
218	373	372	219	373	218
220	375	374	221	375	220	292	447	446	293	447	292
221	376	375	222	376	221
222	377	376	223	377	222
223	378	377	224	378	223
224	379	378	225	379	224
225	380	379	226	380	225
226	381	380	227	381	226
227	382	381	228	382	227
228	383	382	229	383	228
230	385	384	231	385	230
231	386	385	232	386	231	303	458	457	304	458	303
233	388	387	234	388	233
234	389	388	235	389	234
235	390	389	236	390	235
236	391	390	237	391	236
238	393	392	239	393	238	274	429	428	275	429	274
239	394	393	240	394	239
240	395	394	241	395	240
241	396	395	242	396	241
242	397	396	243	397	242
243	398	397	244	398	243
244	399	398	245	399	244
245	400	399	246	400	245
246	401	400	247	401	246
247	402	401	248	402	247
248	403	402	249	403	248
249	404	403	250	404	249
251	406	405	252	406	251
289	408	443	254	408	289
254	409	408	255	409	254
255	410	409	256	410	255	291	446	445	292	446	291
256	411	410	257	411	256
257	412	411	258	412	257
258	413	412	259	413	258
259	414	413	260	414	259	517	621	518	620	621	517
260	415	414	261	415	260
261	416	415	262	416	261	538	642	539	641	642	538
262	417	416	263	417	262
263	418	417	264	418	263	299	454	453	300	454	299
264	419	418	265	419	264	512	616	513	615	616	512
265	420	419	266	420	265	301	456	455	302	456	301
266	421	420	267	421	266
267	422	421	268	422	267
268	423	422	269	423	268	304	459	458	305	459	304
269	424	423	270	424	269
271	426	425	272	426	271
272	427	426	273	427	272	308	463	462	309	463	308
273	428	427	274	428	273
275	430	429	276	430	275
276	431	430	277	431	276	312	467	466	313	467	312
277	432	431	278	432	277
278	433	432	279	433	278	314	469	468	315	469	314
279	434	433	280	434	279
280	435	434	281	435	280
281	436	435	282	436	281
282	437	436	283	437	282
283	438	437	284	438	283
284	439	438	285	439	284
285	440	439	286	440	285
286	441	440	287	441	286
287	442	441	288	442	287	323	478	477	324	478	323
288	443	442	289	443	288
325	444	479	290	444	325
290	445	444	291	445	290
293	448	447	294	448	293
294	449	448	295	449	294
295	450	449	296	450	295
296	451	450	297	451	296	516	620	517	619	620	516	539	643	540	642	643	539
297	452	451	298	452	297	515	619	516	618	619	515
298	453	452	299	453	298
300	455	454	301	455	300
302	457	456	303	457	302
305	460	459	306	460	305
306	461	460	307	461	306
309	464	463	310	464	309
310	465	464	311	465	310
311	466	465	312	466	311
313	468	467	314	468	313
315	470	469	316	470	315
316	471	470	317	471	316
317	472	471	318	472	317	495	599	496	598	599	495	554	658	555	657	658	554
318	473	472	319	473	318
319	474	473	320	474	319
320	475	474	321	475	320
321	476	475	322	476	321
322	477	476	323	477	322
324	479	478	325	479	324
524	592	489	627	592	524
489	593	490	592	593	489
490	594	491	593	594	490
491	595	492	594	595	491
492	596	493	595	596	492
493	597	494	596	597	493
494	598	495	597	598	494
496	600	497	599	600	496
497	601	498	600	601	497
498	602	499	601	602	498
499	603	500	602	603	499
500	604	501	603	604	500
501	605	502	604	605	501
502	606	503	605	606	502
503	607	504	606	607	503
504	608	505	607	608	504
505	609	506	608	609	505
506	610	507	609	610	506
507	611	508	610	611	507
508	612	509	611	612	508
509	613	510	612	613	509
510	614	511	613	614	510
511	615	512	614	615	511
513	617	514	616	617	513
514	618	515	617	618	514
518	622	519	621	622	518
519	623	520	622	623	519
520	624	521	623	624	520
521	625	522	624	625	521
522	626	523	625	626	522
523	627	524	626	627	523
556	628	525	659	628	556
525	629	526	628	629	525
526	630	527	629	630	526
527	631	528	630	631	527
528	632	529	631	632	528
529	633	530	632	633	529
530	634	531	633	634	530
531	635	532	634	635	531
532	636	533	635	636	532
533	637	534	636	637	533
534	638	535	637	638	534
535	639	536	638	639	535
536	640	537	639	640	536
537	641	538	640	641	537
540	644	541	643	644	540
541	645	542	644	645	541
542	646	543	645	646	542
543	647	544	646	647	543
544	648	545	647	648	544
545	649	546	648	649	545
546	650	547	649	650	546
547	651	548	650	651	547
548	652	549	651	652	548
549	653	550	652	653	549
550	654	551	653	654	550
551	655	552	654	655	551
552	656	553	655	656	552
553	657	554	656	657	553
555	659	556	658	659	555
582	660	557	685	660	582
557	661	558	660	661	557
558	662	559	661	662	558
559	663	560	662	663	559
560	664	561	663	664	560
561	665	562	664	665	561
562	666	563	665	666	562
563	667	564	666	667	563
564	668	565	667	668	564
565	669	566	668	669	565
566	670	567	669	670	566
567	671	568	670	671	567
568	672	569	671	672	568
569	673	570	672	673	569
570	674	571	673	674	570
571	675	572	674	675	571
572	676	573	675	676	572
573	677	574	676	677	573
574	678	575	677	678	574
575	679	576	678	679	575
576	680	577	679	680	576
577	681	578	680	681	577
578	682	579	681	682	578
579	683	580	682	683	579
580	684	581	683	684	580
581	685	582	684	685	581
747	798	712	833	798	747	783	834	748	869	834	783
712	799	713	798	799	712	748	835	749	834	835	748
713	800	714	799	800	713	749	836	750	835	836	749
714	801	715	800	801	714	750	837	751	836	837	750
715	802	716	801	802	715	751	838	752	837	838	751
716	803	717	802	803	716
717	804	718	803	804	717
718	805	719	804	805	718
719	806	720	805	806	719
720	807	721	806	807	720
721	808	722	807	808	721
722	809	723	808	809	722
723	810	724	809	810	723
724	811	725	810	811	724
725	812	726	811	812	725
726	813	727	812	813	726
727	814	728	813	814	727	763	850	764	849	850	763
728	815	729	814	815	728	764	851	765	850	851	764
729	816	730	815	816	729	765	852	766	851	852	765
730	817	731	816	817	730	766	853	767	852	853	766
731	818	732	817	818	731
732	819	733	818	819	732
733	820	734	819	820	733
734	821	735	820	821	734
735	822	736	821	822	735
736	823	737	822	823	736
737	824	738	823	824	737
738	825	739	824	825	738
739	826	740	825	826	739
740	827	741	826	827	740
741	828	742	827	828	741
742	829	743	828	829	742	778	865	779	864	865	778
743	830	744	829	830	743	779	866	780	865	866	779
744	831	745	830	831	744	780	867	781	866	867	780
745	832	746	831	832	745	781	868	782	867	868	781
746	833	747	832	833	746	782	869	783	868	869	782
752	839	753	838	839	752
753	840	754	839	840	753
754	841	755	840	841	754
755	842	756	841	842	755
756	843	757	842	843	756
757	844	758	843	844	757
758	845	759	844	845	758
759	846	760	845	846	759
760	847	761	846	847	760
761	848	762	847	848	761
762	849	763	848	849	762
767	854	768	853	854	767
768	855	769	854	855	768
769	856	770	855	856	769
770	857	771	856	857	770
771	858	772	857	858	771
772	859	773	858	859	772
773	860	774	859	860	773
774	861	775	860	861	774
775	862	776	861	862	775
776	863	777	862	863	776
777	864	778	863	864	777

#	Normal	341
-0.0871453	0.996196	0
-0.258848	0.965918	0
-0.422596	0.906318	0
-0.573567	0.819159	0
-0.707076	0.707138	0
-0.819222	0.573477	0
-0.906241	0.422761	0
-0.965953	0.258716	0
-0.996195	0.087148	0
-0.996195	-0.087148	0
-0.965953	-0.258716	0
-0.906241	-0.422761	0
-0.819222	-0.573477	0
-0.707076	-0.707138	0
-0.573567	-0.819159	0
-0.422596	-0.906318	0
-0.258848	-0.965918	0
-0.0871453	-0.996196	0
0.0871453	-0.996196	0
0.258848	-0.965918	0
0.422596	-0.906318	0
0.573567	-0.819159	0
0.707076	-0.707138	0
0.819222	-0.573477	0
0.906337	-0.422557	0
0.965891	-0.258949	0
0.996195	-0.087148	0
0.996195	0.087148	-0
0.965891	0.258949	-0
0.906337	0.422557	-0
0.819222	0.573477	-0
0.707076	0.707138	-0
0.573567	0.819159	-0
0.422596	0.906318	-0
0.258848	0.965918	-0
0.0871453	0.996196	-0
-0.0871762	0.996193	0
-0.258819	0.965926	0
-0.422621	0.906306	0
-0.573546	0.819173	0
-0.707091	0.707122	0
-0.819094	0.573659	0
-0.906337	0.422557	0
-0.965955	0.258709	0
-0.996195	0.0871507	0
-0.965955	-0.258709	0
-0.906331	-0.422568	0
-0.819105	-0.573644	0
-0.707091	-0.707122	0
-0.573546	-0.819173	0
-0.422621	-0.906306	0
-0.258819	-0.965926	0
0.258819	-0.965926	0
0.422621	-0.906306	0
0.573546	-0.819173	0
0.707216	-0.706998	0
0.819105	-0.573644	0
0.906331	-0.422568	0
0.965893	-0.258941	0
0.996195	0.0871507	-0
0.965893	0.258941	-0
0.819094	0.573659	-0
0.707216	0.706998	-0
0.573546	0.819173	-0
0.422621	0.906306	-0
0.258819	0.965926	-0
0.0871762	0.996193	-0
-0	1	0
1	0	0
-1	0	0
-0	-1	-0
0	0	1
0	0	-1
0.0871497	0.996195	0
0.258823	0.965925	0
0.422625	0.906305	0
0.573569	0.819157	0
0.707119	0.707094	0
0.819145	0.573586	0
0.9063	0.422636	0
0.965929	0.258806	0
0.996195	0.0871497	0
0.996195	-0.0871475	0
0.965929	-0.258806	0
0.906295	-0.422646	0
0.819145	-0.573586	0
0.707119	-0.707094	0
0.573569	-0.819157	0
0.422625	-0.906305	0
0.258823	-0.965925	0
0.0871497	-0.996195	0
-0.0871497	-0.996195	-0
-0.258823	-0.965925	-0
-0.422625	-0.906305	-0
-0.573569	-0.819157	-0
-0.707119	-0.707094	-0
-0.819145	-0.573586	-0
-0.906314	-0.422605	-0
-0.965917	-0.258853	-0
-0.996195	-0.0871475	-0
-0.996195	0.0871497	0
-0.965917	0.258853	0
-0.906319	0.422595	0
-0.819145	0.573586	0
-0.707119	0.707094	0
-0.573569	0.819157	0
-0.422625	0.906305	0
-0.258823	0.965925	0
-0.0871497	0.996195	0
0.2588	0.965931	0
0.573586	0.819145	0
0.707107	0.707107	0
0.819154	0.573574	0
0.906314	0.422605	0
0.965917	0.258853	0
0.996195	0.0871475	0
0.996195	-0.0871497	0
0.965917	-0.258853	0
0.906319	-0.422595	0
0.707107	-0.707107	0
0.573586	-0.819145	0
0.2588	-0.965931	0
0.0871744	-0.996193	0
-0.0871744	-0.996193	-0
-0.2588	-0.965931	-0
-0.573586	-0.819145	-0
-0.707082	-0.707132	-0
-0.819169	-0.573553	-0
-0.9063	-0.422636	-0
-0.965929	-0.258806	-0
-0.996195	-0.0871497	-0
-0.996195	0.0871475	0
-0.965929	0.258806	0
-0.906295	0.422646	0
-0.819177	0.573541	0
-0.707082	0.707132	0
-0.573586	0.819145	0
-0.2588	0.965931	0
0.0871572	0.996195	0
0.258821	0.965925	0
0.42262	0.906307	0
0.573565	0.81916	0
0.707121	0.707093	0
0.819152	0.573577	0
0.906297	0.42264	0
0.965923	0.258829	0
0.996198	0.087118	0
0.996198	-0.0871173	0
0.965923	-0.258831	0
0.906297	-0.42264	0
0.819154	-0.573573	0
0.707121	-0.707093	0
0.57356	-0.819163	0
0.42262	-0.906307	0
0.258828	-0.965924	0
-0.0871551	-0.996195	-0
-0.258828	-0.965924	-0
-0.422599	-0.906317	-0
-0.707093	-0.707121	-0
-0.819154	-0.573573	-0
-0.906319	-0.422594	-0
-0.965923	-0.258831	-0
-0.996193	-0.0871729	-0
-0.996193	0.0871736	0
-0.965923	0.258829	0
-0.906319	0.422594	0
-0.819152	0.573577	0
-0.707093	0.707121	0
-0.573591	0.819142	0
-0.422599	0.906317	0
-0.258821	0.965925	0
-0.0871621	0.996194	0
0.0871621	0.996194	0
0.258807	0.965929	0
0.707093	0.707121	0
0.819154	0.573573	0
0.906319	0.422594	0
0.965923	0.258831	0
0.996193	0.0871729	0
0.996193	-0.0871729	0
0.906319	-0.422594	0
0.707093	-0.707121	0
0.258814	-0.965927	0
0.0871551	-0.996195	0
-0.42262	-0.906307	-0
-0.57356	-0.819163	-0
-0.707121	-0.707093	-0
-0.906297	-0.42264	-0
-0.996198	-0.0871173	-0
-0.996198	0.0871173	0
-0.965923	0.258831	0
-0.906297	0.42264	0
-0.819154	0.573573	0
-0.707121	0.707093	0
-0.57356	0.819163	0
-0.42262	0.906307	0
-0.0871572	0.996195	0
-0.0871405	0.996196	0
-0.258842	0.96592	0
-0.422642	0.906297	0
-0.573507	0.8192	0
-0.707149	0.707065	0
-0.819102	0.573648	0
-0.906383	0.422456	0
-0.996193	0.0871729	0
-0.996193	-0.0871736	0
-0.965923	-0.258829	0
-0.906383	-0.422456	0
-0.819099	-0.573652	0
-0.707149	-0.707065	0
-0.573512	-0.819197	0
-0.422642	-0.906297	0
-0.258835	-0.965922	0
-0.0871475	-0.996195	0
0.087167	-0.996194	0
0.258835	-0.965922	0
0.422556	-0.906337	0
0.573617	-0.819123	0
0.707149	-0.707065	0
0.819099	-0.573652	0
0.965923	-0.258829	0
0.996193	-0.0871736	0
0.819102	0.573648	-0
0.707149	0.707065	-0
0.573613	0.819127	-0
0.422556	0.906337	-0
0.258842	0.96592	-0
0.08716	0.996194	-0
-0.994763	-0.102207	0
-0.953242	-0.302207	0
-0.871993	-0.489519	0
-0.743408	-0.668838	0
-0.563304	-0.82625	0
-0.351376	-0.936235	0
-0.119422	-0.992844	0
0.119422	-0.992844	0
0.351376	-0.936235	0
0.5634	-0.826185	0
0.743408	-0.668838	0
0.871891	-0.489701	0
0.953242	-0.302207	0
0.994763	-0.102207	0
0.906277	0.422685	-0
0.819232	0.573463	-0
0.707006	0.707207	-0
0.573617	0.819123	-0
0.422553	0.906338	-0
0.25884	0.96592	-0
0.0871687	0.996194	-0
-0.0871687	0.996194	0
-0.25877	0.965939	0
-0.42266	0.906288	0
-0.573617	0.819123	0
-0.707006	0.707207	0
-0.819232	0.573463	0
-0.906277	0.422685	0
-0.996198	0.0871176	0
0.109254	-0.994014	0
0.322366	-0.946615	0
0.520064	-0.854127	0
0.692802	-0.721128	0
0.832881	-0.553452	0
0.939505	-0.342535	0
0.99565	-0.0931772	0
0.986811	0.161874	-0
0.913585	0.406648	-0
0.780887	0.624672	-0
0.597285	0.802029	-0
0.37469	0.92715	-0
0.127649	0.991819	-0
-0.127668	0.991817	0
-0.37469	0.92715	0
-0.597285	0.802029	0
-0.780887	0.624672	0
-0.913585	0.406648	0
-0.986811	0.161874	0
-0.99565	-0.0931772	0
-0.939505	-0.342535	0
-0.832881	-0.553452	0
-0.692802	-0.721128	0
-0.520064	-0.854127	0
-0.322366	-0.946615	0
-0.109273	-0.994012	0
-0.0871589	0.996194	0
-0.258824	0.965924	0
-0.422603	0.906315	0
-0.573603	0.819133	0
-0.707087	0.707127	0
-0.819194	0.573516	0
-0.906279	0.42268	0
-0.965942	0.258761	0
-0.996187	0.0872474	0
-0.996187	-0.0872471	0
-0.965942	-0.258761	0
-0.906278	-0.422682	0
-0.819194	-0.573516	0
-0.707088	-0.707125	0
-0.573601	-0.819135	0
-0.422606	-0.906313	0
-0.258824	-0.965924	0
-0.0871558	-0.996195	0
0.0871558	-0.996195	0
0.258824	-0.965924	0
0.422606	-0.906313	0
0.573601	-0.819135	0
0.707088	-0.707125	0
0.819101	-0.57365	0
0.906355	-0.422518	0
0.965892	-0.258946	0
0.996204	-0.0870495	0
0.996204	0.0870497	-0
0.965892	0.258946	-0
0.906355	0.422517	-0
0.819101	0.57365	-0
0.707087	0.707127	-0
0.573603	0.819133	-0
0.422603	0.906315	-0
0.258824	0.965924	-0
0.0871589	0.996194	-0
-0.819101	0.57365	0
-0.906355	0.422517	0
-0.965892	0.258946	0
-0.996204	0.0870497	0
-0.996204	-0.0870495	0
-0.965892	-0.258946	0
-0.906355	-0.422518	0
-0.819102	-0.573648	0
-0.707087	-0.707127	0
-0.573603	-0.819133	0
-0.422603	-0.906315	0
0.422603	-0.906315	0
0.573603	-0.819133	0
0.707087	-0.707127	0
0.819195	-0.573515	0
0.906278	-0.422682	0
0.965942	-0.258761	0
0.996187	-0.0872471	0
0.996187	0.0872474	-0
0.965942	0.258761	-0
0.906279	0.42268	-0
0.819194	0.573516	-0

#	Mesh	0	End

