#	Mesh	0	Begin

#	Vertex	692
-33781.7	12114.5	-50
-33781.7	12114.5	4750
-33781.7	11914.5	4750
-33781.7	11914.5	-50
-25681.7	11914.5	4750
-25681.7	11914.5	-50
-31081.7	11914.5	2300
-32281.7	11914.5	2300
-32281.7	11914.5	200
-31081.7	11914.5	200
-26081.5	11914.5	0
-26081.5	11914.5	2100
-27881.5	11914.5	2100
-29681.5	11914.5	2100
-29681.5	11914.5	0
-27881.5	11914.5	0
-28287.8	11914.5	3412
-29287.8	11914.5	3412
-29287.8	11914.5	2888
-28287.8	11914.5	2888
-26453.3	11914.5	3412
-27453.3	11914.5	3412
-27453.3	11914.5	2888
-26453.3	11914.5	2888
-31262	11914.5	3532.76
-31248.1	11914.5	3533.97
-31234.6	11914.5	3537.58
-31222	11914.5	3543.47
-31210.6	11914.5	3551.47
-31200.7	11914.5	3561.33
-31192.7	11914.5	3572.76
-31186.8	11914.5	3585.4
-31183.2	11914.5	3598.86
-31182	11914.5	3612.76
-31183.2	11914.5	3626.65
-31186.8	11914.5	3640.12
-31192.7	11914.5	3652.76
-31200.7	11914.5	3664.18
-31210.6	11914.5	3674.04
-31222	11914.5	3682.04
-31234.6	11914.5	3687.93
-31248.1	11914.5	3691.54
-31262	11914.5	3692.76
-31275.9	11914.5	3691.54
-31289.3	11914.5	3687.93
-31302	11914.5	3682.04
-31313.4	11914.5	3674.04
-31323.3	11914.5	3664.18
-31331.3	11914.5	3652.76
-31337.2	11914.5	3640.12
-31340.8	11914.5	3626.65
-31342	11914.5	3612.76
-31340.8	11914.5	3598.86
-31337.2	11914.5	3585.4
-31331.3	11914.5	3572.76
-31323.3	11914.5	3561.33
-31313.4	11914.5	3551.47
-31302	11914.5	3543.47
-31289.3	11914.5	3537.58
-31275.9	11914.5	3533.97
-31660.2	11914.5	3510.71
-31653.7	11914.5	3511.28
-31647.4	11914.5	3512.97
-31641.5	11914.5	3515.73
-31636.1	11914.5	3519.48
-31631.5	11914.5	3524.11
-31627.8	11914.5	3529.46
-31625	11914.5	3535.38
-31623.3	11914.5	3541.7
-31622.7	11914.5	3548.21
-31623.3	11914.5	3554.72
-31625	11914.5	3561.04
-31627.8	11914.5	3566.96
-31631.5	11914.5	3572.31
-31636.1	11914.5	3576.94
-31641.5	11914.5	3580.69
-31647.4	11914.5	3583.45
-31653.7	11914.5	3585.14
-31660.2	11914.5	3585.71
-31666.7	11914.5	3585.14
-31673.1	11914.5	3583.45
-31679	11914.5	3580.69
-31684.3	11914.5	3576.94
-31689	11914.5	3572.31
-31692.7	11914.5	3566.96
-31695.5	11914.5	3561.04
-31697.2	11914.5	3554.72
-31697.7	11914.5	3548.21
-31697.2	11914.5	3541.7
-31695.5	11914.5	3535.38
-31692.7	11914.5	3529.46
-31689	11914.5	3524.11
-31684.3	11914.5	3519.48
-31679	11914.5	3515.73
-31673.1	11914.5	3512.97
-31666.7	11914.5	3511.28
-28267.6	11914.5	4368.5
-28262.1	11914.5	4368.98
-28256.8	11914.5	4370.4
-28251.9	11914.5	4372.72
-28247.4	11914.5	4375.87
-28243.5	11914.5	4379.75
-28240.3	11914.5	4384.25
-28238	11914.5	4389.23
-28236.6	11914.5	4394.53
-28236.1	11914.5	4400
-28236.6	11914.5	4405.47
-28238	11914.5	4410.77
-28240.3	11914.5	4415.75
-28243.5	11914.5	4420.25
-28247.4	11914.5	4424.13
-28251.9	11914.5	4427.28
-28256.8	11914.5	4429.6
-28262.1	11914.5	4431.02
-28267.6	11914.5	4431.5
-28273.1	11914.5	4431.02
-28278.4	11914.5	4429.6
-28283.4	11914.5	4427.28
-28287.9	11914.5	4424.13
-28291.7	11914.5	4420.25
-28294.9	11914.5	4415.75
-28297.2	11914.5	4410.77
-28298.6	11914.5	4405.47
-28299.1	11914.5	4400
-28298.6	11914.5	4394.53
-28297.2	11914.5	4389.23
-28294.9	11914.5	4384.25
-28291.7	11914.5	4379.75
-28287.9	11914.5	4375.87
-28283.4	11914.5	4372.72
-28278.4	11914.5	4370.4
-28273.1	11914.5	4368.98
-28084.5	11914.5	4375
-28080.2	11914.5	4375.38
-28076	11914.5	4376.51
-28072	11914.5	4378.35
-28068.5	11914.5	4380.85
-28065.4	11914.5	4383.93
-28062.9	11914.5	4387.5
-28061	11914.5	4391.45
-28059.9	11914.5	4395.66
-28059.5	11914.5	4400
-28059.9	11914.5	4404.34
-28061	11914.5	4408.55
-28062.9	11914.5	4412.5
-28065.4	11914.5	4416.07
-28068.5	11914.5	4419.15
-28072	11914.5	4421.65
-28076	11914.5	4423.49
-28080.2	11914.5	4424.62
-28084.5	11914.5	4425
-28088.9	11914.5	4424.62
-28093.1	11914.5	4423.49
-28097	11914.5	4421.65
-28100.6	11914.5	4419.15
-28103.7	11914.5	4416.07
-28106.2	11914.5	4412.5
-28108	11914.5	4408.55
-28109.2	11914.5	4404.34
-28109.5	11914.5	4400
-28109.2	11914.5	4395.66
-28108	11914.5	4391.45
-28106.2	11914.5	4387.5
-28103.7	11914.5	4383.93
-28100.6	11914.5	4380.85
-28097	11914.5	4378.35
-28093.1	11914.5	4376.51
-28088.9	11914.5	4375.38
-28436	11914.5	4368.5
-28430.5	11914.5	4368.98
-28425.2	11914.5	4370.4
-28420.2	11914.5	4372.72
-28415.7	11914.5	4375.87
-28411.8	11914.5	4379.75
-28408.7	11914.5	4384.25
-28406.4	11914.5	4389.23
-28404.9	11914.5	4394.53
-28404.5	11914.5	4400
-28404.9	11914.5	4405.47
-28406.4	11914.5	4410.77
-28408.7	11914.5	4415.75
-28411.8	11914.5	4420.25
-28415.7	11914.5	4424.13
-28420.2	11914.5	4427.28
-28425.2	11914.5	4429.6
-28430.5	11914.5	4431.02
-28436	11914.5	4431.5
-28441.4	11914.5	4431.02
-28446.7	11914.5	4429.6
-28451.7	11914.5	4427.28
-28456.2	11914.5	4424.13
-28460.1	11914.5	4420.25
-28463.2	11914.5	4415.75
-28465.6	11914.5	4410.77
-28467	11914.5	4405.47
-28467.5	11914.5	4400
-28467	11914.5	4394.53
-28465.6	11914.5	4389.23
-28463.2	11914.5	4384.25
-28460.1	11914.5	4379.75
-28456.2	11914.5	4375.87
-28451.7	11914.5	4372.72
-28446.7	11914.5	4370.4
-28441.4	11914.5	4368.98
-31462	11914.5	3534.03
-31448.1	11914.5	3535.25
-31434.6	11914.5	3538.85
-31422	11914.5	3544.75
-31410.5	11914.5	3552.75
-31400.7	11914.5	3562.61
-31392.7	11914.5	3574.03
-31386.8	11914.5	3586.67
-31383.2	11914.5	3600.14
-31382	11914.5	3614.03
-31383.2	11914.5	3627.92
-31386.8	11914.5	3641.39
-31392.7	11914.5	3654.03
-31400.7	11914.5	3665.45
-31410.5	11914.5	3675.31
-31422	11914.5	3683.31
-31434.6	11914.5	3689.21
-31448.1	11914.5	3692.81
-31462	11914.5	3694.03
-31475.9	11914.5	3692.81
-31489.3	11914.5	3689.21
-31502	11914.5	3683.31
-31513.4	11914.5	3675.31
-31523.2	11914.5	3665.45
-31531.2	11914.5	3654.03
-31537.1	11914.5	3641.39
-31540.7	11914.5	3627.92
-31542	11914.5	3614.03
-31540.7	11914.5	3600.14
-31537.1	11914.5	3586.67
-31531.2	11914.5	3574.03
-31523.2	11914.5	3562.61
-31513.4	11914.5	3552.75
-31502	11914.5	3544.75
-31489.3	11914.5	3538.85
-31475.9	11914.5	3535.25
-32031.7	11914.5	3722.95
-32017.8	11914.5	3724.17
-32004.4	11914.5	3727.78
-31991.7	11914.5	3733.67
-31980.3	11914.5	3741.67
-31970.4	11914.5	3751.53
-31962.4	11914.5	3762.95
-31956.6	11914.5	3775.59
-31952.9	11914.5	3789.06
-31951.7	11914.5	3802.95
-31952.9	11914.5	3816.85
-31956.6	11914.5	3830.32
-31962.4	11914.5	3842.95
-31970.4	11914.5	3854.38
-31980.3	11914.5	3864.24
-31991.7	11914.5	3872.24
-32004.4	11914.5	3878.13
-32017.8	11914.5	3881.74
-32031.7	11914.5	3882.95
-32045.6	11914.5	3881.74
-32059.1	11914.5	3878.13
-32071.7	11914.5	3872.24
-32083.2	11914.5	3864.24
-32093	11914.5	3854.38
-32101	11914.5	3842.95
-32106.9	11914.5	3830.32
-32110.5	11914.5	3816.85
-32111.7	11914.5	3802.95
-32110.5	11914.5	3789.06
-32106.9	11914.5	3775.59
-32101	11914.5	3762.95
-32093	11914.5	3751.53
-32083.2	11914.5	3741.67
-32071.7	11914.5	3733.67
-32059.1	11914.5	3727.78
-32045.6	11914.5	3724.17
-32341.7	11914.5	3719.3
-32327.8	11914.5	3720.51
-32314.4	11914.5	3724.12
-32301.7	11914.5	3730.02
-32290.3	11914.5	3738.01
-32280.5	11914.5	3747.88
-32272.5	11914.5	3759.3
-32266.6	11914.5	3771.94
-32263	11914.5	3785.41
-32261.7	11914.5	3799.3
-32263	11914.5	3813.19
-32266.6	11914.5	3826.66
-32272.5	11914.5	3839.3
-32280.5	11914.5	3850.72
-32290.3	11914.5	3860.58
-32301.7	11914.5	3868.58
-32314.4	11914.5	3874.47
-32327.8	11914.5	3878.08
-32341.7	11914.5	3879.3
-32355.6	11914.5	3878.08
-32369.1	11914.5	3874.47
-32381.7	11914.5	3868.58
-32393.2	11914.5	3860.58
-32403	11914.5	3850.72
-32411	11914.5	3839.3
-32416.9	11914.5	3826.66
-32420.5	11914.5	3813.19
-32421.7	11914.5	3799.3
-32420.5	11914.5	3785.41
-32416.9	11914.5	3771.94
-32411	11914.5	3759.3
-32403	11914.5	3747.88
-32393.2	11914.5	3738.01
-32381.7	11914.5	3730.02
-32369.1	11914.5	3724.12
-32355.6	11914.5	3720.51
-31821.7	11914.5	3756.65
-31813.9	11914.5	3757.33
-31806.3	11914.5	3759.36
-31799.2	11914.5	3762.67
-31792.8	11914.5	3767.17
-31787.3	11914.5	3772.72
-31782.8	11914.5	3779.15
-31779.5	11914.5	3786.25
-31777.4	11914.5	3793.83
-31776.7	11914.5	3801.65
-31777.4	11914.5	3809.46
-31779.5	11914.5	3817.04
-31782.8	11914.5	3824.15
-31787.3	11914.5	3830.57
-31792.8	11914.5	3836.12
-31799.2	11914.5	3840.62
-31806.3	11914.5	3843.93
-31813.9	11914.5	3845.96
-31821.7	11914.5	3846.65
-31829.6	11914.5	3845.96
-31837.1	11914.5	3843.93
-31844.2	11914.5	3840.62
-31850.7	11914.5	3836.12
-31856.2	11914.5	3830.57
-31860.7	11914.5	3824.15
-31864	11914.5	3817.04
-31866.1	11914.5	3809.46
-31866.7	11914.5	3801.65
-31866.1	11914.5	3793.83
-31864	11914.5	3786.25
-31860.7	11914.5	3779.15
-31856.2	11914.5	3772.72
-31850.7	11914.5	3767.17
-31844.2	11914.5	3762.67
-31837.1	11914.5	3759.36
-31829.6	11914.5	3757.33
-25681.7	12114.5	4750
-25681.7	12114.5	-50
-32281.7	12114.5	2300
-31081.7	12114.5	2300
-31081.7	12114.5	200
-32281.7	12114.5	200
-26081.5	12114.5	2100
-26081.5	12114.5	0
-27881.5	12114.5	0
-29681.5	12114.5	0
-29681.5	12114.5	2100
-27881.5	12114.5	2100
-29287.8	12114.5	3412
-28287.8	12114.5	3412
-28287.8	12114.5	2888
-29287.8	12114.5	2888
-27453.3	12114.5	3412
-26453.3	12114.5	3412
-26453.3	12114.5	2888
-27453.3	12114.5	2888
-31248.1	12114.5	3533.97
-31262	12114.5	3532.76
-31275.9	12114.5	3533.97
-31289.3	12114.5	3537.58
-31302	12114.5	3543.47
-31313.4	12114.5	3551.47
-31323.3	12114.5	3561.33
-31331.3	12114.5	3572.76
-31337.2	12114.5	3585.4
-31340.8	12114.5	3598.86
-31342	12114.5	3612.76
-31340.8	12114.5	3626.65
-31337.2	12114.5	3640.12
-31331.3	12114.5	3652.76
-31323.3	12114.5	3664.18
-31313.4	12114.5	3674.04
-31302	12114.5	3682.04
-31289.3	12114.5	3687.93
-31275.9	12114.5	3691.54
-31262	12114.5	3692.76
-31248.1	12114.5	3691.54
-31234.6	12114.5	3687.93
-31222	12114.5	3682.04
-31210.6	12114.5	3674.04
-31200.7	12114.5	3664.18
-31192.7	12114.5	3652.76
-31186.8	12114.5	3640.12
-31183.2	12114.5	3626.65
-31182	12114.5	3612.76
-31183.2	12114.5	3598.86
-31186.8	12114.5	3585.4
-31192.7	12114.5	3572.76
-31200.7	12114.5	3561.33
-31210.6	12114.5	3551.47
-31222	12114.5	3543.47
-31234.6	12114.5	3537.58
-31653.7	12114.5	3511.28
-31660.2	12114.5	3510.71
-31666.7	12114.5	3511.28
-31673.1	12114.5	3512.97
-31679	12114.5	3515.73
-31684.3	12114.5	3519.48
-31689	12114.5	3524.11
-31692.7	12114.5	3529.46
-31695.5	12114.5	3535.38
-31697.2	12114.5	3541.7
-31697.7	12114.5	3548.21
-31697.2	12114.5	3554.72
-31695.5	12114.5	3561.04
-31692.7	12114.5	3566.96
-31689	12114.5	3572.31
-31684.3	12114.5	3576.94
-31679	12114.5	3580.69
-31673.1	12114.5	3583.45
-31666.7	12114.5	3585.14
-31660.2	12114.5	3585.71
-31653.7	12114.5	3585.14
-31647.4	12114.5	3583.45
-31641.5	12114.5	3580.69
-31636.1	12114.5	3576.94
-31631.5	12114.5	3572.31
-31627.8	12114.5	3566.96
-31625	12114.5	3561.04
-31623.3	12114.5	3554.72
-31622.7	12114.5	3548.21
-31623.3	12114.5	3541.7
-31625	12114.5	3535.38
-31627.8	12114.5	3529.46
-31631.5	12114.5	3524.11
-31636.1	12114.5	3519.48
-31641.5	12114.5	3515.73
-31647.4	12114.5	3512.97
-28262.1	12114.5	4368.98
-28267.6	12114.5	4368.5
-28273.1	12114.5	4368.98
-28278.4	12114.5	4370.4
-28283.4	12114.5	4372.72
-28287.9	12114.5	4375.87
-28291.7	12114.5	4379.75
-28294.9	12114.5	4384.25
-28297.2	12114.5	4389.23
-28298.6	12114.5	4394.53
-28299.1	12114.5	4400
-28298.6	12114.5	4405.47
-28297.2	12114.5	4410.77
-28294.9	12114.5	4415.75
-28291.7	12114.5	4420.25
-28287.9	12114.5	4424.13
-28283.4	12114.5	4427.28
-28278.4	12114.5	4429.6
-28273.1	12114.5	4431.02
-28267.6	12114.5	4431.5
-28262.1	12114.5	4431.02
-28256.8	12114.5	4429.6
-28251.9	12114.5	4427.28
-28247.4	12114.5	4424.13
-28243.5	12114.5	4420.25
-28240.3	12114.5	4415.75
-28238	12114.5	4410.77
-28236.6	12114.5	4405.47
-28236.1	12114.5	4400
-28236.6	12114.5	4394.53
-28238	12114.5	4389.23
-28240.3	12114.5	4384.25
-28243.5	12114.5	4379.75
-28247.4	12114.5	4375.87
-28251.9	12114.5	4372.72
-28256.8	12114.5	4370.4
-28080.2	12114.5	4375.38
-28084.5	12114.5	4375
-28088.9	12114.5	4375.38
-28093.1	12114.5	4376.51
-28097	12114.5	4378.35
-28100.6	12114.5	4380.85
-28103.7	12114.5	4383.93
-28106.2	12114.5	4387.5
-28108	12114.5	4391.45
-28109.2	12114.5	4395.66
-28109.5	12114.5	4400
-28109.2	12114.5	4404.34
-28108	12114.5	4408.55
-28106.2	12114.5	4412.5
-28103.7	12114.5	4416.07
-28100.6	12114.5	4419.15
-28097	12114.5	4421.65
-28093.1	12114.5	4423.49
-28088.9	12114.5	4424.62
-28084.5	12114.5	4425
-28080.2	12114.5	4424.62
-28076	12114.5	4423.49
-28072	12114.5	4421.65
-28068.5	12114.5	4419.15
-28065.4	12114.5	4416.07
-28062.9	12114.5	4412.5
-28061	12114.5	4408.55
-28059.9	12114.5	4404.34
-28059.5	12114.5	4400
-28059.9	12114.5	4395.66
-28061	12114.5	4391.45
-28062.9	12114.5	4387.5
-28065.4	12114.5	4383.93
-28068.5	12114.5	4380.85
-28072	12114.5	4378.35
-28076	12114.5	4376.51
-28430.5	12114.5	4368.98
-28436	12114.5	4368.5
-28441.4	12114.5	4368.98
-28446.7	12114.5	4370.4
-28451.7	12114.5	4372.72
-28456.2	12114.5	4375.87
-28460.1	12114.5	4379.75
-28463.2	12114.5	4384.25
-28465.6	12114.5	4389.23
-28467	12114.5	4394.53
-28467.5	12114.5	4400
-28467	12114.5	4405.47
-28465.6	12114.5	4410.77
-28463.2	12114.5	4415.75
-28460.1	12114.5	4420.25
-28456.2	12114.5	4424.13
-28451.7	12114.5	4427.28
-28446.7	12114.5	4429.6
-28441.4	12114.5	4431.02
-28436	12114.5	4431.5
-28430.5	12114.5	4431.02
-28425.2	12114.5	4429.6
-28420.2	12114.5	4427.28
-28415.7	12114.5	4424.13
-28411.8	12114.5	4420.25
-28408.7	12114.5	4415.75
-28406.4	12114.5	4410.77
-28404.9	12114.5	4405.47
-28404.5	12114.5	4400
-28404.9	12114.5	4394.53
-28406.4	12114.5	4389.23
-28408.7	12114.5	4384.25
-28411.8	12114.5	4379.75
-28415.7	12114.5	4375.87
-28420.2	12114.5	4372.72
-28425.2	12114.5	4370.4
-31448.1	12114.5	3535.25
-31462	12114.5	3534.03
-31475.9	12114.5	3535.25
-31489.3	12114.5	3538.85
-31502	12114.5	3544.75
-31513.4	12114.5	3552.75
-31523.2	12114.5	3562.61
-31531.2	12114.5	3574.03
-31537.1	12114.5	3586.67
-31540.7	12114.5	3600.14
-31542	12114.5	3614.03
-31540.7	12114.5	3627.92
-31537.1	12114.5	3641.39
-31531.2	12114.5	3654.03
-31523.2	12114.5	3665.45
-31513.4	12114.5	3675.31
-31502	12114.5	3683.31
-31489.3	12114.5	3689.21
-31475.9	12114.5	3692.81
-31462	12114.5	3694.03
-31448.1	12114.5	3692.81
-31434.6	12114.5	3689.21
-31422	12114.5	3683.31
-31410.5	12114.5	3675.31
-31400.7	12114.5	3665.45
-31392.7	12114.5	3654.03
-31386.8	12114.5	3641.39
-31383.2	12114.5	3627.92
-31382	12114.5	3614.03
-31383.2	12114.5	3600.14
-31386.8	12114.5	3586.67
-31392.7	12114.5	3574.03
-31400.7	12114.5	3562.61
-31410.5	12114.5	3552.75
-31422	12114.5	3544.75
-31434.6	12114.5	3538.85
-32017.8	12114.5	3724.17
-32031.7	12114.5	3722.95
-32045.6	12114.5	3724.17
-32059.1	12114.5	3727.78
-32071.7	12114.5	3733.67
-32083.2	12114.5	3741.67
-32093	12114.5	3751.53
-32101	12114.5	3762.95
-32106.9	12114.5	3775.59
-32110.5	12114.5	3789.06
-32111.7	12114.5	3802.95
-32110.5	12114.5	3816.85
-32106.9	12114.5	3830.32
-32101	12114.5	3842.95
-32093	12114.5	3854.38
-32083.2	12114.5	3864.24
-32071.7	12114.5	3872.24
-32059.1	12114.5	3878.13
-32045.6	12114.5	3881.74
-32031.7	12114.5	3882.95
-32017.8	12114.5	3881.74
-32004.4	12114.5	3878.13
-31991.7	12114.5	3872.24
-31980.3	12114.5	3864.24
-31970.4	12114.5	3854.38
-31962.4	12114.5	3842.95
-31956.6	12114.5	3830.32
-31952.9	12114.5	3816.85
-31951.7	12114.5	3802.95
-31952.9	12114.5	3789.06
-31956.6	12114.5	3775.59
-31962.4	12114.5	3762.95
-31970.4	12114.5	3751.53
-31980.3	12114.5	3741.67
-31991.7	12114.5	3733.67
-32004.4	12114.5	3727.78
-32327.8	12114.5	3720.51
-32341.7	12114.5	3719.3
-32355.6	12114.5	3720.51
-32369.1	12114.5	3724.12
-32381.7	12114.5	3730.02
-32393.2	12114.5	3738.01
-32403	12114.5	3747.88
-32411	12114.5	3759.3
-32416.9	12114.5	3771.94
-32420.5	12114.5	3785.41
-32421.7	12114.5	3799.3
-32420.5	12114.5	3813.19
-32416.9	12114.5	3826.66
-32411	12114.5	3839.3
-32403	12114.5	3850.72
-32393.2	12114.5	3860.58
-32381.7	12114.5	3868.58
-32369.1	12114.5	3874.47
-32355.6	12114.5	3878.08
-32341.7	12114.5	3879.3
-32327.8	12114.5	3878.08
-32314.4	12114.5	3874.47
-32301.7	12114.5	3868.58
-32290.3	12114.5	3860.58
-32280.5	12114.5	3850.72
-32272.5	12114.5	3839.3
-32266.6	12114.5	3826.66
-32263	12114.5	3813.19
-32261.7	12114.5	3799.3
-32263	12114.5	3785.41
-32266.6	12114.5	3771.94
-32272.5	12114.5	3759.3
-32280.5	12114.5	3747.88
-32290.3	12114.5	3738.01
-32301.7	12114.5	3730.02
-32314.4	12114.5	3724.12
-31813.9	12114.5	3757.33
-31821.7	12114.5	3756.65
-31829.6	12114.5	3757.33
-31837.1	12114.5	3759.36
-31844.2	12114.5	3762.67
-31850.7	12114.5	3767.17
-31856.2	12114.5	3772.72
-31860.7	12114.5	3779.15
-31864	12114.5	3786.25
-31866.1	12114.5	3793.83
-31866.7	12114.5	3801.65
-31866.1	12114.5	3809.46
-31864	12114.5	3817.04
-31860.7	12114.5	3824.15
-31856.2	12114.5	3830.57
-31850.7	12114.5	3836.12
-31844.2	12114.5	3840.62
-31837.1	12114.5	3843.93
-31829.6	12114.5	3845.96
-31821.7	12114.5	3846.65
-31813.9	12114.5	3845.96
-31806.3	12114.5	3843.93
-31799.2	12114.5	3840.62
-31792.8	12114.5	3836.12
-31787.3	12114.5	3830.57
-31782.8	12114.5	3824.15
-31779.5	12114.5	3817.04
-31777.4	12114.5	3809.46
-31776.7	12114.5	3801.65
-31777.4	12114.5	3793.83
-31779.5	12114.5	3786.25
-31782.8	12114.5	3779.15
-31787.3	12114.5	3772.72
-31792.8	12114.5	3767.17
-31799.2	12114.5	3762.67
-31806.3	12114.5	3759.36

#	Triangle	249
0	2	1	3	2	0	10	354	355	11	354	10	362	16	361	19	16	362	366	20	365	23	20	366	351	9	6	352	9	351
4	10	5	10	3	5	10	15	3	15	14	3	14	9	3	9	8	3	8	2	3	4	11	10	13	9	14	13	6	9	7	2	8	4	23	11	23	12	11	23	13	12	23	6	13	23	7	6	23	22	7	22	19	7	19	18	7	18	60	7	60	95	7	95	94	7	94	93	7	93	276	7	276	311	7	311	310	7	310	309	7	309	308	7	308	2	7	4	20	23	21	19	22	21	16	19	17	60	18	4	21	20	4	16	21	4	17	16	4	25	17	25	24	17	24	61	17	61	60	17	24	62	61	24	63	62	24	64	63	92	276	93	24	65	64	91	276	92	24	66	65	90	276	91	24	204	66	204	67	66	89	276	90	59	204	24	4	26	25	58	204	59	58	205	204	239	67	204	58	206	205	238	67	239	238	68	67	88	276	89	4	27	26	57	206	58	57	207	206	237	68	238	237	69	68	87	276	88	4	28	27	56	207	57	56	208	207	236	69	237	236	70	69	86	276	87	4	29	28	55	208	56	55	209	208	235	70	236	235	71	70	85	276	86	235	72	71	84	276	85	4	30	29	54	209	55	54	210	209	234	72	235	234	73	72	83	276	84	234	74	73	82	276	83	4	31	30	53	210	54	53	211	210	233	74	234	233	75	74	81	276	82	233	76	75	80	276	81	233	77	76	79	276	80	233	78	77	78	276	79	4	32	31	52	211	53	233	276	78	52	212	211	232	276	233	4	33	32	51	212	52	51	213	212	231	276	232	4	34	33	50	213	51	50	214	213	230	276	231	4	35	34	49	214	50	49	215	214	229	276	230	4	36	35	48	215	49	48	216	215	228	276	229	4	37	36	47	216	48	47	217	216	227	276	228	4	38	37	46	217	47	46	218	217	226	276	227	4	39	38	45	218	46	45	219	218	225	276	226	4	40	39	44	219	45	44	220	219	224	276	225	4	41	40	43	220	44	43	221	220	223	276	224	4	42	41	42	221	43	4	221	42	4	222	221	222	276	223	4	241	222	241	240	222	240	277	222	277	276	222	240	278	277	275	278	240	275	279	278	4	313	241	313	312	241	312	242	241	274	279	275	312	243	242	273	279	274	273	280	279	312	244	243	272	280	273	272	281	280	307	2	308	312	245	244	271	281	272	271	282	281	306	2	307	312	246	245	270	282	271	347	246	312	4	314	313	346	246	347	270	283	282	305	2	306	4	315	314	345	246	346	4	316	315	344	246	345	344	247	246	269	283	270	4	317	316	343	247	344	269	284	283	304	2	305	4	318	317	342	247	343	342	248	247	268	284	269	4	319	318	341	248	342	268	285	284	303	2	304	4	320	319	340	248	341	340	249	248	267	285	268	4	133	320	133	132	320	132	321	320	339	249	340	267	286	285	302	2	303	132	322	321	338	249	339	338	250	249	266	286	267	132	323	322	337	250	338	266	287	286	301	2	302	337	251	250	265	287	266	132	324	323	336	251	337	132	325	324	335	251	336	265	288	287	300	2	301	335	252	251	264	288	265	132	326	325	334	252	335	132	327	326	333	252	334	264	289	288	299	2	300	132	328	327	332	252	333	332	253	252	263	289	264	132	329	328	331	253	332	132	330	329	330	253	331	132	253	330	263	290	289	298	2	299	132	254	253	262	290	263	262	291	290	297	2	298	132	255	254	261	291	262	261	292	291	296	2	297	132	256	255	260	292	261	260	293	292	295	2	296	260	294	293	294	2	295	132	257	256	259	294	260	259	2	294	132	258	257	258	2	259	132	96	258	96	168	258	168	2	258	132	97	96	131	168	96	131	169	168	203	2	168	132	98	97	130	169	131	130	170	169	202	2	203	132	99	98	129	170	130	129	171	170	201	2	202	132	100	99	128	171	129	128	172	171	200	2	201	167	100	132	4	134	133	166	100	167	166	101	100	127	172	128	127	173	172	199	2	200	4	135	134	165	101	166	4	136	135	164	101	165	164	102	101	126	173	127	126	174	173	198	2	199	4	137	136	163	102	164	4	138	137	162	102	163	162	103	102	125	174	126	125	175	174	197	2	198	4	139	138	161	103	162	161	104	103	124	175	125	124	176	175	196	2	197	4	140	139	160	104	161	160	105	104	123	176	124	123	177	176	195	2	196	4	141	140	159	105	160	159	106	105	122	177	123	122	178	177	194	2	195	4	142	141	158	106	159	4	143	142	157	106	158	157	107	106	121	178	122	121	179	178	193	2	194	4	144	143	156	107	157	156	108	107	120	179	121	120	180	179	192	2	193	4	145	144	155	108	156	155	109	108	119	180	120	119	181	180	191	2	192	4	146	145	154	109	155	4	147	146	153	109	154	153	110	109	118	181	119	118	182	181	190	2	191	4	148	147	152	110	153	4	149	148	151	110	152	151	111	110	117	182	118	117	183	182	189	2	190	4	150	149	150	111	151	4	111	150	4	112	111	116	183	117	116	184	183	188	2	189	4	113	112	115	184	116	115	185	184	187	2	188	4	114	113	114	185	115	114	186	185	186	2	187	4	186	114	4	2	186
5	348	4	349	348	5	13	357	358	14	357	13	360	18	363	17	18	360	364	22	367	21	22	364	353	7	8	350	7	353
1	353	0	353	357	0	357	349	0	357	356	349	356	355	349	355	348	349	353	352	357	352	358	357	354	348	355	1	350	353	351	358	352	351	359	358	351	354	359	351	363	354	363	362	354	362	367	354	367	366	354	366	348	354	1	351	350	1	625	351	625	624	351	624	623	351	623	622	351	622	621	351	621	408	351	408	407	351	407	406	351	406	405	351	405	363	351	405	360	363	361	367	362	361	364	367	365	348	366	405	361	360	405	364	361	405	365	364	405	404	365	404	369	365	369	368	365	368	348	365	439	369	404	438	369	439	621	409	408	437	369	438	621	410	409	436	369	437	621	411	410	435	369	436	621	412	411	434	549	435	549	369	435	549	370	369	549	371	370	403	348	368	434	550	549	548	371	549	434	551	550	583	371	548	621	413	412	433	551	434	583	372	371	402	348	403	433	552	551	582	372	583	621	414	413	432	552	433	582	373	372	401	348	402	432	553	552	581	373	582	621	415	414	431	553	432	581	374	373	400	348	401	431	554	553	580	374	581	621	416	415	430	554	431	621	417	416	429	554	430	580	375	374	399	348	400	429	555	554	579	375	580	621	418	417	428	555	429	621	419	418	427	555	428	579	376	375	398	348	399	427	556	555	578	376	579	621	420	419	426	556	427	621	421	420	425	556	426	621	422	421	424	556	425	621	423	422	423	556	424	578	377	376	397	348	398	621	556	423	621	557	556	577	377	578	577	378	377	396	348	397	621	558	557	576	378	577	576	379	378	395	348	396	621	559	558	575	379	576	575	380	379	394	348	395	621	560	559	574	380	575	574	381	380	393	348	394	621	561	560	573	381	574	573	382	381	392	348	393	621	562	561	572	382	573	572	383	382	391	348	392	621	563	562	571	383	572	571	384	383	390	348	391	621	564	563	570	384	571	570	385	384	389	348	390	621	565	564	569	385	570	569	386	385	388	348	389	621	566	565	568	386	569	568	387	386	387	348	388	568	348	387	621	567	566	567	348	568	621	620	567	620	585	567	585	584	567	584	348	567	655	585	620	655	586	585	654	586	655	654	587	586	619	657	584	657	656	584	656	348	584	654	588	587	618	657	619	653	588	654	653	589	588	617	657	618	1	626	625	652	589	653	652	590	589	616	657	617	1	627	626	651	590	652	651	591	590	615	657	616	615	658	657	615	659	658	691	348	656	1	628	627	650	591	651	615	660	659	690	348	691	615	661	660	689	348	690	650	592	591	614	661	615	614	662	661	688	348	689	1	629	628	649	592	650	614	663	662	687	348	688	649	593	592	613	663	614	613	664	663	686	348	687	1	630	629	648	593	649	613	665	664	685	348	686	648	594	593	612	665	613	612	666	665	684	477	685	477	476	685	476	348	685	1	631	630	647	594	648	612	667	666	683	477	684	647	595	594	611	667	612	611	668	667	682	477	683	1	632	631	646	595	647	646	596	595	610	668	611	610	669	668	681	477	682	610	670	669	680	477	681	1	633	632	645	596	646	645	597	596	609	670	610	609	671	670	679	477	680	609	672	671	678	477	679	1	634	633	644	597	645	609	673	672	677	477	678	644	598	597	608	673	609	608	674	673	676	477	677	608	675	674	675	477	676	608	477	675	1	635	634	643	598	644	643	599	598	607	477	608	1	636	635	642	599	643	642	600	599	606	477	607	1	637	636	641	600	642	641	601	600	605	477	606	1	638	637	640	601	641	1	639	638	639	601	640	639	602	601	604	477	605	1	602	639	1	603	602	603	477	604	1	513	603	513	441	603	441	477	603	513	442	441	440	477	441	1	514	513	512	442	513	512	443	442	475	477	440	1	515	514	547	443	512	547	444	443	474	477	475	1	516	515	546	444	547	546	445	444	473	477	474	1	517	516	545	445	546	473	478	477	473	479	478	511	348	476	545	446	445	472	479	473	1	518	517	544	446	545	472	480	479	510	348	511	472	481	480	509	348	510	544	447	446	471	481	472	1	519	518	543	447	544	471	482	481	508	348	509	471	483	482	507	348	508	543	448	447	470	483	471	1	520	519	542	448	543	470	484	483	506	348	507	542	449	448	469	484	470	1	521	520	541	449	542	469	485	484	505	348	506	541	450	449	468	485	469	1	522	521	540	450	541	468	486	485	504	348	505	540	451	450	467	486	468	1	523	522	539	451	540	467	487	486	503	348	504	467	488	487	502	348	503	539	452	451	466	488	467	1	524	523	538	452	539	466	489	488	501	348	502	538	453	452	465	489	466	1	525	524	537	453	538	465	490	489	500	348	501	537	454	453	464	490	465	1	526	525	536	454	537	464	491	490	499	348	500	464	492	491	498	348	499	536	455	454	463	492	464	1	527	526	535	455	536	463	493	492	497	348	498	463	494	493	496	348	497	535	456	455	462	494	463	1	528	527	534	456	535	462	495	494	495	348	496	462	348	495	534	457	456	461	348	462	1	529	528	533	457	534	533	458	457	460	348	461	1	530	529	532	458	533	532	459	458	459	348	460	1	531	530	531	459	532	531	348	459	1	348	531
0	5	3	349	5	0	11	359	354	12	359	11	12	358	359	13	358	12	361	17	360	16	17	361	365	21	364	20	21	365	350	6	7	351	6	350
2	348	1	4	348	2	15	355	356	10	355	15	14	356	357	15	356	14	363	19	362	18	19	363	367	23	366	22	23	367	352	8	9	353	8	352
369	25	368	24	25	369	585	241	584	240	241	585
368	26	403	25	26	368
403	27	402	26	27	403
402	28	401	27	28	402
401	29	400	28	29	401
400	30	399	29	30	400
399	31	398	30	31	399	615	247	614	246	247	615	651	283	650	282	283	651
398	32	397	31	32	398	614	248	613	247	248	614	650	284	649	283	284	650
397	33	396	32	33	397	613	249	612	248	249	613
396	34	395	33	34	396	612	250	611	249	250	612
395	35	394	34	35	395	611	251	610	250	251	611	647	287	646	286	287	647
394	36	393	35	36	394	610	252	609	251	252	610	646	288	645	287	288	646
393	37	392	36	37	393
392	38	391	37	38	392
391	39	390	38	39	391
390	40	389	39	40	390	570	220	569	219	220	570
389	41	388	40	41	389	497	149	496	148	149	497
388	42	387	41	42	388	604	258	603	257	258	604
387	43	386	42	43	387	603	259	602	258	259	603
386	44	385	43	44	386
385	45	384	44	45	385	565	225	564	224	225	565
384	46	383	45	46	384
383	47	382	46	47	383	599	263	598	262	263	599	635	299	634	298	299	635
382	48	381	47	48	382
381	49	380	48	49	381
380	50	379	49	50	380	560	230	559	229	230	560	596	266	595	265	266	596	632	302	631	301	302	632
379	51	378	50	51	379	559	231	558	230	231	559	631	303	630	302	303	631
378	52	377	51	52	378	558	232	557	231	232	558	630	304	629	303	304	630
377	53	376	52	53	377	557	233	556	232	233	557	593	269	592	268	269	593	629	305	628	304	305	629
376	54	375	53	54	376
375	55	374	54	55	375	591	271	590	270	271	591
374	56	373	55	56	374	626	308	625	307	308	626
373	57	372	56	57	373
372	58	371	57	58	372
371	59	370	58	59	371
370	24	369	59	24	370	586	240	585	275	240	586
405	61	404	60	61	405
404	62	439	61	62	404
439	63	438	62	63	439
438	64	437	63	64	438
437	65	436	64	65	437
436	66	435	65	66	436
435	67	434	66	67	435
434	68	433	67	68	434
433	69	432	68	69	433
432	70	431	69	70	432
431	71	430	70	71	431
430	72	429	71	72	430
429	73	428	72	73	429
428	74	427	73	74	428
427	75	426	74	75	427
426	76	425	75	76	426
425	77	424	76	77	425
424	78	423	77	78	424
423	79	422	78	79	423	639	295	638	294	295	639
422	80	421	79	80	422
421	81	420	80	81	421
420	82	419	81	82	420
419	83	418	82	83	419
418	84	417	83	84	418
417	85	416	84	85	417
416	86	415	85	86	416
415	87	414	86	87	415
414	88	413	87	88	414
413	89	412	88	89	413
412	90	411	89	90	412
411	91	410	90	91	411
410	92	409	91	92	410
409	93	408	92	93	409
408	94	407	93	94	408
407	95	406	94	95	407
406	60	405	95	60	406
441	97	440	96	97	441	513	169	512	168	169	513
440	98	475	97	98	440	512	170	547	169	170	512
475	99	474	98	99	475	547	171	546	170	171	547
474	100	473	99	100	474	546	172	545	171	172	546
473	101	472	100	101	473	545	173	544	172	173	545
472	102	471	101	102	472
471	103	470	102	103	471	543	175	542	174	175	543
470	104	469	103	104	470
469	105	468	104	105	469	541	177	540	176	177	541
468	106	467	105	106	468	540	178	539	177	178	540
467	107	466	106	107	467
466	108	465	107	108	466	538	180	537	179	180	538
465	109	464	108	109	465
464	110	463	109	110	464	536	182	535	181	182	536
463	111	462	110	111	463	535	183	534	182	183	535
462	112	461	111	112	462	534	184	533	183	184	534
461	113	460	112	113	461	533	185	532	184	185	533
460	114	459	113	114	460	532	186	531	185	186	532
459	115	458	114	115	459
458	116	457	115	116	458
457	117	456	116	117	457	529	189	528	188	189	529
456	118	455	117	118	456	528	190	527	189	190	528
455	119	454	118	119	455
454	120	453	119	120	454
453	121	452	120	121	453	525	193	524	192	193	525
452	122	451	121	122	452	524	194	523	193	194	524
451	123	450	122	123	451	523	195	522	194	195	523
450	124	449	123	124	450	522	196	521	195	196	522
449	125	448	124	125	449	521	197	520	196	197	521
448	126	447	125	126	448	520	198	519	197	198	520
447	127	446	126	127	447
446	128	445	127	128	446
445	129	444	128	129	445	517	201	516	200	201	517
444	130	443	129	130	444	516	202	515	201	202	516
443	131	442	130	131	443
442	96	441	131	96	442
477	133	476	132	133	477
476	134	511	133	134	476	656	314	691	313	314	656
511	135	510	134	135	511
510	136	509	135	136	510
509	137	508	136	137	509
508	138	507	137	138	508
507	139	506	138	139	507
506	140	505	139	140	506
505	141	504	140	141	505
504	142	503	141	142	504
503	143	502	142	143	503
502	144	501	143	144	502
501	145	500	144	145	501
500	146	499	145	146	500
499	147	498	146	147	499
498	148	497	147	148	498
496	150	495	149	150	496
495	151	494	150	151	495
494	152	493	151	152	494
493	153	492	152	153	493
492	154	491	153	154	492
491	155	490	154	155	491
490	156	489	155	156	490
489	157	488	156	157	489
488	158	487	157	158	488
487	159	486	158	159	487
486	160	485	159	160	486
485	161	484	160	161	485
484	162	483	161	162	484
483	163	482	162	163	483
482	164	481	163	164	482
481	165	480	164	165	481
480	166	479	165	166	480
479	167	478	166	167	479	659	347	658	346	347	659
478	132	477	167	132	478
544	174	543	173	174	544
542	176	541	175	176	542
539	179	538	178	179	539
537	181	536	180	181	537
531	187	530	186	187	531
530	188	529	187	188	530
527	191	526	190	191	527
526	192	525	191	192	526
519	199	518	198	199	519
518	200	517	199	200	518
515	203	514	202	203	515
514	168	513	203	168	514
549	205	548	204	205	549	621	277	620	276	277	621
548	206	583	205	206	548
583	207	582	206	207	583	655	279	654	278	279	655
582	208	581	207	208	582	654	280	653	279	280	654
581	209	580	208	209	581	653	281	652	280	281	653
580	210	579	209	210	580	616	246	615	245	246	616
579	211	578	210	211	579
578	212	577	211	212	578
577	213	576	212	213	577	649	285	648	284	285	649
576	214	575	213	214	576	648	286	647	285	286	648
575	215	574	214	215	575
574	216	573	215	216	574
573	217	572	216	217	573
572	218	571	217	218	572	608	254	607	253	254	608	644	290	643	289	290	644
571	219	570	218	219	571
569	221	568	220	221	569	605	257	604	256	257	605	641	293	640	292	293	641
568	222	567	221	222	568
567	223	566	222	223	567
566	224	565	223	224	566
564	226	563	225	226	564
563	227	562	226	227	563
562	228	561	227	228	562
561	229	560	228	229	561	597	265	596	264	265	597	633	301	632	300	301	633
556	234	555	233	234	556	592	270	591	269	270	592	628	306	627	305	306	628
555	235	554	234	235	555
554	236	553	235	236	554
553	237	552	236	237	553	625	309	624	308	309	625
552	238	551	237	238	552	588	274	587	273	274	588
551	239	550	238	239	551
550	204	549	239	204	550	622	276	621	311	276	622
584	242	619	241	242	584	620	278	655	277	278	620
619	243	618	242	243	619
618	244	617	243	244	618
617	245	616	244	245	617
609	253	608	252	253	609	645	289	644	288	289	645
607	255	606	254	255	607
606	256	605	255	256	606
602	260	601	259	260	602	638	296	637	295	296	638
601	261	600	260	261	601
600	262	599	261	262	600
598	264	597	263	264	598	634	300	633	299	300	634
595	267	594	266	267	595
594	268	593	267	268	594
590	272	589	271	272	590
589	273	588	272	273	589
587	275	586	274	275	587	623	311	622	310	311	623
652	282	651	281	282	652
643	291	642	290	291	643
642	292	641	291	292	642
640	294	639	293	294	640
637	297	636	296	297	637
636	298	635	297	298	636
627	307	626	306	307	627
624	310	623	309	310	624
657	313	656	312	313	657
691	315	690	314	315	691
690	316	689	315	316	690
689	317	688	316	317	689
688	318	687	317	318	688
687	319	686	318	319	687
686	320	685	319	320	686
685	321	684	320	321	685
684	322	683	321	322	684
683	323	682	322	323	683
682	324	681	323	324	682
681	325	680	324	325	681
680	326	679	325	326	680
679	327	678	326	327	679
678	328	677	327	328	678
677	329	676	328	329	677
676	330	675	329	330	676
675	331	674	330	331	675
674	332	673	331	332	674
673	333	672	332	333	673
672	334	671	333	334	672
671	335	670	334	335	671
670	336	669	335	336	670
669	337	668	336	337	669
668	338	667	337	338	668
667	339	666	338	339	667
666	340	665	339	340	666
665	341	664	340	341	665
664	342	663	341	342	664
663	343	662	342	343	663
662	344	661	343	344	662
661	345	660	344	345	661
660	346	659	345	346	660
658	312	657	347	312	658

#	Normal	249
1	0	0
0	1	-0
-1	0	0
0	-1	0
0	0	1
0	0	-1
0.0871478	0	-0.996195
0.258832	0	-0.965922
0.422621	0	-0.906307
0.57354	0	-0.819178
0.707151	0	-0.707063
0.819103	0	-0.573647
0.90633	0	-0.42257
0.965923	0	-0.258831
0.996198	0	-0.0871176
0.996198	0	0.0871176
0.965923	0	0.258831
0.90633	0	0.42257
0.819097	0	0.573655
0.707151	0	0.707063
0.573552	0	0.819169
0.422607	0	0.906313
0.258848	0	0.965918
0.0871478	0	0.996195
-0.08716	0	0.996194
-0.258813	0	0.965927
-0.422607	0	0.906313
-0.573617	0	0.819123
-0.707081	0	0.707133
-0.819163	0	0.573561
-0.906277	0	0.422685
-0.965923	0	0.258831
-0.996198	0	0.0871176
-0.996198	-0	-0.0871176
-0.965923	-0	-0.258831
-0.906277	-0	-0.422685
-0.819169	-0	-0.573553
-0.707081	-0	-0.707133
-0.573606	-0	-0.819132
-0.422621	-0	-0.906307
-0.258797	-0	-0.965932
-0.08716	-0	-0.996194
0.0871373	0	-0.996196
0.258885	0	-0.965908
0.42252	0	-0.906354
0.573648	0	-0.819102
0.707051	0	-0.707163
0.819239	0	-0.573452
0.906242	0	-0.422759
0.965942	0	-0.25876
0.996187	0	-0.0872485
0.996187	0	0.0872485
0.965942	0	0.25876
0.906242	0	0.422759
0.819239	0	0.573452
0.707032	0	0.707181
0.573648	0	0.819102
0.42255	0	0.90634
0.258851	0	0.965917
0.0871744	0	0.996193
-0.0871484	0	0.996195
-0.258851	0	0.965917
-0.422665	0	0.906286
-0.573507	0	0.8192
-0.707032	0	0.707181
-0.819239	0	0.573452
-0.906242	0	0.422759
-0.965942	0	0.25876
-0.996213	0	0.086952
-0.996213	-0	-0.086952
-0.965942	-0	-0.25876
-0.906242	-0	-0.422759
-0.819239	-0	-0.573452
-0.707051	-0	-0.707163
-0.573507	-0	-0.8192
-0.422634	-0	-0.9063
-0.258885	-0	-0.965908
-0.0871114	-0	-0.996199
0.0871361	0	-0.996196
0.258908	0	-0.965902
0.422574	0	-0.906328
0.573558	0	-0.819165
0.707107	0	-0.707107
0.819052	0	-0.573719
0.906328	0	-0.422574
0.965981	0	-0.258615
0.996195	0	-0.0871515
0.996196	0	0.0871438
0.965981	0	0.258615
0.906313	0	0.422608
0.819082	0	0.573677
0.707062	0	0.707151
0.573558	0	0.819165
0.422647	0	0.906294
0.258825	0	0.965924
0.0871361	0	0.996196
-0.087167	0	0.996194
-0.258736	0	0.965948
-0.422647	0	0.906294
-0.573558	0	0.819165
-0.70724	0	0.706973
-0.819082	0	0.573677
-0.906313	0	0.422608
-0.965892	0	0.258946
-0.996196	0	0.0871438
-0.996195	-0	-0.0871515
-0.965892	-0	-0.258946
-0.906328	-0	-0.422574
-0.819052	-0	-0.573719
-0.707285	-0	-0.706929
-0.573558	-0	-0.819165
-0.422574	-0	-0.906328
-0.258819	-0	-0.965926
-0.087167	-0	-0.996194
0.0871614	0	-0.996194
0.258848	0	-0.965918
0.422573	0	-0.906329
0.573583	0	-0.819148
0.707219	0	-0.706995
0.819111	0	-0.573635
0.906306	0	-0.422622
0.965974	0	-0.258639
0.996174	0	-0.0873935
0.996174	0	0.0873935
0.965974	0	0.258639
0.906306	0	0.422622
0.819111	0	0.573635
0.707219	0	0.706995
0.573583	0	0.819148
0.422573	0	0.906329
0.0871614	0	0.996194
-0.0871614	0	0.996194
-0.258848	0	0.965918
-0.422573	0	0.906329
-0.573583	0	0.819148
-0.707219	0	0.706995
-0.819111	0	0.573635
-0.906306	0	0.422622
-0.965862	0	0.259057
-0.996213	0	0.0869487
-0.996213	-0	-0.0869487
-0.965862	-0	-0.259057
-0.906306	-0	-0.422622
-0.819111	-0	-0.573635
-0.707219	-0	-0.706995
-0.573583	-0	-0.819148
-0.422573	-0	-0.906329
-0.258848	-0	-0.965918
-0.0871614	-0	-0.996194
0.819219	0	-0.57348
0.965892	0	-0.258946
0.965892	0	0.258946
0.819249	0	0.573438
-0.0871361	0	0.996196
-0.258825	0	0.965924
-0.707062	0	0.707151
-0.819249	0	0.573438
-0.819219	-0	-0.57348
-0.707107	-0	-0.707107
-0.258908	-0	-0.965902
-0.0871361	-0	-0.996196
0.08716	0	-0.996194
0.258797	0	-0.965932
0.422607	0	-0.906313
0.573617	0	-0.819123
0.707081	0	-0.707133
0.819169	0	-0.573553
0.906277	0	-0.422685
0.965958	0	-0.2587
0.996186	0	-0.0872566
0.996186	0	0.0872566
0.965958	0	0.2587
0.906277	0	0.422685
0.819163	0	0.573561
0.707081	0	0.707133
0.573617	0	0.819123
0.258797	0	0.965932
0.0871774	0	0.996193
-0.0871652	0	0.996194
-0.258832	0	0.965922
-0.573552	0	0.819169
-0.707151	0	0.707063
-0.819097	0	0.573655
-0.90633	0	0.42257
-0.90633	-0	-0.42257
-0.819103	-0	-0.573647
-0.707151	-0	-0.707063
-0.573552	-0	-0.819169
-0.422607	-0	-0.906313
-0.258832	-0	-0.965922
-0.0871478	-0	-0.996195
0.258813	0	-0.965927
0.42266	0	-0.906288
0.573552	0	-0.819169
0.707072	0	-0.707142
0.819169	0	0.573553
0.57354	0	0.819178
0.422675	0	0.906282
-0.258797	0	0.965932
-0.422621	0	0.906307
-0.573606	0	0.819132
-0.819169	0	0.573553
-0.996186	0	0.0872566
-0.996186	-0	-0.0872566
-0.707072	-0	-0.707142
-0.573617	-0	-0.819123
-0.258813	-0	-0.965927
0.819163	0	-0.573561
0.573606	0	0.819132
0.422621	0	0.906307
0.08716	0	0.996194
-0.422675	0	0.906282
-0.57354	0	0.819178
-0.819163	-0	-0.573561
-0.42266	-0	-0.906288
0.0871453	0	-0.996196
0.422596	0	-0.906318
0.573546	0	-0.819173
0.707091	0	-0.707122
0.819105	0	-0.573644
0.906337	0	-0.422557
0.965953	0	-0.258716
0.996195	0	-0.087148
0.996195	0	0.087148
0.965953	0	0.258716
0.906337	0	0.422557
0.819094	0	0.573659
0.707091	0	0.707122
0.573567	0	0.819159
0.422596	0	0.906318
0.258819	0	0.965926
0.0871762	0	0.996193
-0.0871762	0	0.996193
-0.258819	0	0.965926
-0.422596	0	0.906318
-0.573567	0	0.819159
-0.707216	0	0.706998
-0.819094	0	0.573659
-0.906337	0	0.422557
-0.965891	0	0.258949
-0.996195	0	0.087148
-0.996195	-0	-0.087148
-0.965891	-0	-0.258949
-0.906337	-0	-0.422557
-0.819105	-0	-0.573644
-0.707216	-0	-0.706998
-0.573546	-0	-0.819173
-0.422596	-0	-0.906318
-0.0871453	-0	-0.996196

#	Mesh	0	End

