#	Mesh	0	Begin

#	Vertex	264
-72031.7	15714.5	-50
-72031.7	15714.5	5230
-72031.7	15914.5	5230
-72031.7	15914.5	-50
-87281.7	15914.5	5230
-87281.7	15914.5	-50
-83081.7	15914.5	2100
-81581.7	15914.5	2100
-81581.7	15914.5	0
-83081.7	15914.5	0
-79981.7	15914.5	2100
-78481.7	15914.5	2100
-78481.7	15914.5	0
-79981.7	15914.5	0
-78751.5	15914.5	4130
-79851.5	15914.5	4130
-79851.5	15914.5	4550
-78751.5	15914.5	4550
-75450.2	15914.5	4130
-76050.2	15914.5	4130
-76050.2	15914.5	4550
-75450.2	15914.5	4550
-81961.7	15914.5	4404.05
-81966.1	15914.5	4404.43
-81970.3	15914.5	4405.56
-81974.2	15914.5	4407.4
-81977.8	15914.5	4409.9
-81980.9	15914.5	4412.98
-81983.4	15914.5	4416.55
-81985.2	15914.5	4420.5
-81986.3	15914.5	4424.71
-81986.7	15914.5	4429.05
-81986.3	15914.5	4433.39
-81985.2	15914.5	4437.6
-81983.4	15914.5	4441.55
-81980.9	15914.5	4445.12
-81977.8	15914.5	4448.2
-81974.2	15914.5	4450.7
-81970.3	15914.5	4452.54
-81966.1	15914.5	4453.67
-81961.7	15914.5	4454.05
-81957.4	15914.5	4453.67
-81953.2	15914.5	4452.54
-81949.2	15914.5	4450.7
-81945.7	15914.5	4448.2
-81942.6	15914.5	4445.12
-81940.1	15914.5	4441.55
-81938.2	15914.5	4437.6
-81937.1	15914.5	4433.39
-81936.7	15914.5	4429.05
-81937.1	15914.5	4424.71
-81938.2	15914.5	4420.5
-81940.1	15914.5	4416.55
-81942.6	15914.5	4412.98
-81945.7	15914.5	4409.9
-81949.2	15914.5	4407.4
-81953.2	15914.5	4405.56
-81957.4	15914.5	4404.43
-81813.3	15914.5	4385.17
-81821.2	15914.5	4385.85
-81828.7	15914.5	4387.88
-81835.8	15914.5	4391.19
-81842.3	15914.5	4395.69
-81847.8	15914.5	4401.24
-81852.3	15914.5	4407.67
-81855.6	15914.5	4414.77
-81857.7	15914.5	4422.35
-81858.3	15914.5	4430.17
-81857.7	15914.5	4437.98
-81855.6	15914.5	4445.56
-81852.3	15914.5	4452.67
-81847.8	15914.5	4459.09
-81842.3	15914.5	4464.64
-81835.8	15914.5	4469.14
-81828.7	15914.5	4472.45
-81821.2	15914.5	4474.48
-81813.3	15914.5	4475.17
-81805.5	15914.5	4474.48
-81798	15914.5	4472.45
-81790.8	15914.5	4469.14
-81784.4	15914.5	4464.64
-81778.9	15914.5	4459.09
-81774.4	15914.5	4452.67
-81771.1	15914.5	4445.56
-81769	15914.5	4437.98
-81768.3	15914.5	4430.17
-81769	15914.5	4422.35
-81771.1	15914.5	4414.77
-81774.4	15914.5	4407.67
-81778.9	15914.5	4401.24
-81784.4	15914.5	4395.69
-81790.8	15914.5	4391.19
-81798	15914.5	4387.88
-81805.5	15914.5	4385.85
-81646.7	15914.5	4384.52
-81654.5	15914.5	4385.21
-81662.1	15914.5	4387.24
-81669.2	15914.5	4390.55
-81675.6	15914.5	4395.05
-81681.2	15914.5	4400.6
-81685.7	15914.5	4407.02
-81689	15914.5	4414.13
-81691	15914.5	4421.71
-81691.7	15914.5	4429.52
-81691	15914.5	4437.34
-81689	15914.5	4444.91
-81685.7	15914.5	4452.02
-81681.2	15914.5	4458.45
-81675.6	15914.5	4463.99
-81669.2	15914.5	4468.49
-81662.1	15914.5	4471.81
-81654.5	15914.5	4473.84
-81646.7	15914.5	4474.52
-81638.9	15914.5	4473.84
-81631.3	15914.5	4471.81
-81624.2	15914.5	4468.49
-81617.8	15914.5	4463.99
-81612.2	15914.5	4458.45
-81607.7	15914.5	4452.02
-81604.4	15914.5	4444.91
-81602.4	15914.5	4437.34
-81601.7	15914.5	4429.52
-81602.4	15914.5	4421.71
-81604.4	15914.5	4414.13
-81607.7	15914.5	4407.02
-81612.2	15914.5	4400.6
-81617.8	15914.5	4395.05
-81624.2	15914.5	4390.55
-81631.3	15914.5	4387.24
-81638.9	15914.5	4385.21
-87281.7	15714.5	5230
-87281.7	15714.5	-50
-81581.7	15714.5	2100
-83081.7	15714.5	2100
-83081.7	15714.5	0
-81581.7	15714.5	0
-78481.7	15714.5	2100
-79981.7	15714.5	2100
-79981.7	15714.5	0
-78481.7	15714.5	0
-80351.7	15871.8	1900
-80351.7	15714.5	1900
-81051.7	15871.8	1900
-81051.7	15714.5	1900
-81051.7	15871.8	100
-81051.7	15714.5	100
-80351.7	15871.8	100
-80351.7	15714.5	100
-79851.5	15714.5	4130
-78751.5	15714.5	4130
-78751.5	15714.5	4550
-79851.5	15714.5	4550
-76050.2	15714.5	4130
-75450.2	15714.5	4130
-75450.2	15714.5	4550
-76050.2	15714.5	4550
-81966.1	15714.5	4404.43
-81961.7	15714.5	4404.05
-81957.4	15714.5	4404.43
-81953.2	15714.5	4405.56
-81949.2	15714.5	4407.4
-81945.7	15714.5	4409.9
-81942.6	15714.5	4412.98
-81940.1	15714.5	4416.55
-81938.2	15714.5	4420.5
-81937.1	15714.5	4424.71
-81936.7	15714.5	4429.05
-81937.1	15714.5	4433.39
-81938.2	15714.5	4437.6
-81940.1	15714.5	4441.55
-81942.6	15714.5	4445.12
-81945.7	15714.5	4448.2
-81949.2	15714.5	4450.7
-81953.2	15714.5	4452.54
-81957.4	15714.5	4453.67
-81961.7	15714.5	4454.05
-81966.1	15714.5	4453.67
-81970.3	15714.5	4452.54
-81974.2	15714.5	4450.7
-81977.8	15714.5	4448.2
-81980.9	15714.5	4445.12
-81983.4	15714.5	4441.55
-81985.2	15714.5	4437.6
-81986.3	15714.5	4433.39
-81986.7	15714.5	4429.05
-81986.3	15714.5	4424.71
-81985.2	15714.5	4420.5
-81983.4	15714.5	4416.55
-81980.9	15714.5	4412.98
-81977.8	15714.5	4409.9
-81974.2	15714.5	4407.4
-81970.3	15714.5	4405.56
-81821.2	15714.5	4385.85
-81813.3	15714.5	4385.17
-81805.5	15714.5	4385.85
-81798	15714.5	4387.88
-81790.8	15714.5	4391.19
-81784.4	15714.5	4395.69
-81778.9	15714.5	4401.24
-81774.4	15714.5	4407.67
-81771.1	15714.5	4414.77
-81769	15714.5	4422.35
-81768.3	15714.5	4430.17
-81769	15714.5	4437.98
-81771.1	15714.5	4445.56
-81774.4	15714.5	4452.67
-81778.9	15714.5	4459.09
-81784.4	15714.5	4464.64
-81790.8	15714.5	4469.14
-81798	15714.5	4472.45
-81805.5	15714.5	4474.48
-81813.3	15714.5	4475.17
-81821.2	15714.5	4474.48
-81828.7	15714.5	4472.45
-81835.8	15714.5	4469.14
-81842.3	15714.5	4464.64
-81847.8	15714.5	4459.09
-81852.3	15714.5	4452.67
-81855.6	15714.5	4445.56
-81857.7	15714.5	4437.98
-81858.3	15714.5	4430.17
-81857.7	15714.5	4422.35
-81855.6	15714.5	4414.77
-81852.3	15714.5	4407.67
-81847.8	15714.5	4401.24
-81842.3	15714.5	4395.69
-81835.8	15714.5	4391.19
-81828.7	15714.5	4387.88
-81654.5	15714.5	4385.21
-81646.7	15714.5	4384.52
-81638.9	15714.5	4385.21
-81631.3	15714.5	4387.24
-81624.2	15714.5	4390.55
-81617.8	15714.5	4395.05
-81612.2	15714.5	4400.6
-81607.7	15714.5	4407.02
-81604.4	15714.5	4414.13
-81602.4	15714.5	4421.71
-81601.7	15714.5	4429.52
-81602.4	15714.5	4437.34
-81604.4	15714.5	4444.91
-81607.7	15714.5	4452.02
-81612.2	15714.5	4458.45
-81617.8	15714.5	4463.99
-81624.2	15714.5	4468.49
-81631.3	15714.5	4471.81
-81638.9	15714.5	4473.84
-81646.7	15714.5	4474.52
-81654.5	15714.5	4473.84
-81662.1	15714.5	4471.81
-81669.2	15714.5	4468.49
-81675.6	15714.5	4463.99
-81681.2	15714.5	4458.45
-81685.7	15714.5	4452.02
-81689	15714.5	4444.91
-81691	15714.5	4437.34
-81691.7	15714.5	4429.52
-81691	15714.5	4421.71
-81689	15714.5	4414.13
-81685.7	15714.5	4407.02
-81681.2	15714.5	4400.6
-81675.6	15714.5	4395.05
-81669.2	15714.5	4390.55
-81662.1	15714.5	4387.24

#	Triangle	94
0	2	1	3	2	0	142	145	144	143	145	142	9	133	134	6	133	9	13	137	138	10	137	13	148	16	151	15	16	148	152	20	155	19	20	152
4	9	5	9	3	5	9	8	3	8	13	3	13	12	3	12	2	3	4	6	9	7	13	8	7	10	13	11	2	12	4	7	6	4	10	7	4	11	10	4	23	11	23	22	11	22	59	11	59	58	11	58	94	11	94	15	11	15	14	11	14	19	11	19	18	11	18	2	11	94	129	15	129	16	15	17	19	14	17	20	19	21	2	18	58	95	94	93	95	58	93	96	95	128	16	129	22	60	59	92	96	93	92	97	96	127	16	128	22	61	60	91	97	92	91	98	97	126	16	127	22	62	61	90	98	91	90	99	98	125	16	126	22	63	62	89	99	90	89	100	99	124	16	125	22	64	63	88	100	89	57	64	22	4	24	23	56	64	57	4	25	24	55	64	56	88	101	100	123	16	124	4	26	25	54	64	55	54	65	64	87	101	88	4	27	26	53	65	54	4	28	27	52	65	53	87	102	101	122	16	123	52	66	65	86	102	87	4	29	28	51	66	52	4	30	29	50	66	51	86	103	102	121	16	122	50	67	66	85	103	86	4	31	30	49	67	50	4	32	31	48	67	49	85	104	103	120	16	121	48	68	67	84	104	85	4	33	32	47	68	48	84	105	104	119	16	120	4	34	33	46	68	47	46	69	68	83	105	84	4	35	34	45	69	46	83	106	105	118	16	119	4	36	35	44	69	45	44	70	69	82	106	83	4	37	36	43	70	44	4	38	37	42	70	43	82	107	106	117	16	118	4	39	38	41	70	42	41	71	70	81	107	82	4	40	39	40	71	41	4	71	40	81	108	107	116	16	117	4	72	71	80	108	81	80	109	108	115	16	116	4	73	72	79	109	80	79	110	109	114	16	115	4	74	73	78	110	79	78	111	110	113	16	114	4	75	74	77	111	78	77	112	111	112	16	113	4	76	75	76	112	77	76	16	112	4	16	76	4	17	16	4	20	17	4	21	20	4	2	21
5	130	4	131	130	5	146	141	140	147	141	146	7	135	132	8	135	7	11	139	136	12	139	11	150	14	149	17	14	150	154	18	153	21	18	154
1	139	0	139	131	0	139	138	131	138	135	131	135	134	131	134	130	131	1	136	139	137	147	138	147	135	138	147	145	135	145	132	135	133	130	134	137	141	147	143	132	145	137	143	141	137	132	143	1	137	136	1	132	137	1	153	132	153	133	132	153	152	133	152	149	133	149	148	133	148	229	133	229	193	133	193	192	133	192	157	133	157	156	133	156	130	133	1	154	153	155	149	152	155	150	149	151	230	148	230	229	148	228	193	229	228	194	193	151	231	230	263	194	228	263	195	194	227	157	192	151	232	231	262	195	263	262	196	195	226	157	227	151	233	232	261	196	262	261	197	196	225	157	226	151	234	233	260	197	261	260	198	197	224	157	225	151	235	234	259	198	260	259	199	198	223	157	224	223	158	157	223	159	158	191	130	156	223	160	159	190	130	191	151	236	235	258	199	259	223	161	160	189	130	190	258	200	199	222	161	223	222	162	161	188	130	189	222	163	162	187	130	188	151	237	236	257	200	258	257	201	200	221	163	222	221	164	163	186	130	187	221	165	164	185	130	186	151	238	237	256	201	257	256	202	201	220	165	221	220	166	165	184	130	185	220	167	166	183	130	184	151	239	238	255	202	256	255	203	202	219	167	220	219	168	167	182	130	183	151	240	239	254	203	255	219	169	168	181	130	182	254	204	203	218	169	219	218	170	169	180	130	181	151	241	240	253	204	254	218	171	170	179	130	180	253	205	204	217	171	218	217	172	171	178	130	179	217	173	172	177	130	178	151	242	241	252	205	253	217	174	173	176	130	177	252	206	205	216	174	217	216	175	174	175	130	176	216	130	175	151	243	242	251	206	252	251	207	206	215	130	216	151	244	243	250	207	251	250	208	207	214	130	215	151	245	244	249	208	250	249	209	208	213	130	214	151	246	245	248	209	249	248	210	209	212	130	213	151	247	246	247	210	248	247	211	210	211	130	212	151	211	247	151	130	211	1	155	154	1	150	155	1	151	150	1	130	151	146	142	144	140	142	146
0	5	3	131	5	0	140	143	142	141	143	140	6	132	133	7	132	6	10	136	137	11	136	10	151	17	150	16	17	151	155	21	154	20	21	155
2	130	1	4	130	2	144	147	146	145	147	144	8	134	135	9	134	8	12	138	139	13	138	12	149	15	148	14	15	149	153	19	152	18	19	153
157	23	156	22	23	157
156	24	191	23	24	156
191	25	190	24	25	191
190	26	189	25	26	190
189	27	188	26	27	189
188	28	187	27	28	188
187	29	186	28	29	187
186	30	185	29	30	186
185	31	184	30	31	185
184	32	183	31	32	184
183	33	182	32	33	183
182	34	181	33	34	182
181	35	180	34	35	181
180	36	179	35	36	180
179	37	178	36	37	179
178	38	177	37	38	178
177	39	176	38	39	177
176	40	175	39	40	176
175	41	174	40	41	175
174	42	173	41	42	174
173	43	172	42	43	173
172	44	171	43	44	172
171	45	170	44	45	171
170	46	169	45	46	170
169	47	168	46	47	169
168	48	167	47	48	168
167	49	166	48	49	167
166	50	165	49	50	166
165	51	164	50	51	165
164	52	163	51	52	164
163	53	162	52	53	163
162	54	161	53	54	162
161	55	160	54	55	161
160	56	159	55	56	160
159	57	158	56	57	159
158	22	157	57	22	158
193	59	192	58	59	193	229	95	228	94	95	229
192	60	227	59	60	192	228	96	263	95	96	228
227	61	226	60	61	227	263	97	262	96	97	263
226	62	225	61	62	226	262	98	261	97	98	262
225	63	224	62	63	225	261	99	260	98	99	261
224	64	223	63	64	224	260	100	259	99	100	260
223	65	222	64	65	223
222	66	221	65	66	222
221	67	220	66	67	221	257	103	256	102	103	257
220	68	219	67	68	220
219	69	218	68	69	219
218	70	217	69	70	218
217	71	216	70	71	217	253	107	252	106	107	253
216	72	215	71	72	216	252	108	251	107	108	252
215	73	214	72	73	215	251	109	250	108	109	251
214	74	213	73	74	214	250	110	249	109	110	250
213	75	212	74	75	213	249	111	248	110	111	249
212	76	211	75	76	212	248	112	247	111	112	248
211	77	210	76	77	211
210	78	209	77	78	210
209	79	208	78	79	209	245	115	244	114	115	245
208	80	207	79	80	208	244	116	243	115	116	244
207	81	206	80	81	207	243	117	242	116	117	243
206	82	205	81	82	206
205	83	204	82	83	205
204	84	203	83	84	204
203	85	202	84	85	203
202	86	201	85	86	202	238	122	237	121	122	238
201	87	200	86	87	201
200	88	199	87	88	200
199	89	198	88	89	199
198	90	197	89	90	198	234	126	233	125	126	234
197	91	196	90	91	197	233	127	232	126	127	233
196	92	195	91	92	196	232	128	231	127	128	232
195	93	194	92	93	195
194	58	193	93	58	194
259	101	258	100	101	259
258	102	257	101	102	258
256	104	255	103	104	256
255	105	254	104	105	255
254	106	253	105	106	254
247	113	246	112	113	247
246	114	245	113	114	246
242	118	241	117	118	242
241	119	240	118	119	241
240	120	239	119	120	240
239	121	238	120	121	239
237	123	236	122	123	237
236	124	235	123	124	236
235	125	234	124	125	235
231	129	230	128	129	231
230	94	229	129	94	230

#	Normal	94
-1	0	0
0	-1	0
1	0	0
0	1	-0
0	0	1
0	0	-1
-0.0871225	0	-0.996198
-0.259185	0	-0.965828
-0.422321	0	-0.906446
-0.573507	0	-0.8192
-0.707443	0	-0.70677
-0.819111	0	-0.573635
-0.906134	0	-0.42299
-0.966086	0	-0.258221
-0.996135	0	-0.0878382
-0.996135	0	0.0878382
-0.966093	0	0.258193
-0.906114	0	0.423033
-0.819111	0	0.573635
-0.707499	0	0.706714
-0.573507	0	0.8192
-0.422229	0	0.906489
-0.259185	0	0.965828
-0.0871225	0	0.996198
0.0871225	-0	0.996198
0.258736	-0	0.965948
0.422916	-0	0.906169
0.573507	-0	0.8192
0.707499	-0	0.706714
0.819111	-0	0.573635
0.906114	-0	0.423033
0.966093	-0	0.258193
0.996135	-0	0.0878382
0.996135	0	-0.0878382
0.966086	0	-0.258221
0.906134	0	-0.42299
0.819111	0	-0.573635
0.707443	0	-0.70677
0.573507	0	-0.8192
0.423008	0	-0.906126
0.258736	0	-0.965948
0.0871225	0	-0.996198
-0.087167	0	-0.996194
-0.258786	0	-0.965935
-0.422596	0	-0.906318
-0.57378	0	-0.81901
-0.707107	0	-0.707107
-0.819094	0	-0.573659
-0.906426	0	-0.422364
-0.965895	0	-0.258933
-0.996152	0	-0.0876449
-0.996152	0	0.0876449
-0.965895	0	0.258933
-0.906426	0	0.422364
-0.819094	0	0.573659
-0.707107	0	0.707107
-0.57378	0	0.81901
-0.422596	0	0.906318
-0.258786	0	0.965935
-0.087167	0	0.996194
0.0870805	-0	0.996201
0.259035	-0	0.965868
0.422596	-0	0.906318
0.573312	-0	0.819337
0.707107	-0	0.707107
0.819094	-0	0.573659
0.906426	-0	0.422364
0.965895	-0	0.258933
0.996238	-0	0.0866565
0.996238	0	-0.0866565
0.965895	0	-0.258933
0.906426	0	-0.422364
0.819094	0	-0.573659
0.707107	0	-0.707107
0.573312	0	-0.819337
0.422596	0	-0.906318
0.259035	0	-0.965868
0.0870805	0	-0.996201
-0.906056	0	-0.423158
-0.96614	0	-0.258019
-0.996152	0	0.0876395
-0.96614	0	0.258019
-0.906045	0	0.423182
0.087167	-0	0.996194
0.258786	-0	0.965935
0.819562	-0	0.57299
0.906045	-0	0.423182
0.965891	-0	0.258949
0.996239	-0	0.0866511
0.965891	0	-0.258949
0.906056	0	-0.423158
0.819562	0	-0.57299
0.258786	0	-0.965935
0.087167	0	-0.996194

#	Mesh	0	End

