#	Mesh	0	Begin

#	Vertex	232
-72031.7	25964.5	-50
-72031.7	25964.5	5230
-72231.7	25964.5	5230
-72231.7	25964.5	-50
-72231.7	18264.5	5230
-72231.7	18264.5	-50
-72231.7	19889.5	3950
-72231.7	18539.5	3950
-72231.7	18539.5	4550
-72231.7	19889.5	4550
-72231.7	25867	4157.48
-72231.7	25854.9	4158.55
-72231.7	25843.1	4161.7
-72231.7	25832	4166.86
-72231.7	25822.1	4173.86
-72231.7	25813.4	4182.49
-72231.7	25806.4	4192.48
-72231.7	25801.3	4203.54
-72231.7	25798.1	4215.33
-72231.7	25797	4227.48
-72231.7	25798.1	4239.64
-72231.7	25801.3	4251.42
-72231.7	25806.4	4262.48
-72231.7	25813.4	4272.48
-72231.7	25822.1	4281.11
-72231.7	25832	4288.1
-72231.7	25843.1	4293.26
-72231.7	25854.9	4296.42
-72231.7	25867	4297.48
-72231.7	25879.2	4296.42
-72231.7	25891	4293.26
-72231.7	25902	4288.1
-72231.7	25912	4281.11
-72231.7	25920.7	4272.48
-72231.7	25927.7	4262.48
-72231.7	25932.8	4251.42
-72231.7	25936	4239.64
-72231.7	25937	4227.48
-72231.7	25936	4215.33
-72231.7	25932.8	4203.54
-72231.7	25927.7	4192.48
-72231.7	25920.7	4182.49
-72231.7	25912	4173.86
-72231.7	25902	4166.86
-72231.7	25891	4161.7
-72231.7	25879.2	4158.55
-72231.7	25494.6	4196.66
-72231.7	25489.1	4197.14
-72231.7	25483.8	4198.56
-72231.7	25478.8	4200.88
-72231.7	25474.3	4204.03
-72231.7	25470.5	4207.91
-72231.7	25467.3	4212.41
-72231.7	25465	4217.39
-72231.7	25463.6	4222.69
-72231.7	25463.1	4228.16
-72231.7	25463.6	4233.63
-72231.7	25465	4238.93
-72231.7	25467.3	4243.91
-72231.7	25470.5	4248.41
-72231.7	25474.3	4252.29
-72231.7	25478.8	4255.44
-72231.7	25483.8	4257.76
-72231.7	25489.1	4259.18
-72231.7	25494.6	4259.66
-72231.7	25500.1	4259.18
-72231.7	25505.4	4257.76
-72231.7	25510.3	4255.44
-72231.7	25514.8	4252.29
-72231.7	25518.7	4248.41
-72231.7	25521.9	4243.91
-72231.7	25524.2	4238.93
-72231.7	25525.6	4233.63
-72231.7	25526.1	4228.16
-72231.7	25525.6	4222.69
-72231.7	25524.2	4217.39
-72231.7	25521.9	4212.41
-72231.7	25518.7	4207.91
-72231.7	25514.8	4204.03
-72231.7	25510.3	4200.88
-72231.7	25505.4	4198.56
-72231.7	25500.1	4197.14
-72231.7	25654.6	4156.54
-72231.7	25642.4	4157.6
-72231.7	25630.6	4160.76
-72231.7	25619.6	4165.91
-72231.7	25609.6	4172.91
-72231.7	25601	4181.54
-72231.7	25594	4191.54
-72231.7	25588.8	4202.59
-72231.7	25585.6	4214.38
-72231.7	25584.6	4226.54
-72231.7	25585.6	4238.69
-72231.7	25588.8	4250.48
-72231.7	25594	4261.54
-72231.7	25601	4271.53
-72231.7	25609.6	4280.16
-72231.7	25619.6	4287.16
-72231.7	25630.6	4292.31
-72231.7	25642.4	4295.47
-72231.7	25654.6	4296.54
-72231.7	25666.7	4295.47
-72231.7	25678.5	4292.31
-72231.7	25689.6	4287.16
-72231.7	25699.6	4280.16
-72231.7	25708.2	4271.53
-72231.7	25715.2	4261.54
-72231.7	25720.4	4250.48
-72231.7	25723.5	4238.69
-72231.7	25724.6	4226.54
-72231.7	25723.5	4214.38
-72231.7	25720.4	4202.59
-72231.7	25715.2	4191.54
-72231.7	25708.2	4181.54
-72231.7	25699.6	4172.91
-72231.7	25689.6	4165.91
-72231.7	25678.5	4160.76
-72231.7	25666.7	4157.6
-72031.7	18264.5	5230
-72031.7	18264.5	-50
-72031.7	18539.5	3950
-72031.7	19889.5	3950
-72031.7	19889.5	4550
-72031.7	18539.5	4550
-72031.7	25854.9	4158.55
-72031.7	25867	4157.48
-72031.7	25879.2	4158.55
-72031.7	25891	4161.7
-72031.7	25902	4166.86
-72031.7	25912	4173.86
-72031.7	25920.7	4182.49
-72031.7	25927.7	4192.48
-72031.7	25932.8	4203.54
-72031.7	25936	4215.33
-72031.7	25937	4227.48
-72031.7	25936	4239.64
-72031.7	25932.8	4251.42
-72031.7	25927.7	4262.48
-72031.7	25920.7	4272.48
-72031.7	25912	4281.11
-72031.7	25902	4288.1
-72031.7	25891	4293.26
-72031.7	25879.2	4296.42
-72031.7	25867	4297.48
-72031.7	25854.9	4296.42
-72031.7	25843.1	4293.26
-72031.7	25832	4288.1
-72031.7	25822.1	4281.11
-72031.7	25813.4	4272.48
-72031.7	25806.4	4262.48
-72031.7	25801.3	4251.42
-72031.7	25798.1	4239.64
-72031.7	25797	4227.48
-72031.7	25798.1	4215.33
-72031.7	25801.3	4203.54
-72031.7	25806.4	4192.48
-72031.7	25813.4	4182.49
-72031.7	25822.1	4173.86
-72031.7	25832	4166.86
-72031.7	25843.1	4161.7
-72031.7	25489.1	4197.14
-72031.7	25494.6	4196.66
-72031.7	25500.1	4197.14
-72031.7	25505.4	4198.56
-72031.7	25510.3	4200.88
-72031.7	25514.8	4204.03
-72031.7	25518.7	4207.91
-72031.7	25521.9	4212.41
-72031.7	25524.2	4217.39
-72031.7	25525.6	4222.69
-72031.7	25526.1	4228.16
-72031.7	25525.6	4233.63
-72031.7	25524.2	4238.93
-72031.7	25521.9	4243.91
-72031.7	25518.7	4248.41
-72031.7	25514.8	4252.29
-72031.7	25510.3	4255.44
-72031.7	25505.4	4257.76
-72031.7	25500.1	4259.18
-72031.7	25494.6	4259.66
-72031.7	25489.1	4259.18
-72031.7	25483.8	4257.76
-72031.7	25478.8	4255.44
-72031.7	25474.3	4252.29
-72031.7	25470.5	4248.41
-72031.7	25467.3	4243.91
-72031.7	25465	4238.93
-72031.7	25463.6	4233.63
-72031.7	25463.1	4228.16
-72031.7	25463.6	4222.69
-72031.7	25465	4217.39
-72031.7	25467.3	4212.41
-72031.7	25470.5	4207.91
-72031.7	25474.3	4204.03
-72031.7	25478.8	4200.88
-72031.7	25483.8	4198.56
-72031.7	25642.4	4157.6
-72031.7	25654.6	4156.54
-72031.7	25666.7	4157.6
-72031.7	25678.5	4160.76
-72031.7	25689.6	4165.91
-72031.7	25699.6	4172.91
-72031.7	25708.2	4181.54
-72031.7	25715.2	4191.54
-72031.7	25720.4	4202.59
-72031.7	25723.5	4214.38
-72031.7	25724.6	4226.54
-72031.7	25723.5	4238.69
-72031.7	25720.4	4250.48
-72031.7	25715.2	4261.54
-72031.7	25708.2	4271.53
-72031.7	25699.6	4280.16
-72031.7	25689.6	4287.16
-72031.7	25678.5	4292.31
-72031.7	25666.7	4295.47
-72031.7	25654.6	4296.54
-72031.7	25642.4	4295.47
-72031.7	25630.6	4292.31
-72031.7	25619.6	4287.16
-72031.7	25609.6	4280.16
-72031.7	25601	4271.53
-72031.7	25594	4261.54
-72031.7	25588.8	4250.48
-72031.7	25585.6	4238.69
-72031.7	25584.6	4226.54
-72031.7	25585.6	4214.38
-72031.7	25588.8	4202.59
-72031.7	25594	4191.54
-72031.7	25601	4181.54
-72031.7	25609.6	4172.91
-72031.7	25619.6	4165.91
-72031.7	25630.6	4160.76

#	Triangle	82
0	2	1	3	2	0	120	8	123	7	8	120
4	7	5	7	3	5	7	6	3	6	82	3	82	10	3	10	45	3	45	44	3	44	43	3	43	42	3	42	41	3	41	40	3	40	39	3	39	38	3	38	37	3	37	2	3	4	8	7	9	82	6	9	83	82	117	10	82	117	11	10	9	84	83	116	11	117	116	12	11	9	85	84	115	12	116	115	13	12	9	86	85	114	13	115	114	14	13	9	87	86	113	14	114	113	15	14	9	46	87	46	88	87	112	15	113	112	16	15	46	89	88	111	16	112	111	17	16	9	47	46	81	89	46	9	48	47	80	89	81	9	49	48	79	89	80	9	50	49	78	89	79	78	90	89	110	17	111	110	18	17	9	51	50	77	90	78	9	52	51	76	90	77	9	53	52	75	90	76	75	91	90	109	18	110	109	19	18	9	54	53	74	91	75	9	55	54	73	91	74	73	92	91	108	19	109	108	20	19	36	2	37	9	56	55	72	92	73	9	57	56	71	92	72	71	93	92	107	20	108	9	58	57	70	93	71	107	21	20	35	2	36	9	59	58	69	93	70	9	60	59	68	93	69	68	94	93	106	21	107	106	22	21	34	2	35	9	61	60	67	94	68	9	62	61	66	94	67	9	63	62	65	94	66	9	64	63	64	94	65	9	94	64	9	95	94	105	22	106	105	23	22	33	2	34	9	96	95	104	23	105	104	24	23	32	2	33	9	97	96	103	24	104	103	25	24	31	2	32	9	98	97	102	25	103	102	26	25	30	2	31	9	99	98	101	26	102	101	27	26	29	2	30	9	100	99	100	27	101	100	28	27	28	2	29	9	28	100	9	2	28	4	9	8	4	2	9
5	118	4	119	118	5	122	6	121	9	6	122
1	134	0	134	133	0	133	132	0	132	131	0	131	130	0	130	129	0	129	128	0	128	127	0	127	126	0	126	125	0	125	197	0	197	119	0	197	121	119	121	120	119	120	118	119	197	122	121	123	118	120	125	198	197	196	122	197	124	198	125	124	199	198	231	122	196	159	199	124	159	200	199	230	122	231	158	200	159	158	201	200	229	122	230	157	201	158	157	202	201	228	122	229	156	202	157	156	203	202	227	161	228	161	122	228	155	203	156	155	204	203	226	161	227	154	204	155	226	162	161	160	122	161	226	163	162	195	122	160	226	164	163	194	122	195	226	165	164	193	122	194	154	205	204	225	165	226	153	205	154	225	166	165	192	122	193	225	167	166	191	122	192	225	168	167	190	122	191	153	206	205	224	168	225	152	206	153	224	169	168	189	122	190	224	170	169	188	122	189	152	207	206	223	170	224	1	135	134	151	207	152	223	171	170	187	122	188	223	172	171	186	122	187	151	208	207	222	172	223	222	173	172	185	122	186	1	136	135	150	208	151	222	174	173	184	122	185	222	175	174	183	122	184	150	209	208	221	175	222	1	137	136	149	209	150	221	176	175	182	122	183	221	177	176	181	122	182	221	178	177	180	122	181	221	179	178	179	122	180	221	122	179	149	210	209	220	122	221	1	138	137	148	210	149	148	211	210	219	122	220	1	139	138	147	211	148	147	212	211	218	122	219	1	140	139	146	212	147	146	213	212	217	122	218	1	141	140	145	213	146	145	214	213	216	122	217	1	142	141	144	214	145	144	215	214	215	122	216	1	143	142	143	215	144	143	122	215	1	122	143	1	123	122	1	118	123
0	5	3	119	5	0	123	9	122	8	9	123
2	118	1	4	118	2	121	7	120	6	7	121
125	11	124	10	11	125	197	83	196	82	83	197
124	12	159	11	12	124	196	84	231	83	84	196
159	13	158	12	13	159	231	85	230	84	85	231
158	14	157	13	14	158	230	86	229	85	86	230
157	15	156	14	15	157	229	87	228	86	87	229
156	16	155	15	16	156	228	88	227	87	88	228
155	17	154	16	17	155	227	89	226	88	89	227
154	18	153	17	18	154
153	19	152	18	19	153
152	20	151	19	20	152	224	92	223	91	92	224
151	21	150	20	21	151	223	93	222	92	93	223
150	22	149	21	22	150	222	94	221	93	94	222
149	23	148	22	23	149	221	95	220	94	95	221
148	24	147	23	24	148	220	96	219	95	96	220
147	25	146	24	25	147	219	97	218	96	97	219
146	26	145	25	26	146	218	98	217	97	98	218
145	27	144	26	27	145	217	99	216	98	99	217
144	28	143	27	28	144	216	100	215	99	100	216
143	29	142	28	29	143	215	101	214	100	101	215
142	30	141	29	30	142	214	102	213	101	102	214
141	31	140	30	31	141	213	103	212	102	103	213
140	32	139	31	32	140	212	104	211	103	104	212
139	33	138	32	33	139	211	105	210	104	105	211
138	34	137	33	34	138	210	106	209	105	106	210
137	35	136	34	35	137	209	107	208	106	107	209
136	36	135	35	36	136	208	108	207	107	108	208
135	37	134	36	37	135	207	109	206	108	109	207
134	38	133	37	38	134
133	39	132	38	39	133
132	40	131	39	40	132	204	112	203	111	112	204
131	41	130	40	41	131	203	113	202	112	113	203
130	42	129	41	42	130	202	114	201	113	114	202
129	43	128	42	43	129	201	115	200	114	115	201
128	44	127	43	44	128	200	116	199	115	116	200
127	45	126	44	45	127	199	117	198	116	117	199
126	10	125	45	10	126	198	82	197	117	82	198
161	47	160	46	47	161
160	48	195	47	48	160
195	49	194	48	49	195
194	50	193	49	50	194
193	51	192	50	51	193
192	52	191	51	52	192
191	53	190	52	53	191
190	54	189	53	54	190
189	55	188	54	55	189
188	56	187	55	56	188
187	57	186	56	57	187
186	58	185	57	58	186
185	59	184	58	59	185
184	60	183	59	60	184
183	61	182	60	61	183
182	62	181	61	62	182
181	63	180	62	63	181
180	64	179	63	64	180
179	65	178	64	65	179
178	66	177	65	66	178
177	67	176	66	67	177
176	68	175	67	68	176
175	69	174	68	69	175
174	70	173	69	70	174
173	71	172	70	71	173
172	72	171	71	72	172
171	73	170	72	73	171
170	74	169	73	74	170
169	75	168	74	75	169
168	76	167	75	76	168
167	77	166	76	77	167
166	78	165	77	78	166
165	79	164	78	79	165
164	80	163	79	80	164
163	81	162	80	81	163
162	46	161	81	46	162
226	90	225	89	90	226
225	91	224	90	91	225
206	110	205	109	110	206
205	111	204	110	111	205

#	Normal	82
-0	-1	-0
1	0	0
-0	1	0
-1	0	0
-0	0	1
-0	-0	-1
-0	-0.087165	-0.996194
-0	-0.258771	-0.965939
-0	-0.42262	-0.906307
-0	-0.573634	-0.819112
-0	-0.707067	-0.707147
-0	-0.819176	-0.573543
-0	-0.906322	-0.422588
-0	-0.965923	-0.258828
-0	-0.996188	-0.0872374
0	-0.996188	0.0872374
0	-0.965923	0.258828
0	-0.906322	0.422588
0	-0.819176	0.573543
0	-0.707067	0.707147
0	-0.573607	0.81913
0	-0.42262	0.906307
0	-0.258808	0.965929
0	-0.087165	0.996194
0	0.0871511	0.996195
0	0.258848	0.965918
0	0.42262	0.906307
0	0.573532	0.819183
0	0.707147	0.707067
0	0.8191	0.57365
0	0.906322	0.422588
0	0.965923	0.258828
0	0.996201	0.0870786
0	0.996201	-0.0870786
0	0.965923	-0.258828
0	0.906322	-0.422588
0	0.8191	-0.57365
0	0.707147	-0.707067
0	0.573559	-0.819164
0	0.42262	-0.906307
0	0.258811	-0.965928
0	0.0871511	-0.996195
-0	-0.0871361	-0.996196
-0	-0.258908	-0.965902
-0	-0.422574	-0.906328
-0	-0.573558	-0.819165
-0	-0.707107	-0.707107
-0	-0.819219	-0.57348
-0	-0.906328	-0.422574
-0	-0.965892	-0.258946
-0	-0.996195	-0.0871515
0	-0.996196	0.0871438
0	-0.965892	0.258946
0	-0.906313	0.422608
0	-0.819249	0.573438
0	-0.707062	0.707151
0	-0.573558	0.819165
0	-0.422647	0.906294
0	-0.258825	0.965924
0	-0.0871361	0.996196
0	0.0871361	0.996196
0	0.258825	0.965924
0	0.422647	0.906294
0	0.573558	0.819165
0	0.707062	0.707151
0	0.819249	0.573438
0	0.906313	0.422608
0	0.965892	0.258946
0	0.996196	0.0871438
0	0.996195	-0.0871515
0	0.965892	-0.258946
0	0.906328	-0.422574
0	0.819219	-0.57348
0	0.707107	-0.707107
0	0.573558	-0.819165
0	0.422574	-0.906328
0	0.258908	-0.965902
0	0.0871361	-0.996196
-0	-0.965921	-0.258838
-0	-0.996188	-0.087234
0	0.996202	-0.0870751
0	0.965921	-0.258838

#	Mesh	0	End

