#	Mesh	0	Begin

#	Vertex	24
-72031.7	34364.5	-50
-72031.7	34364.5	5230
-72231.7	34364.5	5230
-72231.7	34364.5	-50
-72231.7	26664.5	5230
-72231.7	26664.5	-50
-72231.7	27780.5	4050
-72231.7	27050.5	4050
-72231.7	27050.5	4550
-72231.7	27780.5	4550
-72031.7	26664.5	5230
-72031.7	26664.5	-50
-72203.8	26664.5	1900
-72203.8	26664.5	100
-72031.7	26664.5	100
-72203.8	27364.5	100
-72031.7	27364.5	100
-72203.8	27364.5	1900
-72031.7	27364.5	1900
-72031.7	26664.5	1900
-72031.7	27050.5	4050
-72031.7	27780.5	4050
-72031.7	27780.5	4550
-72031.7	27050.5	4550

#	Triangle	6
0	2	1	3	2	0	20	8	23	7	8	20
4	7	5	7	3	5	7	6	3	6	2	3	4	8	7	9	2	6	4	9	8	4	2	9
14	5	11	14	13	5	13	4	5	12	4	13	10	12	19	10	4	12	15	18	17	16	18	15	22	6	21	9	6	22
1	16	0	16	11	0	16	14	11	1	18	16	1	19	18	1	21	19	21	20	19	20	10	19	1	22	21	23	10	20	1	23	22	1	10	23	15	12	13	17	12	15
0	5	3	11	5	0	17	19	12	18	19	17	23	9	22	8	9	23
2	10	1	4	10	2	13	16	15	14	16	13	21	7	20	6	7	21

#	Normal	6
-0	-1	-0
1	0	0
0	1	-0
-1	0	0
-0	0	1
-0	-0	-1

#	Mesh	0	End

