#	Mesh	0	Begin

#	Vertex	32
-72031.7	36914.5	-50
-72031.7	36914.5	5230
-72231.7	36914.5	5230
-72231.7	36914.5	-50
-72231.7	35064.5	5230
-72231.7	35064.5	-50
-72231.7	36245	3850
-72231.7	35945	3850
-72231.7	35945	4050
-72231.7	36245	4050
-72231.7	36545	4050
-72231.7	36845	4050
-72231.7	36845	3850
-72231.7	36545	3850
-72231.7	36444.5	4150
-72231.7	35944.5	4150
-72231.7	35944.5	4350
-72231.7	36444.5	4350
-72031.7	35064.5	5230
-72031.7	35064.5	-50
-72031.7	35945	3850
-72031.7	36245	3850
-72031.7	36545	3850
-72031.7	36845	3850
-72031.7	36845	4050
-72031.7	36545	4050
-72031.7	36245	4050
-72031.7	35945	4050
-72031.7	35944.5	4150
-72031.7	36444.5	4150
-72031.7	36444.5	4350
-72031.7	35944.5	4350

#	Triangle	6
0	2	1	3	2	0	20	8	27	7	8	20	28	16	31	15	16	28
4	3	5	4	7	3	7	6	3	6	13	3	13	12	3	12	2	3	4	8	7	11	2	12	4	15	8	15	9	8	15	10	9	15	11	10	15	14	11	14	2	11	4	16	15	17	2	14	4	17	16	4	2	17
5	18	4	19	18	5	24	12	23	11	12	24	30	14	29	17	14	30
1	23	0	23	19	0	23	22	19	22	21	19	21	20	19	20	18	19	1	24	23	27	18	20	1	25	24	1	29	25	29	26	25	29	27	26	29	28	27	28	18	27	1	30	29	31	18	28	1	31	30	1	18	31
0	5	3	19	5	0	27	9	26	8	9	27	25	11	24	10	11	25	26	10	25	9	10	26	31	17	30	16	17	31
2	18	1	4	18	2	21	7	20	6	7	21	23	13	22	12	13	23	22	6	21	13	6	22	29	15	28	14	15	29

#	Normal	6
-0	-1	-0
1	0	0
-0	1	0
-1	0	0
-0	0	1
-0	-0	-1

#	Mesh	0	End

