#	Mesh	0	Begin

#	Vertex	192
-68431.7	15714.5	-50
-68431.7	15714.5	5230
-68231.7	15714.5	5230
-68231.7	15714.5	-50
-68231.7	36914.5	5230
-68231.7	36914.5	-50
-68231.7	35945	3850
-68231.7	36245	3850
-68231.7	36545	3850
-68231.7	36845	3850
-68231.7	36845	4050
-68231.7	36545	4050
-68231.7	36245	4050
-68231.7	35945	4050
-68231.7	27050.5	4050
-68231.7	27780.5	4050
-68231.7	27780.5	4550
-68231.7	27050.5	4550
-68231.7	18539.5	3950
-68231.7	19889.5	3950
-68231.7	19889.5	4550
-68231.7	18539.5	4550
-68231.7	35944.5	4150
-68231.7	36444.5	4150
-68231.7	36444.5	4350
-68231.7	35944.5	4350
-68231.7	25867	4146.08
-68231.7	25879.2	4147.15
-68231.7	25891	4150.3
-68231.7	25902	4155.46
-68231.7	25912	4162.46
-68231.7	25920.7	4171.09
-68231.7	25927.7	4181.08
-68231.7	25932.8	4192.14
-68231.7	25936	4203.93
-68231.7	25937	4216.08
-68231.7	25936	4228.24
-68231.7	25932.8	4240.02
-68231.7	25927.7	4251.08
-68231.7	25920.7	4261.08
-68231.7	25912	4269.71
-68231.7	25902	4276.71
-68231.7	25891	4281.86
-68231.7	25879.2	4285.02
-68231.7	25867	4286.08
-68231.7	25854.9	4285.02
-68231.7	25843.1	4281.86
-68231.7	25832	4276.71
-68231.7	25822.1	4269.71
-68231.7	25813.4	4261.08
-68231.7	25806.4	4251.08
-68231.7	25801.3	4240.02
-68231.7	25798.1	4228.24
-68231.7	25797	4216.08
-68231.7	25798.1	4203.93
-68231.7	25801.3	4192.14
-68231.7	25806.4	4181.08
-68231.7	25813.4	4171.09
-68231.7	25822.1	4162.46
-68231.7	25832	4155.46
-68231.7	25843.1	4150.3
-68231.7	25854.9	4147.15
-68231.7	25494.6	4185.26
-68231.7	25500.1	4185.74
-68231.7	25505.4	4187.16
-68231.7	25510.3	4189.48
-68231.7	25514.8	4192.63
-68231.7	25518.7	4196.51
-68231.7	25521.9	4201.01
-68231.7	25524.2	4205.99
-68231.7	25525.6	4211.29
-68231.7	25526.1	4216.76
-68231.7	25525.6	4222.23
-68231.7	25524.2	4227.53
-68231.7	25521.9	4232.51
-68231.7	25518.7	4237.01
-68231.7	25514.8	4240.89
-68231.7	25510.3	4244.04
-68231.7	25505.4	4246.36
-68231.7	25500.1	4247.78
-68231.7	25494.6	4248.26
-68231.7	25489.1	4247.78
-68231.7	25483.8	4246.36
-68231.7	25478.8	4244.04
-68231.7	25474.3	4240.89
-68231.7	25470.5	4237.01
-68231.7	25467.3	4232.51
-68231.7	25465	4227.53
-68231.7	25463.6	4222.23
-68231.7	25463.1	4216.76
-68231.7	25463.6	4211.29
-68231.7	25465	4205.99
-68231.7	25467.3	4201.01
-68231.7	25470.5	4196.51
-68231.7	25474.3	4192.63
-68231.7	25478.8	4189.48
-68231.7	25483.8	4187.16
-68231.7	25489.1	4185.74
-68431.7	36914.5	5230
-68431.7	36914.5	-50
-68431.7	36245	3850
-68431.7	35945	3850
-68431.7	35945	4050
-68431.7	36245	4050
-68431.7	36545	4050
-68431.7	36845	4050
-68431.7	36845	3850
-68431.7	36545	3850
-68431.7	27780.5	4050
-68431.7	27050.5	4050
-68431.7	27050.5	4550
-68431.7	27780.5	4550
-68431.7	19889.5	3950
-68431.7	18539.5	3950
-68431.7	18539.5	4550
-68431.7	19889.5	4550
-68431.7	36444.5	4150
-68431.7	35944.5	4150
-68431.7	35944.5	4350
-68431.7	36444.5	4350
-68431.7	25879.2	4147.15
-68431.7	25867	4146.08
-68431.7	25854.9	4147.15
-68431.7	25843.1	4150.3
-68431.7	25832	4155.46
-68431.7	25822.1	4162.46
-68431.7	25813.4	4171.09
-68431.7	25806.4	4181.08
-68431.7	25801.3	4192.14
-68431.7	25798.1	4203.93
-68431.7	25797	4216.08
-68431.7	25798.1	4228.24
-68431.7	25801.3	4240.02
-68431.7	25806.4	4251.08
-68431.7	25813.4	4261.08
-68431.7	25822.1	4269.71
-68431.7	25832	4276.71
-68431.7	25843.1	4281.86
-68431.7	25854.9	4285.02
-68431.7	25867	4286.08
-68431.7	25879.2	4285.02
-68431.7	25891	4281.86
-68431.7	25902	4276.71
-68431.7	25912	4269.71
-68431.7	25920.7	4261.08
-68431.7	25927.7	4251.08
-68431.7	25932.8	4240.02
-68431.7	25936	4228.24
-68431.7	25937	4216.08
-68431.7	25936	4203.93
-68431.7	25932.8	4192.14
-68431.7	25927.7	4181.08
-68431.7	25920.7	4171.09
-68431.7	25912	4162.46
-68431.7	25902	4155.46
-68431.7	25891	4150.3
-68431.7	25500.1	4185.74
-68431.7	25494.6	4185.26
-68431.7	25489.1	4185.74
-68431.7	25483.8	4187.16
-68431.7	25478.8	4189.48
-68431.7	25474.3	4192.63
-68431.7	25470.5	4196.51
-68431.7	25467.3	4201.01
-68431.7	25465	4205.99
-68431.7	25463.6	4211.29
-68431.7	25463.1	4216.76
-68431.7	25463.6	4222.23
-68431.7	25465	4227.53
-68431.7	25467.3	4232.51
-68431.7	25470.5	4237.01
-68431.7	25474.3	4240.89
-68431.7	25478.8	4244.04
-68431.7	25483.8	4246.36
-68431.7	25489.1	4247.78
-68431.7	25494.6	4248.26
-68431.7	25500.1	4247.78
-68431.7	25505.4	4246.36
-68431.7	25510.3	4244.04
-68431.7	25514.8	4240.89
-68431.7	25518.7	4237.01
-68431.7	25521.9	4232.51
-68431.7	25524.2	4227.53
-68431.7	25525.6	4222.23
-68431.7	25526.1	4216.76
-68431.7	25525.6	4211.29
-68431.7	25524.2	4205.99
-68431.7	25521.9	4201.01
-68431.7	25518.7	4196.51
-68431.7	25514.8	4192.63
-68431.7	25510.3	4189.48
-68431.7	25505.4	4187.16

#	Triangle	78
0	2	1	3	2	0	106	10	105	9	10	106	108	16	111	15	16	108	112	20	115	19	20	112	116	24	119	23	24	116
4	9	5	9	3	5	9	8	3	8	7	3	7	6	3	6	19	3	19	18	3	18	2	3	4	10	9	13	19	6	13	15	19	15	14	19	14	20	19	21	2	18	4	11	10	4	23	11	23	12	11	23	13	12	23	15	13	23	22	15	22	16	15	17	28	14	28	27	14	27	26	14	26	20	14	61	20	26	60	20	61	4	24	23	25	16	22	17	29	28	59	20	60	17	30	29	58	20	59	17	31	30	57	62	58	62	20	58	17	32	31	56	62	57	17	33	32	55	62	56	55	63	62	97	20	62	55	64	63	96	20	97	55	65	64	95	20	96	55	66	65	94	20	95	17	34	33	54	66	55	54	67	66	93	20	94	54	68	67	92	20	93	54	69	68	91	20	92	17	35	34	53	69	54	53	70	69	90	20	91	53	71	70	89	20	90	17	36	35	52	71	53	52	72	71	88	20	89	52	73	72	87	20	88	52	74	73	86	20	87	17	37	36	51	74	52	51	75	74	85	20	86	51	76	75	84	20	85	17	38	37	50	76	51	50	77	76	83	20	84	50	78	77	82	20	83	50	79	78	81	20	82	50	80	79	80	20	81	50	20	80	17	39	38	49	20	50	17	40	39	48	20	49	17	41	40	47	20	48	17	42	41	46	20	47	17	43	42	45	20	46	17	44	43	44	20	45	17	20	44	4	25	24	4	16	25	4	17	16	4	20	17	4	21	20	4	2	21
5	98	4	99	98	5	102	6	101	13	6	102	110	14	109	17	14	110	114	18	113	21	18	114	118	22	117	25	22	118
1	113	0	113	99	0	113	101	99	101	100	99	100	107	99	107	106	99	106	98	99	113	112	101	112	102	101	105	98	106	1	114	113	115	109	112	109	108	112	108	102	112	115	121	109	121	120	109	120	155	109	155	110	109	111	102	108	111	103	102	111	104	103	111	105	104	111	117	105	117	116	105	116	98	105	115	122	121	115	123	122	111	118	117	119	98	116	115	124	123	154	110	155	115	125	124	153	110	154	115	157	125	157	126	125	152	110	153	157	127	126	151	110	152	157	128	127	150	110	151	115	158	157	156	128	157	115	159	158	191	128	156	115	160	159	190	128	191	115	161	160	189	128	190	189	129	128	149	110	150	115	162	161	188	129	189	115	163	162	187	129	188	115	164	163	186	129	187	186	130	129	148	110	149	115	165	164	185	130	186	115	166	165	184	130	185	184	131	130	147	110	148	115	167	166	183	131	184	115	168	167	182	131	183	115	169	168	181	131	182	181	132	131	146	110	147	115	170	169	180	132	181	115	171	170	179	132	180	179	133	132	145	110	146	115	172	171	178	133	179	115	173	172	177	133	178	115	174	173	176	133	177	115	175	174	175	133	176	115	133	175	115	134	133	144	110	145	115	135	134	143	110	144	115	136	135	142	110	143	115	137	136	141	110	142	115	138	137	140	110	141	115	139	138	139	110	140	115	110	139	111	119	118	111	98	119	1	115	114	1	110	115	1	111	110	1	98	111
0	5	3	99	5	0	103	13	102	12	13	103	105	11	104	10	11	105	104	12	103	11	12	104	111	17	110	16	17	111	115	21	114	20	21	115	119	25	118	24	25	119
2	98	1	4	98	2	101	7	100	6	7	101	107	9	106	8	9	107	100	8	107	7	8	100	109	15	108	14	15	109	113	19	112	18	19	113	117	23	116	22	23	117
121	27	120	26	27	121
120	28	155	27	28	120
155	29	154	28	29	155
154	30	153	29	30	154
153	31	152	30	31	153
152	32	151	31	32	152
151	33	150	32	33	151
150	34	149	33	34	150
149	35	148	34	35	149
148	36	147	35	36	148
147	37	146	36	37	147
146	38	145	37	38	146
145	39	144	38	39	145
144	40	143	39	40	144
143	41	142	40	41	143
142	42	141	41	42	142
141	43	140	42	43	141
140	44	139	43	44	140
139	45	138	44	45	139
138	46	137	45	46	138
137	47	136	46	47	137
136	48	135	47	48	136
135	49	134	48	49	135
134	50	133	49	50	134
133	51	132	50	51	133
132	52	131	51	52	132
131	53	130	52	53	131
130	54	129	53	54	130
129	55	128	54	55	129
128	56	127	55	56	128
127	57	126	56	57	127
126	58	125	57	58	126
125	59	124	58	59	125
124	60	123	59	60	124
123	61	122	60	61	123
122	26	121	61	26	122
157	63	156	62	63	157
156	64	191	63	64	156
191	65	190	64	65	191
190	66	189	65	66	190
189	67	188	66	67	189
188	68	187	67	68	188
187	69	186	68	69	187
186	70	185	69	70	186
185	71	184	70	71	185
184	72	183	71	72	184
183	73	182	72	73	183
182	74	181	73	74	182
181	75	180	74	75	181
180	76	179	75	76	180
179	77	178	76	77	179
178	78	177	77	78	178
177	79	176	78	79	177
176	80	175	79	80	176
175	81	174	80	81	175
174	82	173	81	82	174
173	83	172	82	83	173
172	84	171	83	84	172
171	85	170	84	85	171
170	86	169	85	86	170
169	87	168	86	87	169
168	88	167	87	88	168
167	89	166	88	89	167
166	90	165	89	90	166
165	91	164	90	91	165
164	92	163	91	92	164
163	93	162	92	93	163
162	94	161	93	94	162
161	95	160	94	95	161
160	96	159	95	96	160
159	97	158	96	97	159
158	62	157	97	62	158

#	Normal	78
-0	1	0
-1	0	0
-0	-1	-0
1	0	0
0	-0	1
0	0	-1
0	0.0871114	-0.996199
0	0.258848	-0.965918
0	0.42262	-0.906307
0	0.573532	-0.819183
0	0.707147	-0.707067
0	0.819113	-0.573632
0	0.906322	-0.422588
0	0.965921	-0.258838
0	0.996202	-0.0870751
-0	0.996201	0.0870786
-0	0.965923	0.258828
-0	0.906322	0.422588
-0	0.8191	0.57365
-0	0.707147	0.707067
-0	0.573532	0.819183
-0	0.42262	0.906307
-0	0.258848	0.965918
-0	0.0871511	0.996195
0	-0.087165	0.996194
0	-0.258808	0.965929
0	-0.42262	0.906307
0	-0.573607	0.81913
0	-0.707067	0.707147
0	-0.819176	0.573543
0	-0.906322	0.422588
0	-0.965923	0.258828
0	-0.996188	0.0872374
0	-0.996188	-0.087234
0	-0.965921	-0.258838
0	-0.906322	-0.422588
0	-0.819189	-0.573524
0	-0.707067	-0.707147
0	-0.573607	-0.81913
0	-0.42262	-0.906307
0	-0.258808	-0.965929
0	-0.0871252	-0.996197
0	0.0871361	-0.996196
0	0.258908	-0.965902
0	0.422574	-0.906328
0	0.573558	-0.819165
0	0.707107	-0.707107
0	0.819219	-0.57348
0	0.906328	-0.422574
0	0.965892	-0.258946
0	0.996195	-0.0871515
-0	0.996195	0.0871515
-0	0.965892	0.258946
-0	0.906328	0.422574
-0	0.819249	0.573438
-0	0.707062	0.707151
-0	0.573558	0.819165
-0	0.422647	0.906294
-0	0.258825	0.965924
-0	0.0871361	0.996196
0	-0.0871361	0.996196
0	-0.258825	0.965924
0	-0.422647	0.906294
0	-0.573558	0.819165
0	-0.707062	0.707151
0	-0.819249	0.573438
0	-0.906328	0.422574
0	-0.965892	0.258946
0	-0.996195	0.0871515
0	-0.996195	-0.0871515
0	-0.965892	-0.258946
0	-0.906328	-0.422574
0	-0.819219	-0.57348
0	-0.707107	-0.707107
0	-0.573558	-0.819165
0	-0.422574	-0.906328
0	-0.258908	-0.965902
0	-0.0871361	-0.996196

#	Mesh	0	End

