#	Mesh	0	Begin

#	Vertex	56
-46831.7	15714.5	-50
-46831.7	15714.5	5230
-46831.7	15914.5	5230
-46831.7	15914.5	-50
-68231.7	15914.5	5230
-68231.7	15914.5	-50
-57531.7	15914.5	2100
-56031.7	15914.5	2100
-56031.7	15914.5	0
-57531.7	15914.5	0
-55131.7	15914.5	2100
-53631.7	15914.5	2100
-53631.7	15914.5	0
-55131.7	15914.5	0
-50789.8	15914.5	4450
-51089.8	15914.5	4450
-51389.8	15914.5	4450
-51689.8	15914.5	4450
-51689.8	15914.5	4650
-51389.8	15914.5	4650
-51089.8	15914.5	4650
-50789.8	15914.5	4650
-52637.4	15914.5	4250
-53237.4	15914.5	4250
-53237.4	15914.5	4550
-52637.4	15914.5	4550
-68231.7	15714.5	5230
-68231.7	15714.5	-50
-56031.7	15714.5	2100
-57531.7	15714.5	2100
-57531.7	15714.5	0
-56031.7	15714.5	0
-53631.7	15714.5	2100
-55131.7	15714.5	2100
-55131.7	15714.5	0
-53631.7	15714.5	0
-51089.8	15714.5	4450
-50789.8	15714.5	4450
-50789.8	15714.5	4650
-51089.8	15714.5	4650
-51389.8	15714.5	4650
-51689.8	15714.5	4650
-51689.8	15714.5	4450
-51389.8	15714.5	4450
-55231.7	15884.8	1900
-55231.7	15714.5	1900
-55931.7	15884.8	1900
-55931.7	15714.5	1900
-55931.7	15884.8	100
-55931.7	15714.5	100
-55231.7	15884.8	100
-55231.7	15714.5	100
-53237.4	15714.5	4250
-52637.4	15714.5	4250
-52637.4	15714.5	4550
-53237.4	15714.5	4550

#	Triangle	6
0	2	1	3	2	0	42	18	41	17	18	42	46	49	48	47	49	46	9	29	30	6	29	9	13	33	34	10	33	13	52	24	55	23	24	52
4	9	5	9	3	5	9	8	3	8	13	3	13	12	3	12	2	3	4	6	9	7	13	8	7	10	13	11	2	12	4	7	6	4	10	7	4	11	10	4	23	11	23	22	11	22	16	11	16	15	11	15	14	11	14	2	11	4	24	23	25	17	22	17	16	22	25	18	17	21	2	14	4	25	24	4	18	25	4	19	18	4	20	19	4	21	20	4	2	21
5	26	4	27	26	5	38	14	37	21	14	38	50	45	44	51	45	50	7	31	28	8	31	7	11	35	32	12	35	11	54	22	53	25	22	54
1	35	0	35	27	0	35	34	27	34	31	27	31	30	27	30	26	27	1	32	35	33	51	34	51	31	34	51	49	31	49	28	31	29	26	30	33	45	51	47	28	49	33	47	45	33	28	47	1	33	32	1	28	33	1	29	28	1	37	29	37	53	29	53	52	29	52	26	29	37	36	53	36	43	53	43	42	53	42	54	53	55	26	52	1	38	37	41	54	42	41	55	54	41	26	55	1	39	38	1	40	39	1	41	40	1	26	41	50	46	48	44	46	50
0	5	3	27	5	0	39	21	38	20	21	39	41	19	40	18	19	41	40	20	39	19	20	40	44	47	46	45	47	44	6	28	29	7	28	6	10	32	33	11	32	10	55	25	54	24	25	55
2	26	1	4	26	2	37	15	36	14	15	37	43	17	42	16	17	43	36	16	43	15	16	36	48	51	50	49	51	48	8	30	31	9	30	8	12	34	35	13	34	12	53	23	52	22	23	53

#	Normal	6
-1	0	0
0	-1	0
1	0	0
0	1	-0
0	0	1
0	0	-1

#	Mesh	0	End

