#	Mesh	0	Begin

#	Vertex	240
-46831.7	25964.5	-50
-46831.7	25964.5	5230
-47031.7	25964.5	5230
-47031.7	25964.5	-50
-47031.7	18264.5	5230
-47031.7	18264.5	-50
-47031.7	19889.5	3950
-47031.7	18539.5	3950
-47031.7	18539.5	4550
-47031.7	19889.5	4550
-47031.7	25494.6	4115.06
-47031.7	25488.1	4115.63
-47031.7	25481.8	4117.32
-47031.7	25475.8	4120.08
-47031.7	25470.5	4123.83
-47031.7	25465.9	4128.46
-47031.7	25462.1	4133.81
-47031.7	25459.4	4139.73
-47031.7	25457.7	4146.05
-47031.7	25457.1	4152.56
-47031.7	25457.7	4159.07
-47031.7	25459.4	4165.39
-47031.7	25462.1	4171.31
-47031.7	25465.9	4176.66
-47031.7	25470.5	4181.29
-47031.7	25475.8	4185.04
-47031.7	25481.8	4187.8
-47031.7	25488.1	4189.49
-47031.7	25494.6	4190.06
-47031.7	25501.1	4189.49
-47031.7	25507.4	4187.8
-47031.7	25513.3	4185.04
-47031.7	25518.7	4181.29
-47031.7	25523.3	4176.66
-47031.7	25527.1	4171.31
-47031.7	25529.8	4165.39
-47031.7	25531.5	4159.07
-47031.7	25532.1	4152.56
-47031.7	25531.5	4146.05
-47031.7	25529.8	4139.73
-47031.7	25527.1	4133.81
-47031.7	25523.3	4128.46
-47031.7	25518.7	4123.83
-47031.7	25513.3	4120.08
-47031.7	25507.4	4117.32
-47031.7	25501.1	4115.63
-47031.7	25654.6	4070.94
-47031.7	25640.7	4072.15
-47031.7	25627.2	4075.76
-47031.7	25614.6	4081.65
-47031.7	25603.2	4089.65
-47031.7	25593.3	4099.51
-47031.7	25585.3	4110.94
-47031.7	25579.4	4123.57
-47031.7	25575.8	4137.04
-47031.7	25574.6	4150.94
-47031.7	25575.8	4164.83
-47031.7	25579.4	4178.3
-47031.7	25585.3	4190.94
-47031.7	25593.3	4202.36
-47031.7	25603.2	4212.22
-47031.7	25614.6	4220.22
-47031.7	25627.2	4226.11
-47031.7	25640.7	4229.72
-47031.7	25654.6	4230.94
-47031.7	25668.5	4229.72
-47031.7	25681.9	4226.11
-47031.7	25694.6	4220.22
-47031.7	25706	4212.22
-47031.7	25715.9	4202.36
-47031.7	25723.9	4190.94
-47031.7	25729.8	4178.3
-47031.7	25733.4	4164.83
-47031.7	25734.6	4150.94
-47031.7	25733.4	4137.04
-47031.7	25729.8	4123.57
-47031.7	25723.9	4110.94
-47031.7	25715.9	4099.51
-47031.7	25706	4089.65
-47031.7	25694.6	4081.65
-47031.7	25681.9	4075.76
-47031.7	25668.5	4072.15
-47031.7	25867	4071.88
-47031.7	25853.1	4073.1
-47031.7	25839.7	4076.71
-47031.7	25827	4082.6
-47031.7	25815.6	4090.6
-47031.7	25805.7	4100.46
-47031.7	25797.7	4111.88
-47031.7	25791.9	4124.52
-47031.7	25788.2	4137.99
-47031.7	25787	4151.88
-47031.7	25788.2	4165.77
-47031.7	25791.9	4179.25
-47031.7	25797.7	4191.88
-47031.7	25805.7	4203.31
-47031.7	25815.6	4213.17
-47031.7	25827	4221.17
-47031.7	25839.7	4227.06
-47031.7	25853.1	4230.67
-47031.7	25867	4231.88
-47031.7	25880.9	4230.67
-47031.7	25894.4	4227.06
-47031.7	25907	4221.17
-47031.7	25918.5	4213.17
-47031.7	25928.3	4203.31
-47031.7	25936.3	4191.88
-47031.7	25942.2	4179.25
-47031.7	25945.8	4165.77
-47031.7	25947	4151.88
-47031.7	25945.8	4137.99
-47031.7	25942.2	4124.52
-47031.7	25936.3	4111.88
-47031.7	25928.3	4100.46
-47031.7	25918.5	4090.6
-47031.7	25907	4082.6
-47031.7	25894.4	4076.71
-47031.7	25880.9	4073.1
-46831.7	18264.5	5230
-46831.7	18264.5	-50
-47003.8	25951.5	1900
-46831.7	25951.5	1900
-47003.8	25251.5	1900
-46831.7	25251.5	1900
-47003.8	25251.5	100
-46831.7	25251.5	100
-47003.8	25951.5	100
-46831.7	25951.5	100
-46831.7	18539.5	3950
-46831.7	19889.5	3950
-46831.7	19889.5	4550
-46831.7	18539.5	4550
-46831.7	25488.1	4115.63
-46831.7	25494.6	4115.06
-46831.7	25501.1	4115.63
-46831.7	25507.4	4117.32
-46831.7	25513.3	4120.08
-46831.7	25518.7	4123.83
-46831.7	25523.3	4128.46
-46831.7	25527.1	4133.81
-46831.7	25529.8	4139.73
-46831.7	25531.5	4146.05
-46831.7	25532.1	4152.56
-46831.7	25531.5	4159.07
-46831.7	25529.8	4165.39
-46831.7	25527.1	4171.31
-46831.7	25523.3	4176.66
-46831.7	25518.7	4181.29
-46831.7	25513.3	4185.04
-46831.7	25507.4	4187.8
-46831.7	25501.1	4189.49
-46831.7	25494.6	4190.06
-46831.7	25488.1	4189.49
-46831.7	25481.8	4187.8
-46831.7	25475.8	4185.04
-46831.7	25470.5	4181.29
-46831.7	25465.9	4176.66
-46831.7	25462.1	4171.31
-46831.7	25459.4	4165.39
-46831.7	25457.7	4159.07
-46831.7	25457.1	4152.56
-46831.7	25457.7	4146.05
-46831.7	25459.4	4139.73
-46831.7	25462.1	4133.81
-46831.7	25465.9	4128.46
-46831.7	25470.5	4123.83
-46831.7	25475.8	4120.08
-46831.7	25481.8	4117.32
-46831.7	25640.7	4072.15
-46831.7	25654.6	4070.94
-46831.7	25668.5	4072.15
-46831.7	25681.9	4075.76
-46831.7	25694.6	4081.65
-46831.7	25706	4089.65
-46831.7	25715.9	4099.51
-46831.7	25723.9	4110.94
-46831.7	25729.8	4123.57
-46831.7	25733.4	4137.04
-46831.7	25734.6	4150.94
-46831.7	25733.4	4164.83
-46831.7	25729.8	4178.3
-46831.7	25723.9	4190.94
-46831.7	25715.9	4202.36
-46831.7	25706	4212.22
-46831.7	25694.6	4220.22
-46831.7	25681.9	4226.11
-46831.7	25668.5	4229.72
-46831.7	25654.6	4230.94
-46831.7	25640.7	4229.72
-46831.7	25627.2	4226.11
-46831.7	25614.6	4220.22
-46831.7	25603.2	4212.22
-46831.7	25593.3	4202.36
-46831.7	25585.3	4190.94
-46831.7	25579.4	4178.3
-46831.7	25575.8	4164.83
-46831.7	25574.6	4150.94
-46831.7	25575.8	4137.04
-46831.7	25579.4	4123.57
-46831.7	25585.3	4110.94
-46831.7	25593.3	4099.51
-46831.7	25603.2	4089.65
-46831.7	25614.6	4081.65
-46831.7	25627.2	4075.76
-46831.7	25853.1	4073.1
-46831.7	25867	4071.88
-46831.7	25880.9	4073.1
-46831.7	25894.4	4076.71
-46831.7	25907	4082.6
-46831.7	25918.5	4090.6
-46831.7	25928.3	4100.46
-46831.7	25936.3	4111.88
-46831.7	25942.2	4124.52
-46831.7	25945.8	4137.99
-46831.7	25947	4151.88
-46831.7	25945.8	4165.77
-46831.7	25942.2	4179.25
-46831.7	25936.3	4191.88
-46831.7	25928.3	4203.31
-46831.7	25918.5	4213.17
-46831.7	25907	4221.17
-46831.7	25894.4	4227.06
-46831.7	25880.9	4230.67
-46831.7	25867	4231.88
-46831.7	25853.1	4230.67
-46831.7	25839.7	4227.06
-46831.7	25827	4221.17
-46831.7	25815.6	4213.17
-46831.7	25805.7	4203.31
-46831.7	25797.7	4191.88
-46831.7	25791.9	4179.25
-46831.7	25788.2	4165.77
-46831.7	25787	4151.88
-46831.7	25788.2	4137.99
-46831.7	25791.9	4124.52
-46831.7	25797.7	4111.88
-46831.7	25805.7	4100.46
-46831.7	25815.6	4090.6
-46831.7	25827	4082.6
-46831.7	25839.7	4076.71

#	Triangle	102
0	2	1	3	2	0	122	125	124	123	125	122	128	8	131	7	8	128
4	7	5	7	3	5	7	6	3	6	46	3	46	82	3	82	117	3	117	116	3	116	115	3	115	114	3	114	113	3	113	112	3	112	111	3	111	110	3	110	109	3	109	2	3	4	8	7	9	46	6	9	47	46	81	82	46	81	83	82	9	48	47	80	83	81	80	84	83	9	49	48	79	84	80	79	85	84	9	50	49	78	85	79	78	86	85	9	51	50	77	86	78	77	87	86	9	10	51	10	52	51	76	87	77	76	88	87	10	45	52	45	53	52	75	88	76	75	89	88	9	11	10	9	12	11	44	53	45	9	13	12	43	53	44	9	14	13	42	53	43	42	54	53	74	89	75	9	15	14	41	54	42	74	90	89	9	16	15	40	54	41	9	17	16	39	54	40	39	55	54	73	90	74	73	91	90	9	18	17	38	55	39	9	19	18	37	55	38	37	56	55	72	91	73	72	92	91	108	2	109	9	20	19	36	56	37	9	21	20	35	56	36	35	57	56	71	92	72	9	22	21	34	57	35	71	93	92	107	2	108	9	23	22	33	57	34	9	24	23	32	57	33	32	58	57	70	93	71	70	94	93	106	2	107	9	25	24	31	58	32	9	26	25	30	58	31	9	27	26	29	58	30	9	28	27	28	58	29	9	58	28	9	59	58	69	94	70	69	95	94	105	2	106	9	60	59	68	95	69	68	96	95	104	2	105	9	61	60	67	96	68	67	97	96	103	2	104	9	62	61	66	97	67	66	98	97	102	2	103	9	63	62	65	98	66	65	99	98	101	2	102	9	64	63	64	99	65	64	100	99	100	2	101	9	100	64	9	2	100	4	9	8	4	2	9
5	118	4	119	118	5	126	121	120	127	121	126	130	6	129	9	6	130
1	127	0	127	119	0	127	125	119	125	129	119	129	128	119	128	118	119	1	121	127	123	129	125	1	214	121	214	213	121	213	212	121	212	211	121	211	210	121	210	209	121	209	208	121	208	207	121	207	206	121	206	205	121	205	123	121	205	129	123	205	169	129	169	130	129	131	118	128	205	170	169	168	130	169	204	170	205	204	171	170	203	130	168	239	171	204	239	172	171	202	130	203	238	172	239	238	173	172	201	130	202	237	173	238	237	174	173	200	130	201	236	174	237	236	175	174	199	133	200	133	130	200	235	175	236	235	176	175	198	134	199	134	133	199	234	176	235	132	130	133	198	135	134	167	130	132	198	136	135	166	130	167	198	137	136	165	130	166	234	177	176	197	137	198	197	138	137	164	130	165	233	177	234	197	139	138	163	130	164	197	140	139	162	130	163	233	178	177	196	140	197	232	178	233	196	141	140	161	130	162	196	142	141	160	130	161	232	179	178	195	142	196	1	215	214	231	179	232	195	143	142	159	130	160	195	144	143	158	130	159	231	180	179	194	144	195	194	145	144	157	130	158	1	216	215	230	180	231	194	146	145	156	130	157	194	147	146	155	130	156	230	181	180	193	147	194	1	217	216	229	181	230	193	148	147	154	130	155	193	149	148	153	130	154	193	150	149	152	130	153	193	151	150	151	130	152	193	130	151	229	182	181	192	130	193	1	218	217	228	182	229	228	183	182	191	130	192	1	219	218	227	183	228	227	184	183	190	130	191	1	220	219	226	184	227	226	185	184	189	130	190	1	221	220	225	185	226	225	186	185	188	130	189	1	222	221	224	186	225	224	187	186	187	130	188	1	223	222	223	187	224	223	130	187	1	130	223	1	131	130	1	118	131	126	122	124	120	122	126
0	5	3	119	5	0	120	123	122	121	123	120	131	9	130	8	9	131
2	118	1	4	118	2	124	127	126	125	127	124	129	7	128	6	7	129
133	11	132	10	11	133
132	12	167	11	12	132
167	13	166	12	13	167
166	14	165	13	14	166
165	15	164	14	15	165
164	16	163	15	16	164
163	17	162	16	17	163
162	18	161	17	18	162
161	19	160	18	19	161
160	20	159	19	20	160
159	21	158	20	21	159
158	22	157	21	22	158
157	23	156	22	23	157
156	24	155	23	24	156
155	25	154	24	25	155
154	26	153	25	26	154
153	27	152	26	27	153
152	28	151	27	28	152
151	29	150	28	29	151
150	30	149	29	30	150
149	31	148	30	31	149
148	32	147	31	32	148
147	33	146	32	33	147
146	34	145	33	34	146
145	35	144	34	35	145
144	36	143	35	36	144
143	37	142	36	37	143
142	38	141	37	38	142
141	39	140	38	39	141
140	40	139	39	40	140
139	41	138	40	41	139
138	42	137	41	42	138
137	43	136	42	43	137
136	44	135	43	44	136
135	45	134	44	45	135
134	10	133	45	10	134
169	47	168	46	47	169	205	83	204	82	83	205
168	48	203	47	48	168
203	49	202	48	49	203
202	50	201	49	50	202	238	86	237	85	86	238
201	51	200	50	51	201
200	52	199	51	52	200	236	88	235	87	88	236
199	53	198	52	53	199
198	54	197	53	54	198	234	90	233	89	90	234
197	55	196	54	55	197	233	91	232	90	91	233
196	56	195	55	56	196	232	92	231	91	92	232
195	57	194	56	57	195
194	58	193	57	58	194
193	59	192	58	59	193	229	95	228	94	95	229
192	60	191	59	60	192
191	61	190	60	61	191
190	62	189	61	62	190
189	63	188	62	63	189
188	64	187	63	64	188	224	100	223	99	100	224
187	65	186	64	65	187
186	66	185	65	66	186
185	67	184	66	67	185
184	68	183	67	68	184
183	69	182	68	69	183
182	70	181	69	70	182	218	106	217	105	106	218
181	71	180	70	71	181
180	72	179	71	72	180
179	73	178	72	73	179
178	74	177	73	74	178
177	75	176	74	75	177	213	111	212	110	111	213
176	76	175	75	76	176
175	77	174	76	77	175	211	113	210	112	113	211
174	78	173	77	78	174
173	79	172	78	79	173
172	80	171	79	80	172	208	116	207	115	116	208
171	81	170	80	81	171
170	46	169	81	46	170
204	84	239	83	84	204
239	85	238	84	85	239
237	87	236	86	87	237
235	89	234	88	89	235
231	93	230	92	93	231
230	94	229	93	94	230
228	96	227	95	96	228
227	97	226	96	97	227
226	98	225	97	98	226
225	99	224	98	99	225
223	101	222	100	101	223
222	102	221	101	102	222
221	103	220	102	103	221
220	104	219	103	104	220
219	105	218	104	105	219
217	107	216	106	107	217
216	108	215	107	108	216
215	109	214	108	109	215
214	110	213	109	110	214
212	112	211	111	112	212
210	114	209	113	114	210
209	115	208	114	115	209
207	117	206	116	117	207
206	82	205	117	82	206

#	Normal	102
-0	-1	-0
1	0	0
-0	1	0
-1	0	0
-0	0	1
-0	-0	-1
-0	-0.0871744	-0.996193
-0	-0.258811	-0.965928
-0	-0.422665	-0.906286
-0	-0.573482	-0.819218
-0	-0.707181	-0.707032
-0	-0.819099	-0.573653
-0	-0.906357	-0.422513
-0	-0.965942	-0.25876
-0	-0.996187	-0.0872485
0	-0.996187	0.087242
0	-0.965942	0.25876
0	-0.906343	0.422542
0	-0.819123	0.573618
0	-0.707181	0.707032
0	-0.573482	0.819218
0	-0.422665	0.906286
0	-0.258811	0.965928
0	-0.0871002	0.9962
0	0.0871002	0.9962
0	0.258811	0.965928
0	0.422665	0.906286
0	0.573623	0.81912
0	0.707032	0.707181
0	0.819123	0.573618
0	0.906343	0.422542
0	0.965942	0.25876
0	0.996187	0.087242
0	0.996187	-0.0872485
0	0.965942	-0.25876
0	0.906357	-0.422513
0	0.819099	-0.573653
0	0.707032	-0.707181
0	0.573623	-0.81912
0	0.422665	-0.906286
0	0.258811	-0.965928
0	0.0871744	-0.996193
-0	-0.0871478	-0.996195
-0	-0.258832	-0.965922
-0	-0.422621	-0.906307
-0	-0.57354	-0.819178
-0	-0.707159	-0.707054
-0	-0.819163	-0.573561
-0	-0.906273	-0.422692
-0	-0.965923	-0.258831
-0	-0.996198	-0.0871161
0	-0.996198	0.0871192
0	-0.965923	0.258831
0	-0.90628	0.422678
0	-0.819163	0.573561
0	-0.707159	0.707054
0	-0.573528	0.819186
0	-0.422621	0.906307
0	-0.258848	0.965918
0	-0.0871478	0.996195
0	0.0871478	0.996195
0	0.258848	0.965918
0	0.422621	0.906307
0	0.573528	0.819186
0	0.707159	0.707054
0	0.819163	0.573561
0	0.90628	0.422678
0	0.965923	0.258831
0	0.996198	0.0871192
0	0.996198	-0.0871161
0	0.965923	-0.258831
0	0.906273	-0.422692
0	0.819163	-0.573561
0	0.707159	-0.707054
0	0.57354	-0.819178
0	0.422621	-0.906307
0	0.258832	-0.965922
0	0.0871478	-0.996195
-0	-0.258797	-0.965932
-0	-0.422675	-0.906282
-0	-0.707089	-0.707124
-0	-0.906327	-0.422577
0	-0.965925	0.258822
0	-0.906327	0.422577
0	-0.707089	0.707124
0	-0.573552	0.819169
0	-0.422646	0.906295
0	-0.258813	0.965927
0	0.08716	0.996194
0	0.258813	0.965927
0	0.422592	0.90632
0	0.573617	0.819123
0	0.707089	0.707124
0	0.906327	0.422577
0	0.965925	0.258822
0	0.996186	0.0872582
0	0.996186	-0.0872551
0	0.906327	-0.422577
0	0.707089	-0.707124
0	0.573606	-0.819132
0	0.258797	-0.965932
0	0.08716	-0.996194

#	Mesh	0	End

