#	Mesh	0	Begin

#	Vertex	224
-39131.7	18264.5	-50
-39131.7	18264.5	5230
-38931.7	18264.5	5230
-38931.7	18264.5	-50
-38931.7	25964.5	5230
-38931.7	25964.5	-50
-38931.7	25866.8	4086.36
-38931.7	25881.6	4087.65
-38931.7	25895.9	4091.48
-38931.7	25909.3	4097.75
-38931.7	25921.5	4106.24
-38931.7	25931.9	4116.72
-38931.7	25940.4	4128.86
-38931.7	25946.7	4142.29
-38931.7	25950.5	4156.6
-38931.7	25951.8	4171.36
-38931.7	25950.5	4186.12
-38931.7	25946.7	4200.43
-38931.7	25940.4	4213.86
-38931.7	25931.9	4225.99
-38931.7	25921.5	4236.47
-38931.7	25909.3	4244.97
-38931.7	25895.9	4251.23
-38931.7	25881.6	4255.07
-38931.7	25866.8	4256.36
-38931.7	25852.1	4255.07
-38931.7	25837.7	4251.23
-38931.7	25824.3	4244.97
-38931.7	25812.2	4236.47
-38931.7	25801.7	4225.99
-38931.7	25793.2	4213.86
-38931.7	25786.9	4200.43
-38931.7	25783.1	4186.12
-38931.7	25781.8	4171.36
-38931.7	25783.1	4156.6
-38931.7	25786.9	4142.29
-38931.7	25793.2	4128.86
-38931.7	25801.7	4116.72
-38931.7	25812.2	4106.24
-38931.7	25824.3	4097.75
-38931.7	25837.7	4091.48
-38931.7	25852.1	4087.65
-38931.7	25494.6	4125.81
-38931.7	25502.4	4126.49
-38931.7	25510	4128.52
-38931.7	25517.1	4131.84
-38931.7	25523.5	4136.34
-38931.7	25529.1	4141.88
-38931.7	25533.6	4148.31
-38931.7	25536.9	4155.42
-38931.7	25538.9	4162.99
-38931.7	25539.6	4170.81
-38931.7	25538.9	4178.62
-38931.7	25536.9	4186.2
-38931.7	25533.6	4193.31
-38931.7	25529.1	4199.73
-38931.7	25523.5	4205.28
-38931.7	25517.1	4209.78
-38931.7	25510	4213.09
-38931.7	25502.4	4215.12
-38931.7	25494.6	4215.81
-38931.7	25486.8	4215.12
-38931.7	25479.2	4213.09
-38931.7	25472.1	4209.78
-38931.7	25465.7	4205.28
-38931.7	25460.1	4199.73
-38931.7	25455.6	4193.31
-38931.7	25452.3	4186.2
-38931.7	25450.3	4178.62
-38931.7	25449.6	4170.81
-38931.7	25450.3	4162.99
-38931.7	25452.3	4155.42
-38931.7	25455.6	4148.31
-38931.7	25460.1	4141.88
-38931.7	25465.7	4136.34
-38931.7	25472.1	4131.84
-38931.7	25479.2	4128.52
-38931.7	25486.8	4126.49
-38931.7	25654.6	4087.22
-38931.7	25669.3	4088.51
-38931.7	25683.7	4092.34
-38931.7	25697.1	4098.6
-38931.7	25709.2	4107.1
-38931.7	25719.7	4117.58
-38931.7	25728.2	4129.71
-38931.7	25734.5	4143.14
-38931.7	25738.3	4157.46
-38931.7	25739.6	4172.21
-38931.7	25738.3	4186.98
-38931.7	25734.5	4201.29
-38931.7	25728.2	4214.71
-38931.7	25719.7	4226.85
-38931.7	25709.2	4237.33
-38931.7	25697.1	4245.83
-38931.7	25683.7	4252.09
-38931.7	25669.3	4255.92
-38931.7	25654.6	4257.21
-38931.7	25639.8	4255.92
-38931.7	25625.5	4252.09
-38931.7	25612.1	4245.83
-38931.7	25599.9	4237.33
-38931.7	25589.5	4226.85
-38931.7	25581	4214.71
-38931.7	25574.7	4201.29
-38931.7	25570.9	4186.98
-38931.7	25569.6	4172.21
-38931.7	25570.9	4157.46
-38931.7	25574.7	4143.14
-38931.7	25581	4129.71
-38931.7	25589.5	4117.58
-38931.7	25599.9	4107.1
-38931.7	25612.1	4098.6
-38931.7	25625.5	4092.34
-38931.7	25639.8	4088.51
-39131.7	25964.5	5230
-39131.7	25964.5	-50
-39131.7	25881.6	4087.65
-39131.7	25866.8	4086.36
-39131.7	25852.1	4087.65
-39131.7	25837.7	4091.48
-39131.7	25824.3	4097.75
-39131.7	25812.2	4106.24
-39131.7	25801.7	4116.72
-39131.7	25793.2	4128.86
-39131.7	25786.9	4142.29
-39131.7	25783.1	4156.6
-39131.7	25781.8	4171.36
-39131.7	25783.1	4186.12
-39131.7	25786.9	4200.43
-39131.7	25793.2	4213.86
-39131.7	25801.7	4225.99
-39131.7	25812.2	4236.47
-39131.7	25824.3	4244.97
-39131.7	25837.7	4251.23
-39131.7	25852.1	4255.07
-39131.7	25866.8	4256.36
-39131.7	25881.6	4255.07
-39131.7	25895.9	4251.23
-39131.7	25909.3	4244.97
-39131.7	25921.5	4236.47
-39131.7	25931.9	4225.99
-39131.7	25940.4	4213.86
-39131.7	25946.7	4200.43
-39131.7	25950.5	4186.12
-39131.7	25951.8	4171.36
-39131.7	25950.5	4156.6
-39131.7	25946.7	4142.29
-39131.7	25940.4	4128.86
-39131.7	25931.9	4116.72
-39131.7	25921.5	4106.24
-39131.7	25909.3	4097.75
-39131.7	25895.9	4091.48
-39131.7	25502.4	4126.49
-39131.7	25494.6	4125.81
-39131.7	25486.8	4126.49
-39131.7	25479.2	4128.52
-39131.7	25472.1	4131.84
-39131.7	25465.7	4136.34
-39131.7	25460.1	4141.88
-39131.7	25455.6	4148.31
-39131.7	25452.3	4155.42
-39131.7	25450.3	4162.99
-39131.7	25449.6	4170.81
-39131.7	25450.3	4178.62
-39131.7	25452.3	4186.2
-39131.7	25455.6	4193.31
-39131.7	25460.1	4199.73
-39131.7	25465.7	4205.28
-39131.7	25472.1	4209.78
-39131.7	25479.2	4213.09
-39131.7	25486.8	4215.12
-39131.7	25494.6	4215.81
-39131.7	25502.4	4215.12
-39131.7	25510	4213.09
-39131.7	25517.1	4209.78
-39131.7	25523.5	4205.28
-39131.7	25529.1	4199.73
-39131.7	25533.6	4193.31
-39131.7	25536.9	4186.2
-39131.7	25538.9	4178.62
-39131.7	25539.6	4170.81
-39131.7	25538.9	4162.99
-39131.7	25536.9	4155.42
-39131.7	25533.6	4148.31
-39131.7	25529.1	4141.88
-39131.7	25523.5	4136.34
-39131.7	25517.1	4131.84
-39131.7	25510	4128.52
-39131.7	25669.3	4088.51
-39131.7	25654.6	4087.22
-39131.7	25639.8	4088.51
-39131.7	25625.5	4092.34
-39131.7	25612.1	4098.6
-39131.7	25599.9	4107.1
-39131.7	25589.5	4117.58
-39131.7	25581	4129.71
-39131.7	25574.7	4143.14
-39131.7	25570.9	4157.46
-39131.7	25569.6	4172.21
-39131.7	25570.9	4186.98
-39131.7	25574.7	4201.29
-39131.7	25581	4214.71
-39131.7	25589.5	4226.85
-39131.7	25599.9	4237.33
-39131.7	25612.1	4245.83
-39131.7	25625.5	4252.09
-39131.7	25639.8	4255.92
-39131.7	25654.6	4257.21
-39131.7	25669.3	4255.92
-39131.7	25683.7	4252.09
-39131.7	25697.1	4245.83
-39131.7	25709.2	4237.33
-39131.7	25719.7	4226.85
-39131.7	25728.2	4214.71
-39131.7	25734.5	4201.29
-39131.7	25738.3	4186.98
-39131.7	25739.6	4172.21
-39131.7	25738.3	4157.46
-39131.7	25734.5	4143.14
-39131.7	25728.2	4129.71
-39131.7	25719.7	4117.58
-39131.7	25709.2	4107.1
-39131.7	25697.1	4098.6
-39131.7	25683.7	4092.34

#	Triangle	99
0	2	1	3	2	0
4	15	5	15	14	5	14	13	5	13	12	5	12	11	5	11	10	5	10	9	5	9	8	5	8	7	5	7	6	5	6	3	5	6	78	3	78	113	3	113	2	3	41	78	6	41	79	78	40	79	41	40	80	79	112	2	113	39	80	40	39	81	80	111	2	112	38	81	39	38	82	81	110	2	111	37	82	38	37	83	82	109	42	110	42	77	110	77	2	110	36	83	37	36	84	83	108	42	109	108	43	42	108	44	43	76	2	77	108	45	44	75	2	76	35	84	36	35	85	84	107	45	108	107	46	45	74	2	75	107	47	46	73	2	74	107	48	47	72	2	73	34	85	35	34	86	85	106	48	107	106	49	48	71	2	72	106	50	49	70	2	71	33	86	34	33	87	86	105	50	106	105	51	50	69	2	70	105	52	51	68	2	69	4	16	15	32	87	33	32	88	87	104	52	105	104	53	52	67	2	68	4	17	16	31	88	32	104	54	53	66	2	67	31	89	88	103	54	104	103	55	54	65	2	66	103	56	55	64	2	65	4	18	17	30	89	31	30	90	89	102	56	103	102	57	56	63	2	64	102	58	57	62	2	63	102	59	58	61	2	62	4	19	18	29	90	30	29	91	90	101	59	102	101	60	59	60	2	61	101	2	60	4	20	19	28	91	29	28	92	91	100	2	101	4	21	20	27	92	28	27	93	92	99	2	100	4	22	21	26	93	27	26	94	93	98	2	99	4	23	22	25	94	26	25	95	94	97	2	98	4	24	23	24	95	25	24	96	95	96	2	97	4	96	24	4	2	96
5	114	4	115	114	5
1	115	0	1	190	115	190	189	115	189	117	115	117	116	115	116	151	115	151	150	115	150	149	115	149	148	115	148	147	115	147	146	115	146	145	115	145	144	115	144	114	115	189	118	117	188	118	189	188	119	118	1	191	190	223	119	188	223	120	119	1	192	191	222	120	223	222	121	120	1	193	192	221	121	222	221	122	121	1	154	193	154	153	193	153	194	193	220	122	221	220	123	122	153	195	194	219	123	220	152	195	153	1	155	154	187	195	152	1	156	155	186	195	187	219	124	123	186	196	195	218	124	219	1	157	156	185	196	186	1	158	157	184	196	185	1	159	158	183	196	184	218	125	124	183	197	196	217	125	218	1	160	159	182	197	183	1	161	160	181	197	182	217	126	125	181	198	197	216	126	217	1	162	161	180	198	181	1	163	162	179	198	180	216	127	126	143	114	144	179	199	198	215	127	216	1	164	163	178	199	179	215	128	127	142	114	143	1	165	164	177	199	178	177	200	199	214	128	215	1	166	165	176	200	177	1	167	166	175	200	176	214	129	128	141	114	142	175	201	200	213	129	214	1	168	167	174	201	175	1	169	168	173	201	174	1	170	169	172	201	173	213	130	129	140	114	141	172	202	201	212	130	213	1	171	170	171	202	172	1	202	171	212	131	130	139	114	140	1	203	202	211	131	212	211	132	131	138	114	139	1	204	203	210	132	211	210	133	132	137	114	138	1	205	204	209	133	210	209	134	133	136	114	137	1	206	205	208	134	209	208	135	134	135	114	136	1	207	206	207	135	208	207	114	135	1	114	207
0	5	3	115	5	0
2	114	1	4	114	2
117	7	116	6	7	117	189	79	188	78	79	189
116	8	151	7	8	116
151	9	150	8	9	151
150	10	149	9	10	150
149	11	148	10	11	149	221	83	220	82	83	221
148	12	147	11	12	148
147	13	146	12	13	147
146	14	145	13	14	146
145	15	144	14	15	145
144	16	143	15	16	144	216	88	215	87	88	216
143	17	142	16	17	143
142	18	141	17	18	142	214	90	213	89	90	214
141	19	140	18	19	141
140	20	139	19	20	140	212	92	211	91	92	212
139	21	138	20	21	139	211	93	210	92	93	211
138	22	137	21	22	138	210	94	209	93	94	210
137	23	136	22	23	137
136	24	135	23	24	136
135	25	134	24	25	135
134	26	133	25	26	134
133	27	132	26	27	133	205	99	204	98	99	205
132	28	131	27	28	132	204	100	203	99	100	204
131	29	130	28	29	131	203	101	202	100	101	203
130	30	129	29	30	130
129	31	128	30	31	129
128	32	127	31	32	128	200	104	199	103	104	200
127	33	126	32	33	127	199	105	198	104	105	199
126	34	125	33	34	126
125	35	124	34	35	125	197	107	196	106	107	197
124	36	123	35	36	124
123	37	122	36	37	123
122	38	121	37	38	122	194	110	193	109	110	194
121	39	120	38	39	121
120	40	119	39	40	120
119	41	118	40	41	119
118	6	117	41	6	118	190	78	189	113	78	190
153	43	152	42	43	153
152	44	187	43	44	152
187	45	186	44	45	187
186	46	185	45	46	186
185	47	184	46	47	185
184	48	183	47	48	184
183	49	182	48	49	183
182	50	181	49	50	182
181	51	180	50	51	181
180	52	179	51	52	180
179	53	178	52	53	179
178	54	177	53	54	178
177	55	176	54	55	177
176	56	175	55	56	176
175	57	174	56	57	175
174	58	173	57	58	174
173	59	172	58	59	173
172	60	171	59	60	172
171	61	170	60	61	171
170	62	169	61	62	170
169	63	168	62	63	169
168	64	167	63	64	168
167	65	166	64	65	167
166	66	165	65	66	166
165	67	164	66	67	165
164	68	163	67	68	164
163	69	162	68	69	163
162	70	161	69	70	162
161	71	160	70	71	161
160	72	159	71	72	160
159	73	158	72	73	159
158	74	157	73	74	158
157	75	156	74	75	157
156	76	155	75	76	156
155	77	154	76	77	155
154	42	153	77	42	154
188	80	223	79	80	188
223	81	222	80	81	223
222	82	221	81	82	222
220	84	219	83	84	220
219	85	218	84	85	219
218	86	217	85	86	218
217	87	216	86	87	217
215	89	214	88	89	215
213	91	212	90	91	213
209	95	208	94	95	209
208	96	207	95	96	208
207	97	206	96	97	207
206	98	205	97	98	206
202	102	201	101	102	202
201	103	200	102	103	201
198	106	197	105	106	198
196	108	195	107	108	196
195	109	194	108	109	195
193	111	192	110	111	193
192	112	191	111	112	192
191	113	190	112	113	191

#	Normal	99
-0	1	0
-1	0	0
-0	-1	-0
1	0	0
0	-0	1
0	0	-1
0	0.0871522	-0.996195
0	0.258815	-0.965927
0	0.422619	-0.906307
0	0.573591	-0.819142
0	0.707123	-0.70709
0	0.819158	-0.573569
0	0.906307	-0.42262
0	0.965906	-0.258893
0	0.996197	-0.087133
-0	0.996197	0.087133
-0	0.965906	0.258893
-0	0.906307	0.42262
-0	0.819168	0.573553
-0	0.707107	0.707107
-0	0.573591	0.819142
-0	0.422633	0.906301
-0	0.258784	0.965935
-0	0.0871686	0.996194
0	-0.0871686	0.996194
0	-0.258784	0.965935
0	-0.422633	0.906301
0	-0.573591	0.819142
0	-0.707107	0.707107
0	-0.819107	0.573641
0	-0.906357	0.422512
0	-0.965906	0.258893
0	-0.996197	0.087133
0	-0.996197	-0.087133
0	-0.965906	-0.258893
0	-0.906357	-0.422512
0	-0.819096	-0.573657
0	-0.707123	-0.70709
0	-0.573591	-0.819142
0	-0.422619	-0.906307
0	-0.258815	-0.965927
0	-0.0871522	-0.996195
0	0.0871453	-0.996196
0	0.25879	-0.965934
0	0.422647	-0.906294
0	0.573546	-0.819173
0	0.707076	-0.707138
0	0.819232	-0.573462
0	0.906331	-0.422568
0	0.965891	-0.258949
0	0.996196	-0.0871453
-0	0.996195	0.0871507
-0	0.965891	0.258949
-0	0.906342	0.422545
-0	0.819211	0.573492
-0	0.707076	0.707138
-0	0.573546	0.819173
-0	0.422647	0.906294
-0	0.25879	0.965934
-0	0.0872071	0.99619
0	-0.0872071	0.99619
0	-0.25879	0.965934
0	-0.422647	0.906294
0	-0.573546	0.819173
0	-0.707076	0.707138
0	-0.819211	0.573492
0	-0.906247	0.422749
0	-0.965953	0.258716
0	-0.996195	0.0871507
0	-0.996196	-0.0871453
0	-0.965953	-0.258716
0	-0.906236	-0.422773
0	-0.819232	-0.573462
0	-0.707076	-0.707138
0	-0.573546	-0.819173
0	-0.422647	-0.906294
0	-0.25879	-0.965934
0	-0.0871453	-0.996196
0	0.2588	-0.965931
0	0.422646	-0.906295
0	0.573569	-0.819158
0	0.819096	-0.573657
0	0.906313	-0.422608
0	0.965939	-0.25877
0	0.996196	-0.0871359
-0	0.965939	0.25877
-0	0.819107	0.573641
-0	0.258815	0.965927
-0	0.0871359	0.996196
0	-0.0871359	0.996196
0	-0.258815	0.965927
0	-0.819168	0.573553
0	-0.906307	0.42262
0	-0.996196	-0.0871359
0	-0.906313	-0.422608
0	-0.819158	-0.573569
0	-0.573569	-0.819158
0	-0.422646	-0.906295
0	-0.2588	-0.965931

#	Mesh	0	End

