#	Mesh	0	Begin

#	Vertex	232
-55681.7	18264.5	-50
-55681.7	18264.5	4750
-55481.7	18264.5	4750
-55481.7	18264.5	-50
-55481.7	25964.5	4750
-55481.7	25964.5	-50
-55481.7	18539.5	3950
-55481.7	19889.5	3950
-55481.7	19889.5	4550
-55481.7	18539.5	4550
-55481.7	25867	4107.83
-55481.7	25879.2	4108.9
-55481.7	25891	4112.05
-55481.7	25902	4117.21
-55481.7	25912	4124.21
-55481.7	25920.7	4132.84
-55481.7	25927.7	4142.83
-55481.7	25932.8	4153.89
-55481.7	25936	4165.68
-55481.7	25937	4177.83
-55481.7	25936	4189.99
-55481.7	25932.8	4201.77
-55481.7	25927.7	4212.83
-55481.7	25920.7	4222.83
-55481.7	25912	4231.46
-55481.7	25902	4238.46
-55481.7	25891	4243.61
-55481.7	25879.2	4246.77
-55481.7	25867	4247.83
-55481.7	25854.9	4246.77
-55481.7	25843.1	4243.61
-55481.7	25832	4238.46
-55481.7	25822.1	4231.46
-55481.7	25813.4	4222.83
-55481.7	25806.4	4212.83
-55481.7	25801.3	4201.77
-55481.7	25798.1	4189.99
-55481.7	25797	4177.83
-55481.7	25798.1	4165.68
-55481.7	25801.3	4153.89
-55481.7	25806.4	4142.83
-55481.7	25813.4	4132.84
-55481.7	25822.1	4124.21
-55481.7	25832	4117.21
-55481.7	25843.1	4112.05
-55481.7	25854.9	4108.9
-55481.7	25494.6	4141.01
-55481.7	25501.1	4141.58
-55481.7	25507.4	4143.27
-55481.7	25513.3	4146.03
-55481.7	25518.7	4149.78
-55481.7	25523.3	4154.41
-55481.7	25527.1	4159.76
-55481.7	25529.8	4165.68
-55481.7	25531.5	4172
-55481.7	25532.1	4178.51
-55481.7	25531.5	4185.02
-55481.7	25529.8	4191.34
-55481.7	25527.1	4197.26
-55481.7	25523.3	4202.61
-55481.7	25518.7	4207.24
-55481.7	25513.3	4210.99
-55481.7	25507.4	4213.75
-55481.7	25501.1	4215.44
-55481.7	25494.6	4216.01
-55481.7	25488.1	4215.44
-55481.7	25481.8	4213.75
-55481.7	25475.8	4210.99
-55481.7	25470.5	4207.24
-55481.7	25465.9	4202.61
-55481.7	25462.1	4197.26
-55481.7	25459.4	4191.34
-55481.7	25457.7	4185.02
-55481.7	25457.1	4178.51
-55481.7	25457.7	4172
-55481.7	25459.4	4165.68
-55481.7	25462.1	4159.76
-55481.7	25465.9	4154.41
-55481.7	25470.5	4149.78
-55481.7	25475.8	4146.03
-55481.7	25481.8	4143.27
-55481.7	25488.1	4141.58
-55481.7	25654.6	4106.89
-55481.7	25666.7	4107.95
-55481.7	25678.5	4111.11
-55481.7	25689.6	4116.26
-55481.7	25699.6	4123.26
-55481.7	25708.2	4131.89
-55481.7	25715.2	4141.89
-55481.7	25720.4	4152.94
-55481.7	25723.5	4164.73
-55481.7	25724.6	4176.89
-55481.7	25723.5	4189.04
-55481.7	25720.4	4200.83
-55481.7	25715.2	4211.89
-55481.7	25708.2	4221.88
-55481.7	25699.6	4230.51
-55481.7	25689.6	4237.51
-55481.7	25678.5	4242.66
-55481.7	25666.7	4245.82
-55481.7	25654.6	4246.89
-55481.7	25642.4	4245.82
-55481.7	25630.6	4242.66
-55481.7	25619.6	4237.51
-55481.7	25609.6	4230.51
-55481.7	25601	4221.88
-55481.7	25594	4211.89
-55481.7	25588.8	4200.83
-55481.7	25585.6	4189.04
-55481.7	25584.6	4176.89
-55481.7	25585.6	4164.73
-55481.7	25588.8	4152.94
-55481.7	25594	4141.89
-55481.7	25601	4131.89
-55481.7	25609.6	4123.26
-55481.7	25619.6	4116.26
-55481.7	25630.6	4111.11
-55481.7	25642.4	4107.95
-55681.7	25964.5	4750
-55681.7	25964.5	-50
-55681.7	19889.5	3950
-55681.7	18539.5	3950
-55681.7	18539.5	4550
-55681.7	19889.5	4550
-55681.7	25879.2	4108.9
-55681.7	25867	4107.83
-55681.7	25854.9	4108.9
-55681.7	25843.1	4112.05
-55681.7	25832	4117.21
-55681.7	25822.1	4124.21
-55681.7	25813.4	4132.84
-55681.7	25806.4	4142.83
-55681.7	25801.3	4153.89
-55681.7	25798.1	4165.68
-55681.7	25797	4177.83
-55681.7	25798.1	4189.99
-55681.7	25801.3	4201.77
-55681.7	25806.4	4212.83
-55681.7	25813.4	4222.83
-55681.7	25822.1	4231.46
-55681.7	25832	4238.46
-55681.7	25843.1	4243.61
-55681.7	25854.9	4246.77
-55681.7	25867	4247.83
-55681.7	25879.2	4246.77
-55681.7	25891	4243.61
-55681.7	25902	4238.46
-55681.7	25912	4231.46
-55681.7	25920.7	4222.83
-55681.7	25927.7	4212.83
-55681.7	25932.8	4201.77
-55681.7	25936	4189.99
-55681.7	25937	4177.83
-55681.7	25936	4165.68
-55681.7	25932.8	4153.89
-55681.7	25927.7	4142.83
-55681.7	25920.7	4132.84
-55681.7	25912	4124.21
-55681.7	25902	4117.21
-55681.7	25891	4112.05
-55681.7	25501.1	4141.58
-55681.7	25494.6	4141.01
-55681.7	25488.1	4141.58
-55681.7	25481.8	4143.27
-55681.7	25475.8	4146.03
-55681.7	25470.5	4149.78
-55681.7	25465.9	4154.41
-55681.7	25462.1	4159.76
-55681.7	25459.4	4165.68
-55681.7	25457.7	4172
-55681.7	25457.1	4178.51
-55681.7	25457.7	4185.02
-55681.7	25459.4	4191.34
-55681.7	25462.1	4197.26
-55681.7	25465.9	4202.61
-55681.7	25470.5	4207.24
-55681.7	25475.8	4210.99
-55681.7	25481.8	4213.75
-55681.7	25488.1	4215.44
-55681.7	25494.6	4216.01
-55681.7	25501.1	4215.44
-55681.7	25507.4	4213.75
-55681.7	25513.3	4210.99
-55681.7	25518.7	4207.24
-55681.7	25523.3	4202.61
-55681.7	25527.1	4197.26
-55681.7	25529.8	4191.34
-55681.7	25531.5	4185.02
-55681.7	25532.1	4178.51
-55681.7	25531.5	4172
-55681.7	25529.8	4165.68
-55681.7	25527.1	4159.76
-55681.7	25523.3	4154.41
-55681.7	25518.7	4149.78
-55681.7	25513.3	4146.03
-55681.7	25507.4	4143.27
-55681.7	25666.7	4107.95
-55681.7	25654.6	4106.89
-55681.7	25642.4	4107.95
-55681.7	25630.6	4111.11
-55681.7	25619.6	4116.26
-55681.7	25609.6	4123.26
-55681.7	25601	4131.89
-55681.7	25594	4141.89
-55681.7	25588.8	4152.94
-55681.7	25585.6	4164.73
-55681.7	25584.6	4176.89
-55681.7	25585.6	4189.04
-55681.7	25588.8	4200.83
-55681.7	25594	4211.89
-55681.7	25601	4221.88
-55681.7	25609.6	4230.51
-55681.7	25619.6	4237.51
-55681.7	25630.6	4242.66
-55681.7	25642.4	4245.82
-55681.7	25654.6	4246.89
-55681.7	25666.7	4245.82
-55681.7	25678.5	4242.66
-55681.7	25689.6	4237.51
-55681.7	25699.6	4230.51
-55681.7	25708.2	4221.88
-55681.7	25715.2	4211.89
-55681.7	25720.4	4200.83
-55681.7	25723.5	4189.04
-55681.7	25724.6	4176.89
-55681.7	25723.5	4164.73
-55681.7	25720.4	4152.94
-55681.7	25715.2	4141.89
-55681.7	25708.2	4131.89
-55681.7	25699.6	4123.26
-55681.7	25689.6	4116.26
-55681.7	25678.5	4111.11

#	Triangle	94
0	2	1	3	2	0	120	8	123	7	8	120
4	19	5	19	18	5	18	17	5	17	16	5	16	15	5	15	14	5	14	13	5	13	12	5	12	11	5	11	10	5	10	82	5	82	3	5	82	7	3	7	6	3	6	2	3	82	8	7	9	2	6	10	83	82	117	8	82	45	83	10	45	84	83	116	8	117	44	84	45	44	85	84	115	8	116	43	85	44	43	86	85	114	8	115	42	86	43	42	87	86	113	8	114	41	87	42	41	88	87	112	46	113	46	8	113	40	88	41	112	47	46	81	8	46	112	48	47	80	8	81	40	89	88	111	48	112	39	89	40	111	49	48	79	8	80	111	50	49	78	8	79	111	51	50	77	8	78	39	90	89	110	51	111	38	90	39	110	52	51	76	8	77	110	53	52	75	8	76	38	91	90	109	53	110	37	91	38	109	54	53	74	8	75	109	55	54	73	8	74	37	92	91	108	55	109	4	20	19	36	92	37	108	56	55	72	8	73	108	57	56	71	8	72	36	93	92	107	57	108	4	21	20	35	93	36	107	58	57	70	8	71	107	59	58	69	8	70	35	94	93	106	59	107	4	22	21	34	94	35	106	60	59	68	8	69	106	61	60	67	8	68	106	62	61	66	8	67	34	95	94	105	62	106	4	23	22	33	95	34	105	63	62	65	8	66	105	64	63	64	8	65	105	8	64	33	96	95	104	8	105	4	24	23	32	96	33	32	97	96	103	8	104	4	25	24	31	97	32	31	98	97	102	8	103	4	26	25	30	98	31	30	99	98	101	8	102	4	27	26	29	99	30	29	100	99	100	8	101	4	28	27	28	100	29	28	8	100	4	8	28	4	9	8	4	2	9
5	118	4	119	118	5	122	6	121	9	6	122
1	121	0	121	119	0	121	120	119	120	197	119	197	125	119	125	124	119	124	159	119	159	158	119	158	157	119	157	156	119	156	155	119	155	154	119	154	153	119	153	152	119	152	118	119	1	122	121	123	197	120	123	198	197	196	125	197	196	126	125	123	199	198	231	126	196	231	127	126	123	200	199	230	127	231	230	128	127	123	201	200	229	128	230	229	129	128	123	202	201	228	129	229	228	130	129	123	161	202	161	203	202	227	130	228	227	131	130	123	162	161	160	203	161	123	163	162	195	203	160	195	204	203	226	131	227	226	132	131	123	164	163	194	204	195	123	165	164	193	204	194	123	166	165	192	204	193	192	205	204	225	132	226	225	133	132	123	167	166	191	205	192	123	168	167	190	205	191	190	206	205	224	133	225	224	134	133	123	169	168	189	206	190	123	170	169	188	206	189	188	207	206	223	134	224	223	135	134	151	118	152	123	171	170	187	207	188	123	172	171	186	207	187	186	208	207	222	135	223	222	136	135	150	118	151	123	173	172	185	208	186	123	174	173	184	208	185	184	209	208	221	136	222	221	137	136	149	118	150	123	175	174	183	209	184	123	176	175	182	209	183	123	177	176	181	209	182	181	210	209	220	137	221	220	138	137	148	118	149	123	178	177	180	210	181	123	179	178	179	210	180	123	210	179	123	211	210	219	138	220	219	139	138	147	118	148	123	212	211	218	139	219	218	140	139	146	118	147	123	213	212	217	140	218	217	141	140	145	118	146	123	214	213	216	141	217	216	142	141	144	118	145	123	215	214	215	142	216	215	143	142	143	118	144	123	143	215	123	118	143	1	123	122	1	118	123
0	5	3	119	5	0	123	9	122	8	9	123
2	118	1	4	118	2	121	7	120	6	7	121
125	11	124	10	11	125
124	12	159	11	12	124	196	84	231	83	84	196
159	13	158	12	13	159	231	85	230	84	85	231
158	14	157	13	14	158	230	86	229	85	86	230
157	15	156	14	15	157	229	87	228	86	87	229
156	16	155	15	16	156
155	17	154	16	17	155	227	89	226	88	89	227
154	18	153	17	18	154
153	19	152	18	19	153
152	20	151	19	20	152
151	21	150	20	21	151
150	22	149	21	22	150	222	94	221	93	94	222
149	23	148	22	23	149
148	24	147	23	24	148	220	96	219	95	96	220
147	25	146	24	25	147	219	97	218	96	97	219
146	26	145	25	26	146	218	98	217	97	98	218
145	27	144	26	27	145	217	99	216	98	99	217
144	28	143	27	28	144
143	29	142	28	29	143
142	30	141	29	30	142	214	102	213	101	102	214
141	31	140	30	31	141	213	103	212	102	103	213
140	32	139	31	32	140	212	104	211	103	104	212
139	33	138	32	33	139	211	105	210	104	105	211
138	34	137	33	34	138
137	35	136	34	35	137	209	107	208	106	107	209
136	36	135	35	36	136
135	37	134	36	37	135
134	38	133	37	38	134
133	39	132	38	39	133
132	40	131	39	40	132	204	112	203	111	112	204
131	41	130	40	41	131
130	42	129	41	42	130	202	114	201	113	114	202
129	43	128	42	43	129	201	115	200	114	115	201
128	44	127	43	44	128	200	116	199	115	116	200
127	45	126	44	45	127	199	117	198	116	117	199
126	10	125	45	10	126
161	47	160	46	47	161
160	48	195	47	48	160
195	49	194	48	49	195
194	50	193	49	50	194
193	51	192	50	51	193
192	52	191	51	52	192
191	53	190	52	53	191
190	54	189	53	54	190
189	55	188	54	55	189
188	56	187	55	56	188
187	57	186	56	57	187
186	58	185	57	58	186
185	59	184	58	59	185
184	60	183	59	60	184
183	61	182	60	61	183
182	62	181	61	62	182
181	63	180	62	63	181
180	64	179	63	64	180
179	65	178	64	65	179
178	66	177	65	66	178
177	67	176	66	67	177
176	68	175	67	68	176
175	69	174	68	69	175
174	70	173	69	70	174
173	71	172	70	71	173
172	72	171	71	72	172
171	73	170	72	73	171
170	74	169	73	74	170
169	75	168	74	75	169
168	76	167	75	76	168
167	77	166	76	77	167
166	78	165	77	78	166
165	79	164	78	79	165
164	80	163	79	80	164
163	81	162	80	81	163
162	46	161	81	46	162
197	83	196	82	83	197
228	88	227	87	88	228
226	90	225	89	90	226
225	91	224	90	91	225
224	92	223	91	92	224
223	93	222	92	93	223
221	95	220	94	95	221
216	100	215	99	100	216
215	101	214	100	101	215
210	106	209	105	106	210
208	108	207	107	108	208
207	109	206	108	109	207
206	110	205	109	110	206
205	111	204	110	111	205
203	113	202	112	113	203
198	82	197	117	82	198

#	Normal	94
-0	1	0
-1	0	0
-0	-1	-0
1	0	0
0	-0	1
0	0	-1
0	0.0871114	-0.996199
0	0.258848	-0.965918
0	0.42262	-0.906307
0	0.573532	-0.819183
0	0.707147	-0.707067
0	0.819113	-0.573632
0	0.906322	-0.422588
0	0.965921	-0.258838
0	0.996202	-0.0870751
-0	0.996201	0.0870786
-0	0.965923	0.258828
-0	0.906322	0.422588
-0	0.8191	0.57365
-0	0.707147	0.707067
-0	0.573532	0.819183
-0	0.42262	0.906307
-0	0.258848	0.965918
-0	0.0871511	0.996195
0	-0.087165	0.996194
0	-0.258808	0.965929
0	-0.42262	0.906307
0	-0.573607	0.81913
0	-0.707067	0.707147
0	-0.819176	0.573543
0	-0.906322	0.422588
0	-0.965923	0.258828
0	-0.996188	0.0872374
0	-0.996188	-0.087234
0	-0.965921	-0.258838
0	-0.906322	-0.422588
0	-0.819189	-0.573524
0	-0.707067	-0.707147
0	-0.573607	-0.81913
0	-0.42262	-0.906307
0	-0.258808	-0.965929
0	-0.0871252	-0.996197
0	0.0871744	-0.996193
0	0.258811	-0.965928
0	0.422603	-0.906315
0	0.573673	-0.819084
0	0.707032	-0.707181
0	0.819099	-0.573653
0	0.906357	-0.422513
0	0.965942	-0.25876
0	0.996187	-0.0872485
-0	0.996187	0.0872485
-0	0.965942	0.25876
-0	0.906357	0.422513
-0	0.819099	0.573653
-0	0.707032	0.707181
-0	0.573673	0.819084
-0	0.422603	0.906315
-0	0.258811	0.965928
-0	0.0871744	0.996193
0	-0.0871744	0.996193
0	-0.258811	0.965928
0	-0.422603	0.906315
0	-0.573533	0.819183
0	-0.707181	0.707032
0	-0.819099	0.573653
0	-0.906357	0.422513
0	-0.965942	0.25876
0	-0.996187	0.0872485
0	-0.996187	-0.0872485
0	-0.965942	-0.25876
0	-0.906357	-0.422513
0	-0.819099	-0.573653
0	-0.707181	-0.707032
0	-0.573533	-0.819183
0	-0.422603	-0.906315
0	-0.258811	-0.965928
0	-0.0871744	-0.996193
0	0.0871511	-0.996195
0	0.8191	-0.57365
0	0.965923	-0.258828
0	0.996201	-0.0870786
-0	0.996202	0.0870751
-0	0.965921	0.258838
-0	0.819113	0.573632
-0	0.0871114	0.996199
0	-0.0871252	0.996197
0	-0.819189	0.573524
0	-0.965921	0.258838
0	-0.996188	0.087234
0	-0.996188	-0.0872374
0	-0.965923	-0.258828
0	-0.819176	-0.573543
0	-0.087165	-0.996194

#	Mesh	0	End

