#	Mesh	0	Begin

#	Vertex	40
-38931.7	9164.53	-50
-38931.7	9164.53	5230
-39131.7	9164.53	5230
-39131.7	9164.53	-50
-39131.7	1464.53	5230
-39131.7	1464.53	-50
-39131.7	6264.53	2100
-39131.7	8064.53	2100
-39131.7	8064.53	0
-39131.7	6264.53	0
-39131.7	2564.53	2100
-39131.7	4364.53	2100
-39131.7	4364.53	0
-39131.7	2564.53	0
-39131.7	6879.53	4023.28
-39131.7	7479.53	4023.28
-39131.7	7479.53	2888
-39131.7	6879.53	2888
-39131.7	3169.53	4023.28
-39131.7	3769.53	4023.28
-39131.7	3769.53	2888
-39131.7	3169.53	2888
-38931.7	1464.53	5230
-38931.7	1464.53	-50
-38931.7	8064.53	2100
-38931.7	6264.53	2100
-38931.7	6264.53	0
-38931.7	8064.53	0
-38931.7	4364.53	2100
-38931.7	2564.53	2100
-38931.7	2564.53	0
-38931.7	4364.53	0
-38931.7	7479.53	4023.28
-38931.7	6879.53	4023.28
-38931.7	6879.53	2888
-38931.7	7479.53	2888
-38931.7	3769.53	4023.28
-38931.7	3169.53	4023.28
-38931.7	3169.53	2888
-38931.7	3769.53	2888

#	Triangle	6
0	2	1	3	2	0	34	14	33	17	14	34	38	18	37	21	18	38	25	9	6	26	9	25	29	13	10	30	13	29
4	13	5	13	3	5	13	12	3	12	9	3	9	8	3	8	2	3	4	10	13	11	9	12	11	6	9	7	2	8	4	21	10	21	11	10	21	6	11	21	7	6	21	20	7	20	17	7	17	16	7	16	2	7	4	18	21	19	17	20	19	14	17	15	2	16	4	19	18	4	14	19	4	15	14	4	2	15
5	22	4	23	22	5	32	16	35	15	16	32	36	20	39	19	20	36	27	7	8	24	7	27	31	11	12	28	11	31
1	27	0	27	23	0	27	26	23	26	31	23	31	30	23	30	22	23	1	24	27	25	31	26	25	28	31	29	22	30	1	35	24	35	25	24	35	28	25	35	29	28	35	34	29	34	39	29	39	38	29	38	22	29	1	32	35	33	39	34	33	36	39	37	22	38	1	33	32	1	36	33	1	37	36	1	22	37
0	5	3	23	5	0	33	15	32	14	15	33	37	19	36	18	19	37	24	6	7	25	6	24	28	10	11	29	10	28
2	22	1	4	22	2	35	17	34	16	17	35	39	21	38	20	21	39	26	8	9	27	8	26	30	12	13	31	12	30

#	Normal	6
-0	-1	-0
1	0	0
-0	1	0
-1	0	0
-0	0	1
-0	-0	-1

#	Mesh	0	End

