#	Mesh	0	Begin

#	Vertex	240
-22081.7	51864.5	-50
-22081.7	51864.5	4650
-21881.7	51864.5	4650
-21881.7	51864.5	-50
-21881.7	59564.5	4650
-21881.7	59564.5	-50
-21881.7	56907.5	3950
-21881.7	58257.5	3950
-21881.7	58257.5	4550
-21881.7	56907.5	4550
-21881.7	52165.8	4150
-21881.7	52865.8	4150
-21881.7	52865.8	4350
-21881.7	52165.8	4350
-21881.7	59094.1	4080.17
-21881.7	59101.9	4080.86
-21881.7	59109.5	4082.89
-21881.7	59116.6	4086.2
-21881.7	59123	4090.7
-21881.7	59128.6	4096.25
-21881.7	59133.1	4102.67
-21881.7	59136.4	4109.78
-21881.7	59138.4	4117.36
-21881.7	59139.1	4125.17
-21881.7	59138.4	4132.99
-21881.7	59136.4	4140.56
-21881.7	59133.1	4147.67
-21881.7	59128.6	4154.1
-21881.7	59123	4159.64
-21881.7	59116.6	4164.14
-21881.7	59109.5	4167.46
-21881.7	59101.9	4169.49
-21881.7	59094.1	4170.17
-21881.7	59086.3	4169.49
-21881.7	59078.7	4167.46
-21881.7	59071.6	4164.14
-21881.7	59065.2	4159.64
-21881.7	59059.6	4154.1
-21881.7	59055.1	4147.67
-21881.7	59051.8	4140.56
-21881.7	59049.8	4132.99
-21881.7	59049.1	4125.17
-21881.7	59049.8	4117.36
-21881.7	59051.8	4109.78
-21881.7	59055.1	4102.67
-21881.7	59059.6	4096.25
-21881.7	59065.2	4090.7
-21881.7	59071.6	4086.2
-21881.7	59078.7	4082.89
-21881.7	59086.3	4080.86
-21881.7	58833.5	4079.66
-21881.7	58841.3	4080.34
-21881.7	58848.9	4082.37
-21881.7	58856	4085.69
-21881.7	58862.5	4090.19
-21881.7	58868	4095.73
-21881.7	58872.5	4102.16
-21881.7	58875.8	4109.27
-21881.7	58877.8	4116.84
-21881.7	58878.5	4124.66
-21881.7	58877.8	4132.47
-21881.7	58875.8	4140.05
-21881.7	58872.5	4147.16
-21881.7	58868	4153.58
-21881.7	58862.5	4159.13
-21881.7	58856	4163.63
-21881.7	58848.9	4166.94
-21881.7	58841.3	4168.97
-21881.7	58833.5	4169.66
-21881.7	58825.7	4168.97
-21881.7	58818.1	4166.94
-21881.7	58811	4163.63
-21881.7	58804.6	4159.13
-21881.7	58799.1	4153.58
-21881.7	58794.6	4147.16
-21881.7	58791.2	4140.05
-21881.7	58789.2	4132.47
-21881.7	58788.5	4124.66
-21881.7	58789.2	4116.84
-21881.7	58791.2	4109.27
-21881.7	58794.6	4102.16
-21881.7	58799.1	4095.73
-21881.7	58804.6	4090.19
-21881.7	58811	4085.69
-21881.7	58818.1	4082.37
-21881.7	58825.7	4080.34
-21881.7	59374.5	4094.07
-21881.7	59380	4094.55
-21881.7	59385.3	4095.97
-21881.7	59390.3	4098.29
-21881.7	59394.8	4101.44
-21881.7	59398.7	4105.32
-21881.7	59401.8	4109.82
-21881.7	59404.1	4114.8
-21881.7	59405.5	4120.1
-21881.7	59406	4125.57
-21881.7	59405.5	4131.04
-21881.7	59404.1	4136.34
-21881.7	59401.8	4141.32
-21881.7	59398.7	4145.82
-21881.7	59394.8	4149.7
-21881.7	59390.3	4152.85
-21881.7	59385.3	4155.17
-21881.7	59380	4156.59
-21881.7	59374.5	4157.07
-21881.7	59369.1	4156.59
-21881.7	59363.8	4155.17
-21881.7	59358.8	4152.85
-21881.7	59354.3	4149.7
-21881.7	59350.4	4145.82
-21881.7	59347.2	4141.32
-21881.7	59344.9	4136.34
-21881.7	59343.5	4131.04
-21881.7	59343	4125.57
-21881.7	59343.5	4120.1
-21881.7	59344.9	4114.8
-21881.7	59347.2	4109.82
-21881.7	59350.4	4105.32
-21881.7	59354.3	4101.44
-21881.7	59358.8	4098.29
-21881.7	59363.8	4095.97
-21881.7	59369.1	4094.55
-22081.7	59564.5	4650
-22081.7	59564.5	-50
-22081.7	58257.5	3950
-22081.7	56907.5	3950
-22081.7	56907.5	4550
-22081.7	58257.5	4550
-22081.7	52865.8	4150
-22081.7	52165.8	4150
-22081.7	52165.8	4350
-22081.7	52865.8	4350
-22081.7	59101.9	4080.86
-22081.7	59094.1	4080.17
-22081.7	59086.3	4080.86
-22081.7	59078.7	4082.89
-22081.7	59071.6	4086.2
-22081.7	59065.2	4090.7
-22081.7	59059.6	4096.25
-22081.7	59055.1	4102.67
-22081.7	59051.8	4109.78
-22081.7	59049.8	4117.36
-22081.7	59049.1	4125.17
-22081.7	59049.8	4132.99
-22081.7	59051.8	4140.56
-22081.7	59055.1	4147.67
-22081.7	59059.6	4154.1
-22081.7	59065.2	4159.64
-22081.7	59071.6	4164.14
-22081.7	59078.7	4167.46
-22081.7	59086.3	4169.49
-22081.7	59094.1	4170.17
-22081.7	59101.9	4169.49
-22081.7	59109.5	4167.46
-22081.7	59116.6	4164.14
-22081.7	59123	4159.64
-22081.7	59128.6	4154.1
-22081.7	59133.1	4147.67
-22081.7	59136.4	4140.56
-22081.7	59138.4	4132.99
-22081.7	59139.1	4125.17
-22081.7	59138.4	4117.36
-22081.7	59136.4	4109.78
-22081.7	59133.1	4102.67
-22081.7	59128.6	4096.25
-22081.7	59123	4090.7
-22081.7	59116.6	4086.2
-22081.7	59109.5	4082.89
-22081.7	58841.3	4080.34
-22081.7	58833.5	4079.66
-22081.7	58825.7	4080.34
-22081.7	58818.1	4082.37
-22081.7	58811	4085.69
-22081.7	58804.6	4090.19
-22081.7	58799.1	4095.73
-22081.7	58794.6	4102.16
-22081.7	58791.2	4109.27
-22081.7	58789.2	4116.84
-22081.7	58788.5	4124.66
-22081.7	58789.2	4132.47
-22081.7	58791.2	4140.05
-22081.7	58794.6	4147.16
-22081.7	58799.1	4153.58
-22081.7	58804.6	4159.13
-22081.7	58811	4163.63
-22081.7	58818.1	4166.94
-22081.7	58825.7	4168.97
-22081.7	58833.5	4169.66
-22081.7	58841.3	4168.97
-22081.7	58848.9	4166.94
-22081.7	58856	4163.63
-22081.7	58862.5	4159.13
-22081.7	58868	4153.58
-22081.7	58872.5	4147.16
-22081.7	58875.8	4140.05
-22081.7	58877.8	4132.47
-22081.7	58878.5	4124.66
-22081.7	58877.8	4116.84
-22081.7	58875.8	4109.27
-22081.7	58872.5	4102.16
-22081.7	58868	4095.73
-22081.7	58862.5	4090.19
-22081.7	58856	4085.69
-22081.7	58848.9	4082.37
-22081.7	59380	4094.55
-22081.7	59374.5	4094.07
-22081.7	59369.1	4094.55
-22081.7	59363.8	4095.97
-22081.7	59358.8	4098.29
-22081.7	59354.3	4101.44
-22081.7	59350.4	4105.32
-22081.7	59347.2	4109.82
-22081.7	59344.9	4114.8
-22081.7	59343.5	4120.1
-22081.7	59343	4125.57
-22081.7	59343.5	4131.04
-22081.7	59344.9	4136.34
-22081.7	59347.2	4141.32
-22081.7	59350.4	4145.82
-22081.7	59354.3	4149.7
-22081.7	59358.8	4152.85
-22081.7	59363.8	4155.17
-22081.7	59369.1	4156.59
-22081.7	59374.5	4157.07
-22081.7	59380	4156.59
-22081.7	59385.3	4155.17
-22081.7	59390.3	4152.85
-22081.7	59394.8	4149.7
-22081.7	59398.7	4145.82
-22081.7	59401.8	4141.32
-22081.7	59404.1	4136.34
-22081.7	59405.5	4131.04
-22081.7	59406	4125.57
-22081.7	59405.5	4120.1
-22081.7	59404.1	4114.8
-22081.7	59401.8	4109.82
-22081.7	59398.7	4105.32
-22081.7	59394.8	4101.44
-22081.7	59390.3	4098.29
-22081.7	59385.3	4095.97

#	Triangle	101
0	2	1	3	2	0	124	8	127	7	8	124	128	12	131	11	12	128
4	93	5	93	92	5	92	91	5	91	90	5	90	89	5	89	88	5	88	87	5	87	86	5	86	18	5	18	17	5	17	16	5	16	15	5	15	14	5	14	50	5	50	3	5	50	7	3	7	6	3	6	11	3	11	10	3	10	2	3	50	85	7	85	84	7	84	83	7	83	82	7	82	8	7	9	11	6	14	51	50	49	51	14	49	52	51	48	52	49	48	53	52	47	53	48	47	54	53	46	54	47	46	55	54	81	8	82	86	19	18	45	55	46	121	19	86	120	19	121	45	56	55	80	8	81	119	19	120	119	20	19	44	56	45	118	20	119	117	20	118	44	57	56	79	8	80	117	21	20	43	57	44	116	21	117	43	58	57	78	8	79	116	22	21	42	58	43	115	22	116	4	94	93	114	22	115	42	59	58	77	8	78	114	23	22	41	59	42	4	95	94	113	23	114	41	60	59	76	8	77	113	24	23	40	60	41	4	96	95	112	24	113	4	97	96	111	24	112	40	61	60	75	8	76	111	25	24	39	61	40	4	98	97	110	25	111	39	62	61	74	8	75	110	26	25	38	62	39	4	99	98	109	26	110	4	100	99	108	26	109	38	63	62	73	8	74	108	27	26	37	63	38	4	101	100	107	27	108	9	12	11	13	2	10	4	102	101	106	27	107	37	64	63	72	8	73	106	28	27	36	64	37	4	103	102	105	28	106	4	104	103	104	28	105	4	28	104	36	65	64	71	8	72	4	29	28	35	65	36	35	66	65	70	8	71	4	30	29	34	66	35	34	67	66	69	8	70	4	31	30	33	67	34	33	68	67	68	8	69	4	32	31	32	68	33	32	8	68	4	8	32	9	13	12	9	2	13	4	9	8	4	2	9
5	122	4	123	122	5	126	6	125	9	6	126	130	10	129	13	10	130
1	129	0	129	123	0	129	125	123	125	124	123	124	169	123	169	133	123	133	132	123	132	167	123	167	166	123	166	165	123	165	205	123	205	204	123	204	239	123	239	238	123	238	237	123	237	236	123	236	235	123	235	234	123	234	122	123	129	128	125	128	126	125	127	173	124	173	172	124	172	171	124	171	170	124	170	169	124	168	133	169	168	134	133	203	134	168	203	135	134	202	135	203	202	136	135	201	136	202	201	137	136	127	174	173	200	137	201	200	138	137	164	205	165	164	206	205	164	207	206	127	175	174	199	138	200	164	208	207	199	139	138	163	208	164	163	209	208	163	210	209	127	176	175	198	139	199	198	140	139	162	210	163	162	211	210	127	177	176	197	140	198	197	141	140	161	211	162	161	212	211	161	213	212	233	122	234	127	178	177	196	141	197	196	142	141	160	213	161	160	214	213	232	122	233	127	179	178	195	142	196	195	143	142	159	214	160	159	215	214	231	122	232	159	216	215	230	122	231	127	180	179	194	143	195	194	144	143	158	216	159	158	217	216	229	122	230	127	181	180	193	144	194	193	145	144	157	217	158	157	218	217	228	122	229	157	219	218	227	122	228	127	182	181	192	145	193	192	146	145	156	219	157	156	220	219	226	122	227	1	130	129	131	126	128	156	221	220	225	122	226	127	183	182	191	146	192	191	147	146	155	221	156	155	222	221	224	122	225	155	223	222	223	122	224	155	122	223	127	184	183	190	147	191	190	148	147	154	122	155	127	185	184	189	148	190	189	149	148	153	122	154	127	186	185	188	149	189	188	150	149	152	122	153	127	187	186	187	150	188	187	151	150	151	122	152	127	151	187	127	122	151	1	131	130	1	126	131	1	127	126	1	122	127
0	5	3	123	5	0	127	9	126	8	9	127	131	13	130	12	13	131
2	122	1	4	122	2	125	7	124	6	7	125	129	11	128	10	11	129
133	15	132	14	15	133
132	16	167	15	16	132
167	17	166	16	17	167
166	18	165	17	18	166
165	19	164	18	19	165
164	20	163	19	20	164
163	21	162	20	21	163	199	57	198	56	57	199
162	22	161	21	22	162	198	58	197	57	58	198
161	23	160	22	23	161	197	59	196	58	59	197
160	24	159	23	24	160	196	60	195	59	60	196
159	25	158	24	25	159	195	61	194	60	61	195
158	26	157	25	26	158	194	62	193	61	62	194
157	27	156	26	27	157	193	63	192	62	63	193
156	28	155	27	28	156	192	64	191	63	64	192
155	29	154	28	29	155
154	30	153	29	30	154
153	31	152	30	31	153
152	32	151	31	32	152
151	33	150	32	33	151
150	34	149	33	34	150
149	35	148	34	35	149
148	36	147	35	36	148
147	37	146	36	37	147	183	73	182	72	73	183
146	38	145	37	38	146
145	39	144	38	39	145
144	40	143	39	40	144	180	76	179	75	76	180
143	41	142	40	41	143	179	77	178	76	77	179
142	42	141	41	42	142	178	78	177	77	78	178
141	43	140	42	43	141	177	79	176	78	79	177
140	44	139	43	44	140
139	45	138	44	45	139
138	46	137	45	46	138
137	47	136	46	47	137
136	48	135	47	48	136
135	49	134	48	49	135
134	14	133	49	14	134
169	51	168	50	51	169
168	52	203	51	52	168
203	53	202	52	53	203
202	54	201	53	54	202
201	55	200	54	55	201
200	56	199	55	56	200
191	65	190	64	65	191
190	66	189	65	66	190
189	67	188	66	67	189
188	68	187	67	68	188
187	69	186	68	69	187
186	70	185	69	70	186
185	71	184	70	71	185
184	72	183	71	72	184
182	74	181	73	74	182
181	75	180	74	75	181
176	80	175	79	80	176
175	81	174	80	81	175
174	82	173	81	82	174
173	83	172	82	83	173
172	84	171	83	84	172
171	85	170	84	85	171
170	50	169	85	50	170
205	87	204	86	87	205
204	88	239	87	88	204
239	89	238	88	89	239
238	90	237	89	90	238
237	91	236	90	91	237
236	92	235	91	92	236
235	93	234	92	93	235
234	94	233	93	94	234
233	95	232	94	95	233
232	96	231	95	96	232
231	97	230	96	97	231
230	98	229	97	98	230
229	99	228	98	99	229
228	100	227	99	100	228
227	101	226	100	101	227
226	102	225	101	102	226
225	103	224	102	103	225
224	104	223	103	104	224
223	105	222	104	105	223
222	106	221	105	106	222
221	107	220	106	107	221
220	108	219	107	108	220
219	109	218	108	109	219
218	110	217	109	110	218
217	111	216	110	111	217
216	112	215	111	112	216
215	113	214	112	113	215
214	114	213	113	114	214
213	115	212	114	115	213
212	116	211	115	116	212
211	117	210	116	117	211
210	118	209	117	118	210
209	119	208	118	119	209
208	120	207	119	120	208
207	121	206	120	121	207
206	86	205	121	86	206

#	Normal	101
-0	1	0
-1	0	0
-0	-1	-0
1	0	0
0	-0	1
0	0	-1
0	0.0871237	-0.996197
0	0.25891	-0.965901
0	0.422596	-0.906318
0	0.573567	-0.819159
0	0.707076	-0.707138
0	0.819115	-0.573629
0	0.906426	-0.422364
0	0.965891	-0.258949
0	0.996196	-0.0871453
-0	0.996195	0.0871507
-0	0.965891	0.258949
-0	0.906437	0.42234
-0	0.819094	0.573659
-0	0.707076	0.707138
-0	0.573546	0.819173
-0	0.422647	0.906294
-0	0.258852	0.965917
-0	0.0871855	0.996192
0	-0.0872287	0.996188
0	-0.258728	0.96595
0	-0.422647	0.906294
0	-0.573546	0.819173
0	-0.707076	0.707138
0	-0.819328	0.573324
0	-0.906247	0.422749
0	-0.965891	0.258949
0	-0.996195	0.0871507
0	-0.996196	-0.0871453
0	-0.965891	-0.258949
0	-0.906236	-0.422773
0	-0.819349	-0.573295
0	-0.707076	-0.707138
0	-0.573567	-0.819159
0	-0.422596	-0.906318
0	-0.258786	-0.965935
0	-0.087167	-0.996194
0	0.0871546	-0.996195
0	0.258881	-0.965909
0	0.422621	-0.906306
0	0.573546	-0.819173
0	0.707091	-0.707122
0	0.819105	-0.573644
-0	0.573588	0.819144
-0	0.422596	0.906318
-0	0.25891	0.965901
-0	0.0871237	0.996197
0	-0.087167	0.996194
0	-0.258786	0.965935
0	-0.422596	0.906318
0	-0.573588	0.819144
0	-0.819094	0.573659
0	-0.906437	0.42234
0	-0.906426	-0.422364
0	-0.819105	-0.573644
0	-0.707091	-0.707122
0	-0.573546	-0.819173
0	-0.422621	-0.906306
0	-0.258757	-0.965942
0	-0.0871978	-0.996191
0	0.087167	-0.996194
0	0.258778	-0.965937
0	0.42261	-0.906311
0	0.573725	-0.819048
0	0.707062	-0.707151
0	0.819249	-0.573438
0	0.906328	-0.422574
0	0.965892	-0.258946
0	0.996164	-0.0875045
-0	0.996164	0.0875045
-0	0.965892	0.258946
-0	0.906328	0.422574
-0	0.819219	0.57348
-0	0.707107	0.707107
-0	0.573725	0.819048
-0	0.422574	0.906328
-0	0.258819	0.965926
-0	0.087167	0.996194
0	-0.0871052	0.996199
0	-0.258819	0.965926
0	-0.422846	0.906201
0	-0.573391	0.819282
0	-0.707107	0.707107
0	-0.819219	0.57348
0	-0.906328	0.422574
0	-0.965892	0.258946
0	-0.996226	0.0867985
0	-0.996226	-0.0867985
0	-0.965892	-0.258946
0	-0.906328	-0.422574
0	-0.819249	-0.573438
0	-0.707062	-0.707151
0	-0.573391	-0.819282
0	-0.422883	-0.906184
0	-0.258778	-0.965937
0	-0.0871052	-0.996199

#	Mesh	0	End

