#	Mesh	0	Begin

#	Vertex	232
-13931.7	60264.5	-50
-13931.7	60264.5	5230
-13731.7	60264.5	5230
-13731.7	60264.5	-50
-13731.7	67964.5	5230
-13731.7	67964.5	-50
-13731.7	61074.5	4130
-13731.7	61674.5	4130
-13731.7	61674.5	4550
-13731.7	61074.5	4550
-13731.7	60822.9	4213.89
-13731.7	60829.4	4214.46
-13731.7	60835.7	4216.15
-13731.7	60841.7	4218.91
-13731.7	60847	4222.66
-13731.7	60851.6	4227.28
-13731.7	60855.4	4232.64
-13731.7	60858.1	4238.56
-13731.7	60859.8	4244.87
-13731.7	60860.4	4251.39
-13731.7	60859.8	4257.9
-13731.7	60858.1	4264.21
-13731.7	60855.4	4270.14
-13731.7	60851.6	4275.49
-13731.7	60847	4280.11
-13731.7	60841.7	4283.86
-13731.7	60835.7	4286.62
-13731.7	60829.4	4288.32
-13731.7	60822.9	4288.89
-13731.7	60816.4	4288.32
-13731.7	60810.1	4286.62
-13731.7	60804.2	4283.86
-13731.7	60798.8	4280.11
-13731.7	60794.2	4275.49
-13731.7	60790.4	4270.14
-13731.7	60787.7	4264.21
-13731.7	60786	4257.9
-13731.7	60785.4	4251.39
-13731.7	60786	4244.87
-13731.7	60787.7	4238.56
-13731.7	60790.4	4232.64
-13731.7	60794.2	4227.28
-13731.7	60798.8	4222.66
-13731.7	60804.2	4218.91
-13731.7	60810.1	4216.15
-13731.7	60816.4	4214.46
-13731.7	60638.1	4213.27
-13731.7	60644.6	4213.84
-13731.7	60650.9	4215.53
-13731.7	60656.8	4218.29
-13731.7	60662.2	4222.04
-13731.7	60666.8	4226.66
-13731.7	60670.5	4232.02
-13731.7	60673.3	4237.94
-13731.7	60675	4244.25
-13731.7	60675.6	4250.77
-13731.7	60675	4257.28
-13731.7	60673.3	4263.59
-13731.7	60670.5	4269.52
-13731.7	60666.8	4274.87
-13731.7	60662.2	4279.49
-13731.7	60656.8	4283.24
-13731.7	60650.9	4286
-13731.7	60644.6	4287.7
-13731.7	60638.1	4288.27
-13731.7	60631.6	4287.7
-13731.7	60625.2	4286
-13731.7	60619.3	4283.24
-13731.7	60614	4279.49
-13731.7	60609.3	4274.87
-13731.7	60605.6	4269.52
-13731.7	60602.8	4263.59
-13731.7	60601.1	4257.28
-13731.7	60600.6	4250.77
-13731.7	60601.1	4244.25
-13731.7	60602.8	4237.94
-13731.7	60605.6	4232.02
-13731.7	60609.3	4226.66
-13731.7	60614	4222.04
-13731.7	60619.3	4218.29
-13731.7	60625.2	4215.53
-13731.7	60631.6	4213.84
-13731.7	60951.4	4227.25
-13731.7	60955.7	4227.63
-13731.7	60959.9	4228.75
-13731.7	60963.9	4230.6
-13731.7	60967.4	4233.1
-13731.7	60970.5	4236.18
-13731.7	60973	4239.75
-13731.7	60974.9	4243.7
-13731.7	60976	4247.91
-13731.7	60976.4	4252.25
-13731.7	60976	4256.59
-13731.7	60974.9	4260.8
-13731.7	60973	4264.75
-13731.7	60970.5	4268.32
-13731.7	60967.4	4271.4
-13731.7	60963.9	4273.9
-13731.7	60959.9	4275.74
-13731.7	60955.7	4276.87
-13731.7	60951.4	4277.25
-13731.7	60947	4276.87
-13731.7	60942.8	4275.74
-13731.7	60938.9	4273.9
-13731.7	60935.3	4271.4
-13731.7	60932.2	4268.32
-13731.7	60929.7	4264.75
-13731.7	60927.9	4260.8
-13731.7	60926.8	4256.59
-13731.7	60926.4	4252.25
-13731.7	60926.8	4247.91
-13731.7	60927.9	4243.7
-13731.7	60929.7	4239.75
-13731.7	60932.2	4236.18
-13731.7	60935.3	4233.1
-13731.7	60938.9	4230.6
-13731.7	60942.8	4228.75
-13731.7	60947	4227.63
-13931.7	67964.5	5230
-13931.7	67964.5	-50
-13931.7	61674.5	4130
-13931.7	61074.5	4130
-13931.7	61074.5	4550
-13931.7	61674.5	4550
-13931.7	60829.4	4214.46
-13931.7	60822.9	4213.89
-13931.7	60816.4	4214.46
-13931.7	60810.1	4216.15
-13931.7	60804.2	4218.91
-13931.7	60798.8	4222.66
-13931.7	60794.2	4227.28
-13931.7	60790.4	4232.64
-13931.7	60787.7	4238.56
-13931.7	60786	4244.87
-13931.7	60785.4	4251.39
-13931.7	60786	4257.9
-13931.7	60787.7	4264.21
-13931.7	60790.4	4270.14
-13931.7	60794.2	4275.49
-13931.7	60798.8	4280.11
-13931.7	60804.2	4283.86
-13931.7	60810.1	4286.62
-13931.7	60816.4	4288.32
-13931.7	60822.9	4288.89
-13931.7	60829.4	4288.32
-13931.7	60835.7	4286.62
-13931.7	60841.7	4283.86
-13931.7	60847	4280.11
-13931.7	60851.6	4275.49
-13931.7	60855.4	4270.14
-13931.7	60858.1	4264.21
-13931.7	60859.8	4257.9
-13931.7	60860.4	4251.39
-13931.7	60859.8	4244.87
-13931.7	60858.1	4238.56
-13931.7	60855.4	4232.64
-13931.7	60851.6	4227.28
-13931.7	60847	4222.66
-13931.7	60841.7	4218.91
-13931.7	60835.7	4216.15
-13931.7	60644.6	4213.84
-13931.7	60638.1	4213.27
-13931.7	60631.6	4213.84
-13931.7	60625.2	4215.53
-13931.7	60619.3	4218.29
-13931.7	60614	4222.04
-13931.7	60609.3	4226.66
-13931.7	60605.6	4232.02
-13931.7	60602.8	4237.94
-13931.7	60601.1	4244.25
-13931.7	60600.6	4250.77
-13931.7	60601.1	4257.28
-13931.7	60602.8	4263.59
-13931.7	60605.6	4269.52
-13931.7	60609.3	4274.87
-13931.7	60614	4279.49
-13931.7	60619.3	4283.24
-13931.7	60625.2	4286
-13931.7	60631.6	4287.7
-13931.7	60638.1	4288.27
-13931.7	60644.6	4287.7
-13931.7	60650.9	4286
-13931.7	60656.8	4283.24
-13931.7	60662.2	4279.49
-13931.7	60666.8	4274.87
-13931.7	60670.5	4269.52
-13931.7	60673.3	4263.59
-13931.7	60675	4257.28
-13931.7	60675.6	4250.77
-13931.7	60675	4244.25
-13931.7	60673.3	4237.94
-13931.7	60670.5	4232.02
-13931.7	60666.8	4226.66
-13931.7	60662.2	4222.04
-13931.7	60656.8	4218.29
-13931.7	60650.9	4215.53
-13931.7	60955.7	4227.63
-13931.7	60951.4	4227.25
-13931.7	60947	4227.63
-13931.7	60942.8	4228.75
-13931.7	60938.9	4230.6
-13931.7	60935.3	4233.1
-13931.7	60932.2	4236.18
-13931.7	60929.7	4239.75
-13931.7	60927.9	4243.7
-13931.7	60926.8	4247.91
-13931.7	60926.4	4252.25
-13931.7	60926.8	4256.59
-13931.7	60927.9	4260.8
-13931.7	60929.7	4264.75
-13931.7	60932.2	4268.32
-13931.7	60935.3	4271.4
-13931.7	60938.9	4273.9
-13931.7	60942.8	4275.74
-13931.7	60947	4276.87
-13931.7	60951.4	4277.25
-13931.7	60955.7	4276.87
-13931.7	60959.9	4275.74
-13931.7	60963.9	4273.9
-13931.7	60967.4	4271.4
-13931.7	60970.5	4268.32
-13931.7	60973	4264.75
-13931.7	60974.9	4260.8
-13931.7	60976	4256.59
-13931.7	60976.4	4252.25
-13931.7	60976	4247.91
-13931.7	60974.9	4243.7
-13931.7	60973	4239.75
-13931.7	60970.5	4236.18
-13931.7	60967.4	4233.1
-13931.7	60963.9	4230.6
-13931.7	60959.9	4228.75

#	Triangle	96
0	2	1	3	2	0	120	8	123	7	8	120
4	3	5	4	7	3	7	6	3	6	46	3	46	81	3	81	80	3	80	79	3	79	78	3	78	77	3	77	76	3	76	75	3	75	2	3	4	8	7	9	89	6	89	88	6	88	87	6	87	86	6	86	85	6	85	84	6	84	83	6	83	82	6	82	14	6	14	13	6	13	12	6	12	11	6	11	10	6	10	47	6	47	46	6	10	48	47	45	48	10	44	48	45	44	49	48	43	49	44	43	50	49	42	50	43	42	51	50	82	15	14	41	51	42	41	52	51	117	15	82	117	16	15	40	52	41	116	16	117	115	16	116	114	16	115	40	53	52	114	17	16	39	53	40	113	17	114	112	17	113	39	54	53	74	2	75	112	18	17	38	54	39	111	18	112	9	90	89	110	18	111	38	55	54	73	2	74	110	19	18	37	55	38	9	91	90	109	19	110	37	56	55	72	2	73	109	20	19	36	56	37	9	92	91	108	20	109	9	93	92	107	20	108	36	57	56	71	2	72	107	21	20	35	57	36	9	94	93	106	21	107	35	58	57	70	2	71	106	22	21	34	58	35	9	95	94	105	22	106	9	96	95	104	22	105	34	59	58	69	2	70	104	23	22	33	59	34	9	97	96	103	23	104	9	98	97	102	23	103	33	60	59	68	2	69	102	24	23	32	60	33	9	99	98	101	24	102	9	100	99	100	24	101	9	24	100	32	61	60	67	2	68	9	25	24	31	61	32	31	62	61	66	2	67	9	26	25	30	62	31	30	63	62	65	2	66	9	27	26	29	63	30	29	64	63	64	2	65	29	2	64	9	28	27	28	2	29	9	2	28	4	9	8	4	2	9
5	118	4	119	118	5	122	6	121	9	6	122
1	168	0	168	167	0	167	166	0	166	165	0	165	164	0	164	163	0	163	162	0	162	161	0	161	121	0	121	119	0	121	120	119	120	118	119	161	160	121	160	125	121	125	124	121	124	159	121	159	158	121	158	157	121	157	197	121	197	196	121	196	231	121	231	230	121	230	229	121	229	228	121	228	227	121	227	226	121	226	122	121	123	118	120	195	125	160	195	126	125	195	127	126	194	127	195	194	128	127	193	128	194	193	129	128	192	129	193	192	130	129	156	197	157	191	130	192	156	198	197	191	131	130	155	198	156	155	199	198	155	200	199	155	201	200	190	131	191	190	132	131	154	201	155	154	202	201	154	203	202	1	169	168	189	132	190	189	133	132	153	203	154	153	204	203	153	205	204	225	122	226	1	170	169	188	133	189	188	134	133	152	205	153	152	206	205	224	122	225	1	171	170	187	134	188	187	135	134	151	206	152	151	207	206	223	122	224	151	208	207	222	122	223	1	172	171	186	135	187	186	136	135	150	208	151	150	209	208	221	122	222	1	173	172	185	136	186	185	137	136	149	209	150	149	210	209	220	122	221	149	211	210	219	122	220	1	174	173	184	137	185	184	138	137	148	211	149	148	212	211	218	122	219	148	213	212	217	122	218	1	175	174	183	138	184	183	139	138	147	213	148	147	214	213	216	122	217	147	215	214	215	122	216	147	122	215	1	176	175	182	139	183	182	140	139	146	122	147	1	177	176	181	140	182	181	141	140	145	122	146	1	178	177	180	141	181	180	142	141	144	122	145	1	179	178	179	142	180	1	142	179	1	143	142	143	122	144	1	122	143	1	123	122	1	118	123
0	5	3	119	5	0	123	9	122	8	9	123
2	118	1	4	118	2	121	7	120	6	7	121
125	11	124	10	11	125	161	47	160	46	47	161
124	12	159	11	12	124	196	84	231	83	84	196
159	13	158	12	13	159
158	14	157	13	14	158
157	15	156	14	15	157
156	16	155	15	16	156
155	17	154	16	17	155
154	18	153	17	18	154	190	54	189	53	54	190
153	19	152	18	19	153	189	55	188	54	55	189
152	20	151	19	20	152	188	56	187	55	56	188
151	21	150	20	21	151	187	57	186	56	57	187
150	22	149	21	22	150
149	23	148	22	23	149
148	24	147	23	24	148
147	25	146	24	25	147
146	26	145	25	26	146
145	27	144	26	27	145
144	28	143	27	28	144	180	64	179	63	64	180
143	29	142	28	29	143	179	65	178	64	65	179
142	30	141	29	30	142
141	31	140	30	31	141
140	32	139	31	32	140	176	68	175	67	68	176
139	33	138	32	33	139	175	69	174	68	69	175
138	34	137	33	34	138	174	70	173	69	70	174
137	35	136	34	35	137	173	71	172	70	71	173
136	36	135	35	36	136
135	37	134	36	37	135
134	38	133	37	38	134
133	39	132	38	39	133
132	40	131	39	40	132	168	76	167	75	76	168
131	41	130	40	41	131	167	77	166	76	77	167
130	42	129	41	42	130	166	78	165	77	78	166
129	43	128	42	43	129	165	79	164	78	79	165
128	44	127	43	44	128
127	45	126	44	45	127
126	10	125	45	10	126	162	46	161	81	46	162
160	48	195	47	48	160
195	49	194	48	49	195
194	50	193	49	50	194
193	51	192	50	51	193
192	52	191	51	52	192
191	53	190	52	53	191
186	58	185	57	58	186
185	59	184	58	59	185
184	60	183	59	60	184
183	61	182	60	61	183
182	62	181	61	62	182
181	63	180	62	63	181
178	66	177	65	66	178
177	67	176	66	67	177
172	72	171	71	72	172
171	73	170	72	73	171
170	74	169	73	74	170
169	75	168	74	75	169
164	80	163	79	80	164
163	81	162	80	81	163	199	117	198	116	117	199
197	83	196	82	83	197
231	85	230	84	85	231
230	86	229	85	86	230
229	87	228	86	87	229
228	88	227	87	88	228
227	89	226	88	89	227
226	90	225	89	90	226
225	91	224	90	91	225
224	92	223	91	92	224
223	93	222	92	93	223
222	94	221	93	94	222
221	95	220	94	95	221
220	96	219	95	96	220
219	97	218	96	97	219
218	98	217	97	98	218
217	99	216	98	99	217
216	100	215	99	100	216
215	101	214	100	101	215
214	102	213	101	102	214
213	103	212	102	103	213
212	104	211	103	104	212
211	105	210	104	105	211
210	106	209	105	106	210
209	107	208	106	107	209
208	108	207	107	108	208
207	109	206	108	109	207
206	110	205	109	110	206
205	111	204	110	111	205
204	112	203	111	112	204
203	113	202	112	113	203
202	114	201	113	114	202
201	115	200	114	115	201
200	116	199	115	116	200
198	82	197	117	82	198

#	Normal	96
-0	1	0
-1	0	0
-0	-1	-0
1	0	0
0	-0	1
0	0	-1
0	0.0871744	-0.996193
0	0.258736	-0.965948
0	0.422718	-0.906261
0	0.573533	-0.819183
0	0.707181	-0.707032
0	0.819099	-0.573653
0	0.906357	-0.422513
0	0.965942	-0.25876
0	0.996187	-0.0872485
-0	0.996187	0.0872485
-0	0.965942	0.25876
-0	0.906357	0.422513
-0	0.819099	0.573653
-0	0.707181	0.707032
-0	0.573533	0.819183
-0	0.422779	0.906233
-0	0.258666	0.965967
-0	0.0871744	0.996193
0	-0.0871744	0.996193
0	-0.258816	0.965927
0	-0.42255	0.90634
0	-0.573533	0.819183
0	-0.707181	0.707032
0	-0.819099	0.573653
0	-0.906357	0.422513
0	-0.965942	0.25876
0	-0.996187	0.0872485
0	-0.996187	-0.0872485
0	-0.965942	-0.25876
0	-0.906357	-0.422513
0	-0.819099	-0.573653
0	-0.707181	-0.707032
0	-0.573533	-0.819183
0	-0.422489	-0.906368
0	-0.258885	-0.965908
0	-0.0871744	-0.996193
0	0.258885	-0.965908
0	0.422489	-0.906368
0	0.573813	-0.818986
0	0.706883	-0.707331
0	0.819379	-0.573252
0	0.906128	-0.423004
-0	0.906128	0.423004
-0	0.819379	0.573252
-0	0.706883	0.707331
-0	0.573813	0.818986
-0	0.422489	0.906368
-0	0.258885	0.965908
0	-0.258736	0.965948
0	-0.422718	0.906261
0	-0.965792	0.259317
0	-0.996238	0.0866554
0	-0.996238	-0.0866554
0	-0.965792	-0.259317
0	-0.422718	-0.906261
0	-0.258736	-0.965948
0	0.0872003	-0.996191
0	0.422665	-0.906286
0	0.573507	-0.8192
0	0.707051	-0.707163
0	0.819074	-0.573688
0	0.906478	-0.422253
0	0.96587	-0.259029
0	0.996212	-0.0869584
-0	0.996213	0.0869487
-0	0.96587	0.259029
-0	0.906458	0.422296
-0	0.819111	0.573635
-0	0.707051	0.707163
-0	0.573507	0.8192
-0	0.422665	0.906286
-0	0.258632	0.965976
-0	0.0872003	0.996191
0	-0.0872003	0.996191
0	-0.258632	0.965976
0	-0.422665	0.906286
0	-0.573507	0.8192
0	-0.707051	0.707163
0	-0.819532	0.573033
0	-0.906114	0.423033
0	-0.96587	0.259029
0	-0.996213	0.0869487
0	-0.996212	-0.0869584
0	-0.96587	-0.259029
0	-0.906134	-0.42299
0	-0.819495	-0.573086
0	-0.707051	-0.707163
0	-0.573507	-0.8192
0	-0.422665	-0.906286
0	-0.0872003	-0.996191

#	Mesh	0	End

