#	Mesh	0	Begin

#	Vertex	482
-13931.7	59564.5	-50
-13931.7	59564.5	5230
-13931.7	51042.2	5230
-13931.7	51042.2	-50
-13931.7	51269.6	3888.67
-13931.7	51254.8	3887.38
-13931.7	51240	3888.67
-13931.7	51225.7	3892.5
-13931.7	51212.3	3898.77
-13931.7	51200.2	3907.26
-13931.7	51189.7	3917.74
-13931.7	51181.2	3929.88
-13931.7	51174.9	3943.31
-13931.7	51171.1	3957.62
-13931.7	51169.8	3972.38
-13931.7	51171.1	3987.14
-13931.7	51174.9	4001.45
-13931.7	51181.2	4014.88
-13931.7	51189.7	4027.02
-13931.7	51200.2	4037.49
-13931.7	51212.3	4045.99
-13931.7	51225.7	4052.25
-13931.7	51240	4056.09
-13931.7	51254.8	4057.38
-13931.7	51269.6	4056.09
-13931.7	51283.9	4052.25
-13931.7	51297.3	4045.99
-13931.7	51309.4	4037.49
-13931.7	51319.9	4027.02
-13931.7	51328.4	4014.88
-13931.7	51334.7	4001.45
-13931.7	51338.5	3987.14
-13931.7	51339.8	3972.38
-13931.7	51338.5	3957.62
-13931.7	51334.7	3943.31
-13931.7	51328.4	3929.88
-13931.7	51319.9	3917.74
-13931.7	51309.4	3907.26
-13931.7	51297.3	3898.77
-13931.7	51283.9	3892.5
-13931.7	58132.5	4130
-13931.7	57032.5	4130
-13931.7	57032.5	4550
-13931.7	58132.5	4550
-13931.7	55445.5	4150
-13931.7	54745.5	4150
-13931.7	54745.5	4350
-13931.7	55445.5	4350
-13931.7	55457.9	3850
-13931.7	55157.9	3850
-13931.7	55157.9	4050
-13931.7	55457.9	4050
-13931.7	55084.2	3850
-13931.7	54784.2	3850
-13931.7	54784.2	4050
-13931.7	55084.2	4050
-13931.7	54722.4	3850
-13931.7	54422.4	3850
-13931.7	54422.4	4050
-13931.7	54722.4	4050
-13931.7	58839	4118.09
-13931.7	58833.5	4117.61
-13931.7	58828.1	4118.09
-13931.7	58822.8	4119.51
-13931.7	58817.8	4121.83
-13931.7	58813.3	4124.98
-13931.7	58809.4	4128.86
-13931.7	58806.2	4133.36
-13931.7	58803.9	4138.33
-13931.7	58802.5	4143.64
-13931.7	58802	4149.11
-13931.7	58802.5	4154.58
-13931.7	58803.9	4159.88
-13931.7	58806.2	4164.86
-13931.7	58809.4	4169.36
-13931.7	58813.3	4173.24
-13931.7	58817.8	4176.39
-13931.7	58822.8	4178.71
-13931.7	58828.1	4180.13
-13931.7	58833.5	4180.61
-13931.7	58839	4180.13
-13931.7	58844.3	4178.71
-13931.7	58849.3	4176.39
-13931.7	58853.8	4173.24
-13931.7	58857.7	4169.36
-13931.7	58860.8	4164.86
-13931.7	58863.1	4159.88
-13931.7	58864.6	4154.58
-13931.7	58865	4149.11
-13931.7	58864.6	4143.64
-13931.7	58863.1	4138.33
-13931.7	58860.8	4133.36
-13931.7	58857.7	4128.86
-13931.7	58853.8	4124.98
-13931.7	58849.3	4121.83
-13931.7	58844.3	4119.51
-13931.7	59099.5	4118.6
-13931.7	59094.1	4118.12
-13931.7	59088.6	4118.6
-13931.7	59083.3	4120.02
-13931.7	59078.3	4122.34
-13931.7	59073.8	4125.49
-13931.7	59069.9	4129.38
-13931.7	59066.8	4133.87
-13931.7	59064.5	4138.85
-13931.7	59063.1	4144.15
-13931.7	59062.6	4149.62
-13931.7	59063.1	4155.09
-13931.7	59064.5	4160.4
-13931.7	59066.8	4165.37
-13931.7	59069.9	4169.87
-13931.7	59073.8	4173.75
-13931.7	59078.3	4176.9
-13931.7	59083.3	4179.22
-13931.7	59088.6	4180.64
-13931.7	59094.1	4181.12
-13931.7	59099.5	4180.64
-13931.7	59104.9	4179.22
-13931.7	59109.8	4176.9
-13931.7	59114.3	4173.75
-13931.7	59118.2	4169.87
-13931.7	59121.4	4165.37
-13931.7	59123.7	4160.4
-13931.7	59125.1	4155.09
-13931.7	59125.6	4149.62
-13931.7	59125.1	4144.15
-13931.7	59123.7	4138.85
-13931.7	59121.4	4133.87
-13931.7	59118.2	4129.38
-13931.7	59114.3	4125.49
-13931.7	59109.8	4122.34
-13931.7	59104.9	4120.02
-13931.7	59378.9	4125.4
-13931.7	59374.5	4125.02
-13931.7	59370.2	4125.4
-13931.7	59366	4126.53
-13931.7	59362	4128.37
-13931.7	59358.5	4130.87
-13931.7	59355.4	4133.95
-13931.7	59352.9	4137.52
-13931.7	59351	4141.47
-13931.7	59349.9	4145.68
-13931.7	59349.5	4150.02
-13931.7	59349.9	4154.36
-13931.7	59351	4158.57
-13931.7	59352.9	4162.52
-13931.7	59355.4	4166.09
-13931.7	59358.5	4169.17
-13931.7	59362	4171.67
-13931.7	59366	4173.51
-13931.7	59370.2	4174.64
-13931.7	59374.5	4175.02
-13931.7	59378.9	4174.64
-13931.7	59383.1	4173.51
-13931.7	59387	4171.67
-13931.7	59390.6	4169.17
-13931.7	59393.7	4166.09
-13931.7	59396.2	4162.52
-13931.7	59398	4158.57
-13931.7	59399.1	4154.36
-13931.7	59399.5	4150.02
-13931.7	59399.1	4145.68
-13931.7	59398	4141.47
-13931.7	59396.2	4137.52
-13931.7	59393.7	4133.95
-13931.7	59390.6	4130.87
-13931.7	59387	4128.37
-13931.7	59383.1	4126.53
-13931.7	51855.9	3988.42
-13931.7	51850.5	3987.94
-13931.7	51845	3988.42
-13931.7	51839.7	3989.84
-13931.7	51834.7	3992.16
-13931.7	51830.2	3995.31
-13931.7	51826.3	3999.19
-13931.7	51823.2	4003.69
-13931.7	51820.9	4008.67
-13931.7	51819.4	4013.97
-13931.7	51819	4019.44
-13931.7	51819.4	4024.91
-13931.7	51820.9	4030.21
-13931.7	51823.2	4035.19
-13931.7	51826.3	4039.69
-13931.7	51830.2	4043.57
-13931.7	51834.7	4046.72
-13931.7	51839.7	4049.04
-13931.7	51845	4050.46
-13931.7	51850.5	4050.94
-13931.7	51855.9	4050.46
-13931.7	51861.2	4049.04
-13931.7	51866.2	4046.72
-13931.7	51870.7	4043.57
-13931.7	51874.6	4039.69
-13931.7	51877.7	4035.19
-13931.7	51880.1	4030.21
-13931.7	51881.5	4024.91
-13931.7	51882	4019.44
-13931.7	51881.5	4013.97
-13931.7	51880.1	4008.67
-13931.7	51877.7	4003.69
-13931.7	51874.6	3999.19
-13931.7	51870.7	3995.31
-13931.7	51866.2	3992.16
-13931.7	51861.2	3989.84
-13931.7	51595.2	3947.59
-13931.7	51580.5	3946.3
-13931.7	51565.7	3947.59
-13931.7	51551.4	3951.43
-13931.7	51538	3957.69
-13931.7	51525.8	3966.19
-13931.7	51515.3	3976.66
-13931.7	51506.8	3988.8
-13931.7	51500.6	4002.23
-13931.7	51496.8	4016.54
-13931.7	51495.5	4031.3
-13931.7	51496.8	4046.06
-13931.7	51500.6	4060.37
-13931.7	51506.8	4073.8
-13931.7	51515.3	4085.94
-13931.7	51525.8	4096.41
-13931.7	51538	4104.91
-13931.7	51551.4	4111.17
-13931.7	51565.7	4115.01
-13931.7	51580.5	4116.3
-13931.7	51595.2	4115.01
-13931.7	51609.5	4111.17
-13931.7	51623	4104.91
-13931.7	51635.1	4096.41
-13931.7	51645.6	4085.94
-13931.7	51654.1	4073.8
-13931.7	51660.3	4060.37
-13931.7	51664.2	4046.06
-13931.7	51665.5	4031.3
-13931.7	51664.2	4016.54
-13931.7	51660.3	4002.23
-13931.7	51654.1	3988.8
-13931.7	51645.6	3976.66
-13931.7	51635.1	3966.19
-13931.7	51623	3957.69
-13931.7	51609.5	3951.43
-13731.7	51214	5230
-13731.7	51214	-50
-13733.7	51212.3	4045.99
-13747.8	51200.2	4037.49
-13760	51189.7	4027.02
-13769.9	51181.2	4014.88
-13777.2	51174.9	4001.45
-13781.7	51171.1	3987.14
-13783.2	51169.8	3972.38
-13781.7	51171.1	3957.62
-13777.2	51174.9	3943.31
-13769.9	51181.2	3929.88
-13760	51189.7	3917.74
-13747.8	51200.2	3907.26
-13733.7	51212.3	3898.77
-13731.7	51225.7	3892.5
-13731.7	51240	3888.67
-13731.7	51254.8	3887.38
-13731.7	51269.6	3888.67
-13731.7	51283.9	3892.5
-13731.7	51297.3	3898.77
-13731.7	51309.4	3907.26
-13731.7	51319.9	3917.74
-13731.7	51328.4	3929.88
-13731.7	51334.7	3943.31
-13731.7	51338.5	3957.62
-13731.7	51339.8	3972.38
-13731.7	51338.5	3987.14
-13731.7	51334.7	4001.45
-13731.7	51328.4	4014.88
-13731.7	51319.9	4027.02
-13731.7	51309.4	4037.49
-13731.7	51297.3	4045.99
-13731.7	51283.9	4052.25
-13731.7	51269.6	4056.09
-13731.7	51254.8	4057.38
-13731.7	51240	4056.09
-13731.7	51225.7	4052.25
-13731.7	59564.5	5230
-13731.7	59564.5	-50
-13731.7	57032.5	4130
-13731.7	58132.5	4130
-13731.7	58132.5	4550
-13731.7	57032.5	4550
-13731.7	54745.5	4150
-13731.7	55445.5	4150
-13731.7	55445.5	4350
-13731.7	54745.5	4350
-13731.7	55157.9	3850
-13731.7	55457.9	3850
-13731.7	55457.9	4050
-13731.7	55157.9	4050
-13731.7	54784.2	3850
-13731.7	55084.2	3850
-13731.7	55084.2	4050
-13731.7	54784.2	4050
-13731.7	54422.4	3850
-13731.7	54722.4	3850
-13731.7	54722.4	4050
-13731.7	54422.4	4050
-13731.7	58833.5	4117.61
-13731.7	58839	4118.09
-13731.7	58844.3	4119.51
-13731.7	58849.3	4121.83
-13731.7	58853.8	4124.98
-13731.7	58857.7	4128.86
-13731.7	58860.8	4133.36
-13731.7	58863.1	4138.33
-13731.7	58864.6	4143.64
-13731.7	58865	4149.11
-13731.7	58864.6	4154.58
-13731.7	58863.1	4159.88
-13731.7	58860.8	4164.86
-13731.7	58857.7	4169.36
-13731.7	58853.8	4173.24
-13731.7	58849.3	4176.39
-13731.7	58844.3	4178.71
-13731.7	58839	4180.13
-13731.7	58833.5	4180.61
-13731.7	58828.1	4180.13
-13731.7	58822.8	4178.71
-13731.7	58817.8	4176.39
-13731.7	58813.3	4173.24
-13731.7	58809.4	4169.36
-13731.7	58806.2	4164.86
-13731.7	58803.9	4159.88
-13731.7	58802.5	4154.58
-13731.7	58802	4149.11
-13731.7	58802.5	4143.64
-13731.7	58803.9	4138.33
-13731.7	58806.2	4133.36
-13731.7	58809.4	4128.86
-13731.7	58813.3	4124.98
-13731.7	58817.8	4121.83
-13731.7	58822.8	4119.51
-13731.7	58828.1	4118.09
-13731.7	59094.1	4118.12
-13731.7	59099.5	4118.6
-13731.7	59104.9	4120.02
-13731.7	59109.8	4122.34
-13731.7	59114.3	4125.49
-13731.7	59118.2	4129.38
-13731.7	59121.4	4133.87
-13731.7	59123.7	4138.85
-13731.7	59125.1	4144.15
-13731.7	59125.6	4149.62
-13731.7	59125.1	4155.09
-13731.7	59123.7	4160.4
-13731.7	59121.4	4165.37
-13731.7	59118.2	4169.87
-13731.7	59114.3	4173.75
-13731.7	59109.8	4176.9
-13731.7	59104.9	4179.22
-13731.7	59099.5	4180.64
-13731.7	59094.1	4181.12
-13731.7	59088.6	4180.64
-13731.7	59083.3	4179.22
-13731.7	59078.3	4176.9
-13731.7	59073.8	4173.75
-13731.7	59069.9	4169.87
-13731.7	59066.8	4165.37
-13731.7	59064.5	4160.4
-13731.7	59063.1	4155.09
-13731.7	59062.6	4149.62
-13731.7	59063.1	4144.15
-13731.7	59064.5	4138.85
-13731.7	59066.8	4133.87
-13731.7	59069.9	4129.38
-13731.7	59073.8	4125.49
-13731.7	59078.3	4122.34
-13731.7	59083.3	4120.02
-13731.7	59088.6	4118.6
-13731.7	59374.5	4125.02
-13731.7	59378.9	4125.4
-13731.7	59383.1	4126.53
-13731.7	59387	4128.37
-13731.7	59390.6	4130.87
-13731.7	59393.7	4133.95
-13731.7	59396.2	4137.52
-13731.7	59398	4141.47
-13731.7	59399.1	4145.68
-13731.7	59399.5	4150.02
-13731.7	59399.1	4154.36
-13731.7	59398	4158.57
-13731.7	59396.2	4162.52
-13731.7	59393.7	4166.09
-13731.7	59390.6	4169.17
-13731.7	59387	4171.67
-13731.7	59383.1	4173.51
-13731.7	59378.9	4174.64
-13731.7	59374.5	4175.02
-13731.7	59370.2	4174.64
-13731.7	59366	4173.51
-13731.7	59362	4171.67
-13731.7	59358.5	4169.17
-13731.7	59355.4	4166.09
-13731.7	59352.9	4162.52
-13731.7	59351	4158.57
-13731.7	59349.9	4154.36
-13731.7	59349.5	4150.02
-13731.7	59349.9	4145.68
-13731.7	59351	4141.47
-13731.7	59352.9	4137.52
-13731.7	59355.4	4133.95
-13731.7	59358.5	4130.87
-13731.7	59362	4128.37
-13731.7	59366	4126.53
-13731.7	59370.2	4125.4
-13731.7	51850.5	3987.94
-13731.7	51855.9	3988.42
-13731.7	51861.2	3989.84
-13731.7	51866.2	3992.16
-13731.7	51870.7	3995.31
-13731.7	51874.6	3999.19
-13731.7	51877.7	4003.69
-13731.7	51880.1	4008.67
-13731.7	51881.5	4013.97
-13731.7	51882	4019.44
-13731.7	51881.5	4024.91
-13731.7	51880.1	4030.21
-13731.7	51877.7	4035.19
-13731.7	51874.6	4039.69
-13731.7	51870.7	4043.57
-13731.7	51866.2	4046.72
-13731.7	51861.2	4049.04
-13731.7	51855.9	4050.46
-13731.7	51850.5	4050.94
-13731.7	51845	4050.46
-13731.7	51839.7	4049.04
-13731.7	51834.7	4046.72
-13731.7	51830.2	4043.57
-13731.7	51826.3	4039.69
-13731.7	51823.2	4035.19
-13731.7	51820.9	4030.21
-13731.7	51819.4	4024.91
-13731.7	51819	4019.44
-13731.7	51819.4	4013.97
-13731.7	51820.9	4008.67
-13731.7	51823.2	4003.69
-13731.7	51826.3	3999.19
-13731.7	51830.2	3995.31
-13731.7	51834.7	3992.16
-13731.7	51839.7	3989.84
-13731.7	51845	3988.42
-13731.7	51580.5	3946.3
-13731.7	51595.2	3947.59
-13731.7	51609.5	3951.43
-13731.7	51623	3957.69
-13731.7	51635.1	3966.19
-13731.7	51645.6	3976.66
-13731.7	51654.1	3988.8
-13731.7	51660.3	4002.23
-13731.7	51664.2	4016.54
-13731.7	51665.5	4031.3
-13731.7	51664.2	4046.06
-13731.7	51660.3	4060.37
-13731.7	51654.1	4073.8
-13731.7	51645.6	4085.94
-13731.7	51635.1	4096.41
-13731.7	51623	4104.91
-13731.7	51609.5	4111.17
-13731.7	51595.2	4115.01
-13731.7	51580.5	4116.3
-13731.7	51565.7	4115.01
-13731.7	51551.4	4111.17
-13731.7	51538	4104.91
-13731.7	51525.8	4096.41
-13731.7	51515.3	4085.94
-13731.7	51506.8	4073.8
-13731.7	51500.6	4060.37
-13731.7	51496.8	4046.06
-13731.7	51495.5	4031.3
-13731.7	51496.8	4016.54
-13731.7	51500.6	4002.23
-13731.7	51506.8	3988.8
-13731.7	51515.3	3976.66
-13731.7	51525.8	3966.19
-13731.7	51538	3957.69
-13731.7	51551.4	3951.43
-13731.7	51565.7	3947.59
-13731.7	51214	4046.78
-13731.7	51214	3897.98

#	Triangle	184
2	13	3	13	12	3	12	11	3	11	10	3	10	9	3	9	8	3	8	7	3	7	6	3	6	5	3	5	0	3	5	57	0	57	56	0	56	53	0	53	52	0	52	49	0	49	48	0	48	61	0	61	60	0	60	97	0	97	96	0	96	131	0	131	130	0	130	133	0	133	132	0	132	167	0	167	166	0	166	165	0	165	164	0	164	163	0	163	162	0	162	161	0	161	1	0	5	58	57	59	53	56	59	54	53	55	49	52	55	50	49	51	61	48	4	58	5	39	58	4	38	58	39	37	58	38	36	58	37	35	58	36	34	205	35	205	58	35	33	205	34	33	206	205	204	58	205	33	207	206	239	58	204	33	208	207	238	58	239	2	14	13	32	208	33	32	209	208	237	58	238	32	210	209	236	58	237	2	15	14	31	210	32	31	211	210	235	169	236	169	58	236	2	16	15	30	211	31	235	170	169	168	58	169	235	171	170	203	58	168	30	212	211	234	171	235	234	172	171	202	58	203	234	173	172	201	58	202	234	174	173	200	58	201	234	175	174	199	58	200	2	17	16	29	212	30	29	213	212	233	175	234	233	176	175	198	58	199	233	177	176	197	58	198	233	178	177	196	58	197	2	18	17	28	213	29	28	214	213	232	178	233	232	179	178	195	58	196	232	180	179	194	58	195	2	19	18	27	214	28	232	181	180	193	58	194	27	215	214	231	181	232	231	182	181	192	58	193	2	20	19	26	215	27	231	183	182	191	58	192	231	184	183	190	58	191	2	21	20	25	215	26	25	216	215	230	184	231	230	185	184	189	58	190	230	186	185	188	58	189	188	59	58	188	54	59	188	55	54	188	50	55	188	51	50	188	61	51	230	187	186	187	61	188	230	61	187	2	22	21	24	216	25	2	23	22	23	216	24	2	216	23	2	217	216	229	61	230	2	218	217	228	61	229	2	219	218	227	61	228	2	220	219	226	61	227	2	221	220	225	61	226	2	222	221	224	61	225	2	223	222	223	61	224	2	45	223	45	41	223	41	62	223	62	61	223	41	63	62	95	97	60	95	98	97	95	99	98	41	64	63	94	99	95	94	100	99	41	65	64	93	100	94	93	101	100	129	133	130	41	66	65	92	101	93	129	134	133	129	135	134	92	102	101	128	135	129	128	136	135	128	137	136	41	40	66	40	67	66	91	102	92	91	103	102	127	137	128	45	44	41	44	42	41	43	67	40	127	138	137	43	68	67	90	103	91	90	104	103	126	138	127	126	139	138	126	140	139	43	69	68	89	104	90	89	105	104	125	140	126	125	141	140	43	70	69	88	105	89	88	106	105	124	141	125	124	142	141	160	1	161	43	71	70	87	106	88	87	107	106	123	142	124	2	46	45	47	42	44	123	143	142	159	1	160	123	144	143	158	1	159	43	72	71	86	107	87	86	108	107	122	144	123	122	145	144	157	1	158	43	73	72	85	108	86	85	109	108	121	145	122	121	146	145	156	1	157	43	74	73	84	109	85	84	110	109	120	146	121	120	147	146	155	1	156	120	148	147	154	1	155	43	75	74	83	110	84	83	111	110	119	148	120	119	149	148	153	1	154	43	76	75	82	111	83	119	150	149	152	1	153	82	112	111	118	150	119	118	151	150	151	1	152	118	1	151	43	77	76	81	112	82	81	113	112	117	1	118	43	78	77	80	113	81	80	114	113	116	1	117	43	79	78	79	114	80	43	114	79	43	115	114	115	1	116	43	1	115	2	47	46	2	42	47	2	43	42	2	1	43
481	3	241	240	2	480
481	254	3
254	253	3
253	252	3
252	251	3
251	250	3
250	249	3
249	2	3
248	2	249
247	2	248
246	2	247
245	2	246
244	2	245
243	2	244
242	2	243
480	2	242
278	380	279	380	379	279	379	378	279	378	377	279	377	376	279	376	375	279	375	374	279	374	373	279	373	372	279	372	339	279	339	338	279	338	337	279	337	336	279	336	301	279	301	300	279	300	241	279	300	289	241	289	288	241	288	293	241	293	292	241	292	297	241	297	296	241	296	257	241	257	256	241	256	255	241	255	481	241	300	290	289	291	293	288	291	294	293	295	297	292	295	298	297	299	257	296	299	258	257	299	259	258	299	260	259	299	261	260	299	262	261	299	263	262	299	444	263	444	264	263	444	265	264	299	445	444	479	265	444	299	446	445	478	265	479	299	447	446	477	265	478	477	266	265	299	448	447	476	266	477	299	449	448	475	266	476	475	267	266	299	408	449	408	450	449	474	267	475	474	268	267	299	409	408	443	450	408	299	410	409	442	450	443	442	451	450	473	268	474	299	411	410	441	451	442	299	412	411	440	451	441	299	413	412	439	451	440	299	414	413	438	451	439	473	269	268	438	452	451	472	269	473	299	415	414	437	452	438	299	416	415	436	452	437	299	417	416	435	452	436	472	270	269	435	453	452	471	270	472	299	418	417	434	453	435	299	419	418	433	453	434	471	271	270	299	420	419	432	453	433	432	454	453	470	271	471	299	421	420	431	454	432	470	272	271	299	422	421	430	454	431	299	423	422	429	454	430	470	273	272	429	455	454	469	273	470	299	424	423	428	455	429	277	240	480	299	425	424	427	455	428	300	291	290	300	294	291	300	295	294	300	298	295	300	299	298	300	425	299	300	426	425	426	455	427	300	455	426	469	274	273	276	240	277	469	275	274	275	240	276	469	240	275	300	456	455	468	240	469	300	457	456	467	240	468	300	458	457	466	240	467	300	459	458	465	240	466	300	460	459	464	240	465	300	461	460	463	240	464	300	462	461	462	240	463	300	335	462	335	281	462	281	280	462	280	285	462	285	284	462	284	240	462	336	302	301	334	281	335	371	302	336	370	302	371	370	303	302	333	281	334	369	303	370	369	304	303	332	281	333	372	340	339	368	304	369	368	305	304	331	281	332	407	340	372	406	340	407	406	341	340	367	305	368	405	341	406	404	341	405	367	306	305	330	281	331	404	342	341	366	306	367	330	282	281	283	285	280	403	342	404	366	307	306	329	282	330	403	343	342	365	307	366	402	343	403	401	343	402	365	308	307	328	282	329	401	344	343	364	308	365	400	344	401	364	309	308	327	282	328	400	345	344	363	309	364	278	381	380	399	345	400	363	310	309	326	282	327	399	346	345	362	310	363	283	286	285	287	240	284	278	382	381	398	346	399	278	383	382	397	346	398	362	311	310	325	282	326	397	347	346	361	311	362	278	384	383	396	347	397	361	312	311	324	282	325	396	348	347	360	312	361	278	385	384	395	348	396	360	313	312	323	282	324	395	349	348	359	313	360	278	386	385	394	349	395	278	387	386	393	349	394	359	314	313	322	282	323	393	350	349	358	314	359	278	388	387	392	350	393	358	315	314	321	282	322	278	389	388	391	350	392	391	351	350	357	315	358	278	390	389	390	351	391	278	351	390	357	316	315	320	282	321	278	352	351	356	316	357	356	317	316	319	282	320	278	353	352	355	317	356	355	318	317	318	282	319	355	282	318	278	354	353	354	282	355	278	282	354	283	287	286	283	240	287	278	283	282	278	240	283
279	1	278	0	1	279	42	280	41	283	280	42	46	284	45	287	284	46	50	288	49	291	288	50	54	292	53	295	292	54	58	296	57	299	296	58
0	241	3	279	241	0	43	283	42	282	283	43	47	287	46	286	287	47	51	291	50	290	291	51	55	295	54	294	295	55	59	299	58	298	299	59
2	278	1	240	278	2	41	281	40	280	281	41	45	285	44	284	285	45	49	289	48	288	289	49	53	293	52	292	293	53	57	297	56	296	297	57
5	258	4	257	258	5
4	259	39	258	259	4
39	260	38	259	260	39	239	447	238	446	447	239
38	261	37	260	261	38	238	448	237	447	448	238
37	262	36	261	262	37	237	449	236	448	449	237
36	263	35	262	263	36	236	450	235	449	450	236
35	264	34	263	264	35
34	265	33	264	265	34
33	266	32	265	266	33
32	267	31	266	267	32
31	268	30	267	268	31
30	269	29	268	269	30	230	456	229	455	456	230
29	270	28	269	270	29	229	457	228	456	457	229
28	271	27	270	271	28	228	458	227	457	458	228
27	272	26	271	272	27	227	459	226	458	459	227
26	273	25	272	273	26	226	460	225	459	460	226
25	274	24	273	274	25
24	275	23	274	275	24
23	276	22	275	276	23
22	277	21	276	277	22
277	20	21	277	242	20	221	465	220	464	465	221
277	480	242
20	243	19	242	243	20	220	466	219	465	466	220
19	244	18	243	244	19	219	467	218	466	467	219
18	245	17	244	245	18	218	468	217	467	468	218
17	246	16	245	246	17	217	469	216	468	469	217
16	247	15	246	247	16
15	248	14	247	248	15
14	249	13	248	249	14	214	472	213	471	472	214
13	250	12	249	250	13
12	251	11	250	251	12
11	252	10	251	252	11	211	475	210	474	475	211
10	253	9	252	253	10	210	476	209	475	476	210
9	254	8	253	254	9	209	477	208	476	477	209
254	7	8	254	255	7	208	478	207	477	478	208
481	255	254
7	256	6	255	256	7
6	257	5	256	257	6
40	282	43	281	282	40	44	286	47	285	286	44	48	290	51	289	290	48	52	294	55	293	294	52	56	298	59	297	298	56
61	301	60	300	301	61	97	337	96	336	337	97
60	302	95	301	302	60	96	338	131	337	338	96
95	303	94	302	303	95	131	339	130	338	339	131	203	411	202	410	411	203
94	304	93	303	304	94	130	340	129	339	340	130	202	412	201	411	412	202
93	305	92	304	305	93
92	306	91	305	306	92
91	307	90	306	307	91	127	343	126	342	343	127
90	308	89	307	308	90	126	344	125	343	344	126	198	416	197	415	416	198
89	309	88	308	309	89	125	345	124	344	345	125
88	310	87	309	310	88	124	346	123	345	346	124
87	311	86	310	311	87	123	347	122	346	347	123	195	419	194	418	419	195
86	312	85	311	312	86	122	348	121	347	348	122
85	313	84	312	313	85
84	314	83	313	314	84
83	315	82	314	315	83	119	351	118	350	351	119	191	423	190	422	423	191
82	316	81	315	316	82	118	352	117	351	352	118
81	317	80	316	317	81	117	353	116	352	353	117
80	318	79	317	318	80	116	354	115	353	354	116
79	319	78	318	319	79	115	355	114	354	355	115
78	320	77	319	320	78	114	356	113	355	356	114
77	321	76	320	321	77	113	357	112	356	357	113
76	322	75	321	322	76	112	358	111	357	358	112	184	430	183	429	430	184
75	323	74	322	323	75	111	359	110	358	359	111
74	324	73	323	324	74
73	325	72	324	325	73
72	326	71	325	326	72	108	362	107	361	362	108
71	327	70	326	327	71	107	363	106	362	363	107
70	328	69	327	328	70	106	364	105	363	364	106
69	329	68	328	329	69	105	365	104	364	365	105
68	330	67	329	330	68
67	331	66	330	331	67
66	332	65	331	332	66	102	368	101	367	368	102
65	333	64	332	333	65	101	369	100	368	369	101	173	441	172	440	441	173
64	334	63	333	334	64	100	370	99	369	370	100	172	442	171	441	442	172
63	335	62	334	335	63	99	371	98	370	371	99
62	300	61	335	300	62	98	336	97	371	336	98	170	408	169	443	408	170
129	341	128	340	341	129
128	342	127	341	342	128
121	349	120	348	349	121
120	350	119	349	350	120
110	360	109	359	360	110
109	361	108	360	361	109
104	366	103	365	366	104
103	367	102	366	367	103
133	373	132	372	373	133
132	374	167	373	374	132
167	375	166	374	375	167
166	376	165	375	376	166
165	377	164	376	377	165
164	378	163	377	378	164
163	379	162	378	379	163
162	380	161	379	380	162
161	381	160	380	381	161
160	382	159	381	382	160
159	383	158	382	383	159
158	384	157	383	384	158
157	385	156	384	385	157
156	386	155	385	386	156
155	387	154	386	387	155
154	388	153	387	388	154
153	389	152	388	389	153
152	390	151	389	390	152
151	391	150	390	391	151
150	392	149	391	392	150
149	393	148	392	393	149
148	394	147	393	394	148
147	395	146	394	395	147
146	396	145	395	396	146
145	397	144	396	397	145
144	398	143	397	398	144
143	399	142	398	399	143
142	400	141	399	400	142
141	401	140	400	401	141
140	402	139	401	402	140
139	403	138	402	403	139
138	404	137	403	404	138
137	405	136	404	405	137
136	406	135	405	406	136
135	407	134	406	407	135
134	372	133	407	372	134
169	409	168	408	409	169
168	410	203	409	410	168
201	413	200	412	413	201
200	414	199	413	414	200
199	415	198	414	415	199
197	417	196	416	417	197
196	418	195	417	418	196
194	420	193	419	420	194
193	421	192	420	421	193
192	422	191	421	422	192
190	424	189	423	424	190
189	425	188	424	425	189
188	426	187	425	426	188
187	427	186	426	427	187
186	428	185	427	428	186
185	429	184	428	429	185
183	431	182	430	431	183
182	432	181	431	432	182
181	433	180	432	433	181
180	434	179	433	434	180
179	435	178	434	435	179
178	436	177	435	436	178
177	437	176	436	437	177
176	438	175	437	438	176
175	439	174	438	439	175
174	440	173	439	440	174
171	443	170	442	443	171
205	445	204	444	445	205
204	446	239	445	446	204
235	451	234	450	451	235
234	452	233	451	452	234
233	453	232	452	453	233
232	454	231	453	454	232
231	455	230	454	455	231
225	461	224	460	461	225
224	462	223	461	462	224
223	463	222	462	463	223
222	464	221	463	464	222
216	470	215	469	470	216
215	471	214	470	471	215
213	473	212	472	473	213
212	474	211	473	474	212
207	479	206	478	479	207
206	444	205	479	444	206

#	Normal	184
1	0	0
-0.651468	0.758676	0
-0.651655	0.758516	1.64045e-005
-0.651473	0.758672	5.66398e-007
-0.651452	0.75869	-1.14407e-006
-0.651551	0.758605	6.31459e-006
-0.651476	0.758669	1.02612e-006
-0.65123	0.75888	-1.5522e-005
-0.651469	0.758676	0
-0.648544	0.761177	0.000598065
-0.651678	0.758496	-4.39371e-005
-0.651276	0.758841	4.04166e-005
-0.651474	0.758671	-2.90109e-006
-0.651542	0.758612	-1.86654e-005
-0.651453	0.758689	3.48636e-006
-0.651473	0.758672	-1.76813e-006
-0.651646	0.758523	-5.23076e-005
-1	0	0
-0	-1	-0
0	0	1
0	0	-1
0	0.0871571	-0.996195
0	0.258866	-0.965913
0	0.422582	-0.906325
0	0.57358	-0.81915
0	0.707115	-0.707099
0	0.819101	-0.573649
0	0.90631	-0.422614
0	0.965972	-0.258647
0	0.996185	-0.0872653
-0	0.996185	0.0872638
-0	0.965972	0.258647
-0	0.906307	0.42262
-0	0.819101	0.573649
-0	0.707115	0.707099
-0	0.573591	0.819142
-0	0.422582	0.906325
-0	0.258866	0.965913
-0	0.0871408	0.996196
0	-0.0871408	0.996196
0	-0.258866	0.965913
0	-0.422582	0.906325
0.000288734	-0.422617	0.906308
0	-0.573591	0.819142
0	-0.707115	0.707099
0	-0.819101	0.573649
0	-0.906307	0.42262
0	-0.965972	0.258647
0	-0.996185	0.0872638
0	-0.996185	-0.0872653
0	-0.965972	-0.258647
0	-0.90631	-0.422614
0	-0.819101	-0.573649
0	-0.707115	-0.707099
0	-0.57358	-0.81915
0	-0.422582	-0.906325
0.000160152	-0.422602	-0.906316
0	-0.258866	-0.965913
0	-0.0871571	-0.996195
-0	1	0
0	0.087167	-0.996194
0	0.258819	-0.965926
0	0.422574	-0.906328
0	0.573391	-0.819282
0	0.707463	-0.706751
0	0.818885	-0.573957
0	0.906328	-0.422574
0	0.965892	-0.258946
0	0.996226	-0.0867985
-0	0.996227	0.0867908
-0	0.965892	0.258946
-0	0.906313	0.422608
-0	0.818914	0.573916
-0	0.707418	0.706795
-0	0.573391	0.819282
-0	0.422647	0.906294
-0	0.258736	0.965948
-0	0.087167	0.996194
0	-0.087167	0.996194
0	-0.258736	0.965948
0	-0.422647	0.906294
0	-0.573725	0.819048
0	-0.707062	0.707151
0	-0.818914	0.573916
0	-0.906313	0.422608
0	-0.966069	0.258283
0	-0.996165	0.0874968
0	-0.996164	-0.0875045
0	-0.966069	-0.258283
0	-0.906328	-0.422574
0	-0.818885	-0.573957
0	-0.707107	-0.707107
0	-0.573725	-0.819048
0	-0.422574	-0.906328
0	-0.258819	-0.965926
0	-0.087167	-0.996194
0	0.707107	-0.707107
0	0.819219	-0.57348
-0	0.819249	0.573438
-0	0.707062	0.707151
0	-0.819249	0.573438
0	-0.90604	0.423192
0	-0.906056	-0.423158
0	-0.819219	-0.57348
0	0.0870891	-0.996201
0	0.25896	-0.965888
0	0.422321	-0.906446
0	0.573929	-0.818905
0	0.707051	-0.707163
0	0.819111	-0.573635
0	0.906114	-0.423033
0	0.966093	-0.258193
0	0.996135	-0.0878382
-0	0.996134	0.087848
-0	0.966093	0.258193
-0	0.906134	0.42299
-0	0.819074	0.573688
-0	0.707051	0.707163
-0	0.573929	0.818905
-0	0.422321	0.906446
-0	0.25896	0.965888
-0	0.0872003	0.996191
0	-0.0871225	0.996198
0	-0.25896	0.965888
0	-0.422665	0.906286
0	-0.573507	0.8192
0	-0.707051	0.707163
0	-0.819074	0.573688
0	-0.906134	0.42299
0	-0.966093	0.258193
0	-0.996212	0.0869584
0	-0.996213	-0.0869487
0	-0.966093	-0.258193
0	-0.906114	-0.423033
0	-0.819111	-0.573635
0	-0.707051	-0.707163
0	-0.573507	-0.8192
0	-0.422665	-0.906286
0	-0.25896	-0.965888
0	-0.0870114	-0.996207
0	0.0871052	-0.996199
0	0.258955	-0.965889
0	0.707085	-0.707129
0	0.819249	-0.573438
0	0.906321	-0.422591
0	0.996226	-0.0867946
-0	0.996226	0.0867985
-0	0.906328	0.422574
-0	0.819234	0.573459
-0	0.707085	0.707129
-0	0.422574	0.906328
-0	0.258955	0.965889
-0	0.0871493	0.996195
0	-0.0872111	0.99619
0	-0.258778	0.965937
0	-0.422574	0.906328
0	-0.707085	0.707129
0	-0.819234	0.573459
0	-0.906328	0.422574
0	-0.965892	0.258946
0	-0.996164	0.0875045
0	-0.996164	-0.0875006
0	-0.965892	-0.258946
0	-0.906321	-0.422591
0	-0.819249	-0.573438
0	-0.707085	-0.707129
0	-0.258778	-0.965937
0	0.0871408	-0.996196
0	0.258881	-0.965909
0	0.906307	-0.42262
0	0.965907	-0.258889
0	0.996208	-0.0870036
-0	0.996208	0.0870036
-0	0.965907	0.258889
-0	0.25885	0.965917
-0	0.0871571	0.996195
0	-0.08718	0.996193
0	-0.258784	0.965935
0	-0.965973	0.258643
0	-0.996185	0.0872653
0	-0.965973	-0.258643
0	-0.906307	-0.42262
0	-0.258815	-0.965927
0	-0.0871637	-0.996194

#	Mesh	0	End

