#	Mesh	0	Begin

#	Vertex	12
-12959	51204.4	-50
-12899.5	51250.3	-50
-12839.8	51295.8	-50
-13177.9	51689.6	-50
-13291.7	51591.9	-50
-13194	51478.1	-50
-12959	51204.4	3600
-12899.5	51250.3	3600
-12839.8	51295.8	3600
-13177.9	51689.6	3600
-13291.7	51591.9	3600
-13194	51478.1	3600

#	Triangle	8
5	6	11	0	6	5
0	7	6	1	7	0
1	8	7	2	8	1
2	9	8	3	9	2
3	10	9	4	10	3
4	11	10	5	11	4
2	4	3	2	5	4	2	1	5	1	0	5
11	9	10	11	8	9	6	7	11	7	8	11

#	Normal	8
0.758673	0.651472	0
-0.610527	0.791995	0
-0.60695	0.79474	0
-0.758676	-0.651468	-0
0.651461	-0.758682	0
0.758684	0.651459	0
0	0	1
0	0	-1

#	Mesh	0	End

