#	Mesh	0	Begin

#	Vertex	160
-5081.73	64364.5	-50
-5081.73	64364.5	4350
-4881.73	64364.5	4350
-4881.73	64364.5	-50
-4881.73	67964.5	4350
-4881.73	67964.5	-50
-4881.73	66564.5	2100
-4881.73	65064.5	2100
-4881.73	65064.5	0
-4881.73	66564.5	0
-4881.73	66878	3635.77
-4881.73	66892.8	3637.06
-4881.73	66907.1	3640.9
-4881.73	66920.5	3647.16
-4881.73	66932.6	3655.66
-4881.73	66943.1	3666.13
-4881.73	66951.6	3678.27
-4881.73	66957.9	3691.7
-4881.73	66961.7	3706.01
-4881.73	66963	3720.77
-4881.73	66961.7	3735.53
-4881.73	66957.9	3749.84
-4881.73	66951.6	3763.27
-4881.73	66943.1	3775.41
-4881.73	66932.6	3785.88
-4881.73	66920.5	3794.38
-4881.73	66907.1	3800.64
-4881.73	66892.8	3804.48
-4881.73	66878	3805.77
-4881.73	66863.2	3804.48
-4881.73	66848.9	3800.64
-4881.73	66835.5	3794.38
-4881.73	66823.4	3785.88
-4881.73	66812.9	3775.41
-4881.73	66804.4	3763.27
-4881.73	66798.1	3749.84
-4881.73	66794.3	3735.53
-4881.73	66793	3720.77
-4881.73	66794.3	3706.01
-4881.73	66798.1	3691.7
-4881.73	66804.4	3678.27
-4881.73	66812.9	3666.13
-4881.73	66823.4	3655.66
-4881.73	66835.5	3647.16
-4881.73	66848.9	3640.9
-4881.73	66863.2	3637.06
-4881.73	67178.4	3625.29
-4881.73	67193.2	3626.58
-4881.73	67207.5	3630.41
-4881.73	67220.9	3636.68
-4881.73	67233.1	3645.17
-4881.73	67243.5	3655.65
-4881.73	67252	3667.79
-4881.73	67258.3	3681.22
-4881.73	67262.1	3695.53
-4881.73	67263.4	3710.29
-4881.73	67262.1	3725.05
-4881.73	67258.3	3739.36
-4881.73	67252	3752.79
-4881.73	67243.5	3764.93
-4881.73	67233.1	3775.4
-4881.73	67220.9	3783.9
-4881.73	67207.5	3790.16
-4881.73	67193.2	3794
-4881.73	67178.4	3795.29
-4881.73	67163.7	3794
-4881.73	67149.4	3790.16
-4881.73	67135.9	3783.9
-4881.73	67123.8	3775.4
-4881.73	67113.3	3764.93
-4881.73	67104.8	3752.79
-4881.73	67098.6	3739.36
-4881.73	67094.7	3725.05
-4881.73	67093.4	3710.29
-4881.73	67094.7	3695.53
-4881.73	67098.6	3681.22
-4881.73	67104.8	3667.79
-4881.73	67113.3	3655.65
-4881.73	67123.8	3645.17
-4881.73	67135.9	3636.68
-4881.73	67149.4	3630.41
-4881.73	67163.7	3626.58
-5081.73	67964.5	4350
-5081.73	67964.5	-50
-5081.73	65064.5	2100
-5081.73	66564.5	2100
-5081.73	66564.5	0
-5081.73	65064.5	0
-5081.73	66892.8	3637.06
-5081.73	66878	3635.77
-5081.73	66863.2	3637.06
-5081.73	66848.9	3640.9
-5081.73	66835.5	3647.16
-5081.73	66823.4	3655.66
-5081.73	66812.9	3666.13
-5081.73	66804.4	3678.27
-5081.73	66798.1	3691.7
-5081.73	66794.3	3706.01
-5081.73	66793	3720.77
-5081.73	66794.3	3735.53
-5081.73	66798.1	3749.84
-5081.73	66804.4	3763.27
-5081.73	66812.9	3775.41
-5081.73	66823.4	3785.88
-5081.73	66835.5	3794.38
-5081.73	66848.9	3800.64
-5081.73	66863.2	3804.48
-5081.73	66878	3805.77
-5081.73	66892.8	3804.48
-5081.73	66907.1	3800.64
-5081.73	66920.5	3794.38
-5081.73	66932.6	3785.88
-5081.73	66943.1	3775.41
-5081.73	66951.6	3763.27
-5081.73	66957.9	3749.84
-5081.73	66961.7	3735.53
-5081.73	66963	3720.77
-5081.73	66961.7	3706.01
-5081.73	66957.9	3691.7
-5081.73	66951.6	3678.27
-5081.73	66943.1	3666.13
-5081.73	66932.6	3655.66
-5081.73	66920.5	3647.16
-5081.73	66907.1	3640.9
-5081.73	67193.2	3626.58
-5081.73	67178.4	3625.29
-5081.73	67163.7	3626.58
-5081.73	67149.4	3630.41
-5081.73	67135.9	3636.68
-5081.73	67123.8	3645.17
-5081.73	67113.3	3655.65
-5081.73	67104.8	3667.79
-5081.73	67098.6	3681.22
-5081.73	67094.7	3695.53
-5081.73	67093.4	3710.29
-5081.73	67094.7	3725.05
-5081.73	67098.6	3739.36
-5081.73	67104.8	3752.79
-5081.73	67113.3	3764.93
-5081.73	67123.8	3775.4
-5081.73	67135.9	3783.9
-5081.73	67149.4	3790.16
-5081.73	67163.7	3794
-5081.73	67178.4	3795.29
-5081.73	67193.2	3794
-5081.73	67207.5	3790.16
-5081.73	67220.9	3783.9
-5081.73	67233.1	3775.4
-5081.73	67243.5	3764.93
-5081.73	67252	3752.79
-5081.73	67258.3	3739.36
-5081.73	67262.1	3725.05
-5081.73	67263.4	3710.29
-5081.73	67262.1	3695.53
-5081.73	67258.3	3681.22
-5081.73	67252	3667.79
-5081.73	67243.5	3655.65
-5081.73	67233.1	3645.17
-5081.73	67220.9	3636.68
-5081.73	67207.5	3630.41

#	Triangle	77
0	2	1	3	2	0	85	9	6	86	9	85
4	9	5	8	2	3	4	6	9	7	2	8	4	50	6	50	49	6	49	48	6	48	47	6	47	46	6	46	7	6	46	81	7	81	10	7	10	45	7	45	44	7	44	2	7	80	10	81	79	10	80	79	11	10	78	11	79	78	12	11	78	13	12	4	51	50	77	13	78	77	14	13	42	2	43	4	52	51	76	14	77	76	15	14	41	2	42	76	16	15	40	2	41	4	53	52	75	16	76	75	17	16	39	2	40	4	54	53	74	17	75	74	18	17	38	2	39	4	55	54	73	18	74	73	19	18	37	2	38	4	56	55	72	19	73	72	20	19	36	2	37	4	57	56	71	20	72	71	21	20	35	2	36	4	58	57	70	21	71	70	22	21	34	2	35	4	59	58	69	22	70	69	23	22	33	2	34	4	60	59	68	23	69	4	61	60	67	23	68	67	24	23	32	2	33	4	62	61	66	24	67	66	25	24	31	2	32	4	63	62	65	25	66	4	64	63	64	25	65	64	26	25	30	2	31	4	26	64	4	27	26	29	2	30	4	28	27	4	2	28
9	3	5
9	8	3
43	2	44
28	2	29
5	82	4	83	82	5	87	7	8	84	7	87
1	87	0	86	82	83	1	84	87	85	82	86	1	85	84	1	91	85	91	90	85	90	89	85	89	126	85	126	125	85	125	124	85	124	159	85	159	158	85	158	157	85	157	82	85	89	127	126	89	128	127	88	128	89	88	129	128	123	129	88	122	129	123	122	130	129	156	82	157	1	93	92	121	130	122	121	131	130	155	82	156	1	94	93	120	131	121	1	95	94	119	131	120	119	132	131	154	82	155	1	96	95	118	132	119	118	133	132	153	82	154	1	97	96	117	133	118	117	134	133	152	82	153	1	98	97	116	134	117	116	135	134	151	82	152	1	99	98	115	135	116	115	136	135	150	82	151	1	100	99	114	136	115	114	137	136	149	82	150	1	101	100	113	137	114	113	138	137	148	82	149	1	102	101	112	138	113	112	139	138	147	82	148	112	140	139	146	82	147	1	103	102	111	140	112	111	141	140	145	82	146	1	104	103	110	141	111	110	142	141	144	82	145	110	143	142	143	82	144	1	105	104	109	143	110	109	82	143	1	106	105	108	82	109	107	82	108	1	82	107
87	83	0
87	86	83
1	92	91
1	107	106
0	5	3	83	5	0	84	6	7	85	6	84
2	82	1	4	82	2	86	8	9	87	8	86
89	11	88	10	11	89
88	12	123	11	12	88	124	48	159	47	48	124
123	13	122	12	13	123
122	14	121	13	14	122
121	15	120	14	15	121
120	16	119	15	16	120
119	17	118	16	17	119
118	18	117	17	18	118	154	54	153	53	54	154
117	19	116	18	19	117
116	20	115	19	20	116
115	21	114	20	21	115
114	22	113	21	22	114
113	23	112	22	23	113
112	24	111	23	24	112
111	25	110	24	25	111
110	26	109	25	26	110
109	27	108	26	27	109	145	63	144	62	63	145
108	28	107	27	28	108
107	29	106	28	29	107
106	30	105	29	30	106	142	66	141	65	66	142
105	31	104	30	31	105	141	67	140	66	67	141
104	32	103	31	32	104
103	33	102	32	33	103	139	69	138	68	69	139
102	34	101	33	34	102
101	35	100	34	35	101
100	36	99	35	36	100
99	37	98	36	37	99
98	38	97	37	38	98
97	39	96	38	39	97	133	75	132	74	75	133
96	40	95	39	40	96
95	41	94	40	41	95
94	42	93	41	42	94
93	43	92	42	43	93
92	44	91	43	44	92	128	80	127	79	80	128
91	45	90	44	45	91	127	81	126	80	81	127
90	10	89	45	10	90
125	47	124	46	47	125
159	49	158	48	49	159
158	50	157	49	50	158
157	51	156	50	51	157
156	52	155	51	52	156
155	53	154	52	53	155
153	55	152	54	55	153
152	56	151	55	56	152
151	57	150	56	57	151
150	58	149	57	58	150
149	59	148	58	59	149
148	60	147	59	60	148
147	61	146	60	61	147
146	62	145	61	62	146
144	64	143	63	64	144
143	65	142	64	65	143
140	68	139	67	68	140
138	70	137	69	70	138
137	71	136	70	71	137
136	72	135	71	72	136
135	73	134	72	73	135
134	74	133	73	74	134
132	76	131	75	76	132
131	77	130	76	77	131
130	78	129	77	78	130
129	79	128	78	79	129
126	46	125	81	46	126

#	Normal	77
-0	1	0
-1	0	0
-1	-1.35634e-007	-3.79775e-006
-1	-3.25522e-007	4.5573e-006
-1	-5.06752e-007	-1.08685e-006
-1	-5.59092e-008	6.38986e-007
-0	-1	-0
1	0	0
1	1.35634e-007	-1.89887e-006
1	3.25522e-007	9.11461e-006
1	5.06752e-007	1.08685e-006
1	5.59092e-008	-6.38986e-007
0	0	1
0	0	-1
0	0.0871343	-0.996197
0	0.2588	-0.965931
0	0.422784	-0.90623
0	0.573456	-0.819237
0	0.707123	-0.70709
0	0.819096	-0.573657
0	0.906411	-0.422397
0	0.965906	-0.258893
0	0.996208	-0.0870036
-0	0.996208	0.0870022
-0	0.965906	0.258893
-0	0.906408	0.422404
-0	0.819101	0.573649
-0	0.707115	0.707099
-0	0.573467	0.819229
-0	0.422784	0.90623
-0	0.2588	0.965931
-0	0.0871179	0.996198
0	-0.0871637	0.996194
0	-0.2588	0.965931
0	-0.422582	0.906325
0	-0.573715	0.819055
0	-0.707115	0.707099
0	-0.819101	0.573649
0	-0.906408	0.422404
0	-0.965906	0.258893
0	-0.996162	0.0875255
0	-0.996162	-0.0875269
0	-0.965906	-0.258893
0	-0.906411	-0.422397
0	-0.819096	-0.573657
0	-0.707123	-0.70709
0	-0.573703	-0.819063
0	-0.422582	-0.906325
0	-0.2588	-0.965931
0	-0.08718	-0.996193
0	0.0871637	-0.996194
0	0.422582	-0.906325
0	0.573715	-0.819055
0	0.706851	-0.707362
0	0.819349	-0.573295
0	0.906206	-0.422837
0	0.996208	-0.0870022
-0	0.996208	0.0870036
-0	0.965907	0.258889
-0	0.906206	0.422837
-0	0.819349	0.573295
-0	0.706851	0.707362
-0	0.573703	0.819063
-0	0.422582	0.906325
-0	0.08718	0.996193
0	-0.08718	0.996193
0	-0.573456	0.819237
0	-0.819349	0.573295
0	-0.906206	0.422837
0	-0.965907	0.258889
0	-0.996208	0.0870036
0	-0.996208	-0.0870022
0	-0.906206	-0.422837
0	-0.819349	-0.573295
0	-0.707115	-0.707099
0	-0.573467	-0.819229
0	-0.0871637	-0.996194

#	Mesh	0	End

