#	Mesh	0	Begin

#	Vertex	232
-5081.73	60514.5	-50
-5081.73	60514.5	4350
-4909.66	61199.5	100
-4909.66	60514.5	100
-4909.66	61199.5	1900
-4909.66	60514.5	1900
-4881.73	60514.5	4350
-4881.73	60514.5	-50
-4881.73	62214.5	4350
-4881.73	62214.5	-50
-4881.73	61789.6	4246.51
-4881.73	61795	4246.99
-4881.73	61800.3	4248.41
-4881.73	61805.3	4250.73
-4881.73	61809.8	4253.88
-4881.73	61813.7	4257.76
-4881.73	61816.8	4262.26
-4881.73	61819.2	4267.23
-4881.73	61820.6	4272.54
-4881.73	61821.1	4278.01
-4881.73	61820.6	4283.48
-4881.73	61819.2	4288.78
-4881.73	61816.8	4293.76
-4881.73	61813.7	4298.26
-4881.73	61809.8	4302.14
-4881.73	61805.3	4305.29
-4881.73	61800.3	4307.61
-4881.73	61795	4309.03
-4881.73	61789.6	4309.51
-4881.73	61784.1	4309.03
-4881.73	61778.8	4307.61
-4881.73	61773.8	4305.29
-4881.73	61769.3	4302.14
-4881.73	61765.4	4298.26
-4881.73	61762.3	4293.76
-4881.73	61760	4288.78
-4881.73	61758.5	4283.48
-4881.73	61758.1	4278.01
-4881.73	61758.5	4272.54
-4881.73	61760	4267.23
-4881.73	61762.3	4262.26
-4881.73	61765.4	4257.76
-4881.73	61769.3	4253.88
-4881.73	61773.8	4250.73
-4881.73	61778.8	4248.41
-4881.73	61784.1	4246.99
-4881.73	61604.7	4245.83
-4881.73	61610.2	4246.31
-4881.73	61615.5	4247.73
-4881.73	61620.5	4250.05
-4881.73	61625	4253.2
-4881.73	61628.9	4257.08
-4881.73	61632	4261.58
-4881.73	61634.3	4266.56
-4881.73	61635.7	4271.86
-4881.73	61636.2	4277.33
-4881.73	61635.7	4282.8
-4881.73	61634.3	4288.1
-4881.73	61632	4293.08
-4881.73	61628.9	4297.58
-4881.73	61625	4301.46
-4881.73	61620.5	4304.61
-4881.73	61615.5	4306.93
-4881.73	61610.2	4308.35
-4881.73	61604.7	4308.83
-4881.73	61599.3	4308.35
-4881.73	61593.9	4306.93
-4881.73	61589	4304.61
-4881.73	61584.5	4301.46
-4881.73	61580.6	4297.58
-4881.73	61577.4	4293.08
-4881.73	61575.1	4288.1
-4881.73	61573.7	4282.8
-4881.73	61573.2	4277.33
-4881.73	61573.7	4271.86
-4881.73	61575.1	4266.56
-4881.73	61577.4	4261.58
-4881.73	61580.6	4257.08
-4881.73	61584.5	4253.2
-4881.73	61589	4250.05
-4881.73	61593.9	4247.73
-4881.73	61599.3	4246.31
-4881.73	62018	4253.8
-4881.73	62022.4	4254.18
-4881.73	62026.6	4255.31
-4881.73	62030.5	4257.15
-4881.73	62034.1	4259.65
-4881.73	62037.2	4262.73
-4881.73	62039.7	4266.3
-4881.73	62041.5	4270.25
-4881.73	62042.7	4274.46
-4881.73	62043	4278.8
-4881.73	62042.7	4283.14
-4881.73	62041.5	4287.35
-4881.73	62039.7	4291.3
-4881.73	62037.2	4294.87
-4881.73	62034.1	4297.95
-4881.73	62030.5	4300.45
-4881.73	62026.6	4302.29
-4881.73	62022.4	4303.42
-4881.73	62018	4303.8
-4881.73	62013.7	4303.42
-4881.73	62009.5	4302.29
-4881.73	62005.5	4300.45
-4881.73	62002	4297.95
-4881.73	61998.9	4294.87
-4881.73	61996.4	4291.3
-4881.73	61994.5	4287.35
-4881.73	61993.4	4283.14
-4881.73	61993	4278.8
-4881.73	61993.4	4274.46
-4881.73	61994.5	4270.25
-4881.73	61996.4	4266.3
-4881.73	61998.9	4262.73
-4881.73	62002	4259.65
-4881.73	62005.5	4257.15
-4881.73	62009.5	4255.31
-4881.73	62013.7	4254.18
-5081.73	62214.5	4350
-5081.73	62214.5	-50
-5081.73	61199.5	1900
-5081.73	61199.5	100
-5081.73	61795	4246.99
-5081.73	61789.6	4246.51
-5081.73	61784.1	4246.99
-5081.73	61778.8	4248.41
-5081.73	61773.8	4250.73
-5081.73	61769.3	4253.88
-5081.73	61765.4	4257.76
-5081.73	61762.3	4262.26
-5081.73	61760	4267.23
-5081.73	61758.5	4272.54
-5081.73	61758.1	4278.01
-5081.73	61758.5	4283.48
-5081.73	61760	4288.78
-5081.73	61762.3	4293.76
-5081.73	61765.4	4298.26
-5081.73	61769.3	4302.14
-5081.73	61773.8	4305.29
-5081.73	61778.8	4307.61
-5081.73	61784.1	4309.03
-5081.73	61789.6	4309.51
-5081.73	61795	4309.03
-5081.73	61800.3	4307.61
-5081.73	61805.3	4305.29
-5081.73	61809.8	4302.14
-5081.73	61813.7	4298.26
-5081.73	61816.8	4293.76
-5081.73	61819.2	4288.78
-5081.73	61820.6	4283.48
-5081.73	61821.1	4278.01
-5081.73	61820.6	4272.54
-5081.73	61819.2	4267.23
-5081.73	61816.8	4262.26
-5081.73	61813.7	4257.76
-5081.73	61809.8	4253.88
-5081.73	61805.3	4250.73
-5081.73	61800.3	4248.41
-5081.73	61610.2	4246.31
-5081.73	61604.7	4245.83
-5081.73	61599.3	4246.31
-5081.73	61593.9	4247.73
-5081.73	61589	4250.05
-5081.73	61584.5	4253.2
-5081.73	61580.6	4257.08
-5081.73	61577.4	4261.58
-5081.73	61575.1	4266.56
-5081.73	61573.7	4271.86
-5081.73	61573.2	4277.33
-5081.73	61573.7	4282.8
-5081.73	61575.1	4288.1
-5081.73	61577.4	4293.08
-5081.73	61580.6	4297.58
-5081.73	61584.5	4301.46
-5081.73	61589	4304.61
-5081.73	61593.9	4306.93
-5081.73	61599.3	4308.35
-5081.73	61604.7	4308.83
-5081.73	61610.2	4308.35
-5081.73	61615.5	4306.93
-5081.73	61620.5	4304.61
-5081.73	61625	4301.46
-5081.73	61628.9	4297.58
-5081.73	61632	4293.08
-5081.73	61634.3	4288.1
-5081.73	61635.7	4282.8
-5081.73	61636.2	4277.33
-5081.73	61635.7	4271.86
-5081.73	61634.3	4266.56
-5081.73	61632	4261.58
-5081.73	61628.9	4257.08
-5081.73	61625	4253.2
-5081.73	61620.5	4250.05
-5081.73	61615.5	4247.73
-5081.73	62022.4	4254.18
-5081.73	62018	4253.8
-5081.73	62013.7	4254.18
-5081.73	62009.5	4255.31
-5081.73	62005.5	4257.15
-5081.73	62002	4259.65
-5081.73	61998.9	4262.73
-5081.73	61996.4	4266.3
-5081.73	61994.5	4270.25
-5081.73	61993.4	4274.46
-5081.73	61993	4278.8
-5081.73	61993.4	4283.14
-5081.73	61994.5	4287.35
-5081.73	61996.4	4291.3
-5081.73	61998.9	4294.87
-5081.73	62002	4297.95
-5081.73	62005.5	4300.45
-5081.73	62009.5	4302.29
-5081.73	62013.7	4303.42
-5081.73	62018	4303.8
-5081.73	62022.4	4303.42
-5081.73	62026.6	4302.29
-5081.73	62030.5	4300.45
-5081.73	62034.1	4297.95
-5081.73	62037.2	4294.87
-5081.73	62039.7	4291.3
-5081.73	62041.5	4287.35
-5081.73	62042.7	4283.14
-5081.73	62043	4278.8
-5081.73	62042.7	4274.46
-5081.73	62041.5	4270.25
-5081.73	62039.7	4266.3
-5081.73	62037.2	4262.73
-5081.73	62034.1	4259.65
-5081.73	62030.5	4257.15
-5081.73	62026.6	4255.31
-5081.73	60514.5	1900
-5081.73	60514.5	100

#	Triangle	99
6	3	7	3	0	7	3	231	0	6	5	3	6	230	5	6	1	230	4	121	2	120	121	4
8	7	9	8	85	7	85	84	7	84	83	7	83	82	7	82	11	7	11	10	7	10	47	7	47	46	7	46	81	7	81	6	7	10	48	47	80	6	81	45	48	10	82	12	11	44	48	45	44	49	48	79	6	80	82	13	12	43	49	44	43	50	49	78	6	79	82	14	13	42	50	43	42	51	50	77	6	78	117	14	82	117	15	14	41	51	42	116	15	117	115	15	116	41	52	51	76	6	77	8	86	85	114	15	115	114	16	15	40	52	41	8	87	86	113	16	114	40	53	52	75	6	76	113	17	16	39	53	40	8	88	87	112	17	113	8	89	88	111	17	112	39	54	53	74	6	75	111	18	17	38	54	39	8	90	89	110	18	111	38	55	54	73	6	74	110	19	18	37	55	38	8	91	90	109	19	110	37	56	55	72	6	73	109	20	19	36	56	37	8	92	91	108	20	109	36	57	56	71	6	72	8	93	92	107	20	108	107	21	20	35	57	36	8	94	93	106	21	107	35	58	57	70	6	71	106	22	21	34	58	35	8	95	94	105	22	106	34	59	58	69	6	70	105	23	22	33	59	34	8	96	95	104	23	105	33	60	59	68	6	69	8	97	96	103	23	104	103	24	23	32	60	33	8	98	97	102	24	103	32	61	60	67	6	68	102	25	24	31	61	32	8	99	98	101	25	102	8	100	99	100	25	101	8	25	100	31	62	61	66	6	67	8	26	25	30	62	31	30	63	62	65	6	66	8	27	26	29	63	30	29	64	63	64	6	65	29	6	64	8	28	27	28	6	29	8	6	28
9	118	8	119	118	9
231	119	0	231	121	119	121	118	119	120	118	121	1	120	230	1	160	120	160	159	120	159	158	120	158	123	120	123	122	120	122	195	120	195	194	120	194	229	120	229	228	120	228	118	120	1	161	160	193	123	158	193	124	123	193	125	124	157	195	122	1	162	161	192	125	193	192	126	125	156	195	157	1	163	162	191	126	192	191	127	126	155	195	156	1	164	163	190	127	191	155	196	195	190	128	127	154	196	155	154	197	196	154	198	197	1	165	164	189	128	190	154	199	198	227	118	228	189	129	128	153	199	154	153	200	199	226	118	227	1	166	165	188	129	189	188	130	129	152	200	153	152	201	200	225	118	226	152	202	201	224	118	225	1	167	166	187	130	188	187	131	130	151	202	152	151	203	202	223	118	224	1	168	167	186	131	187	186	132	131	150	203	151	150	204	203	222	118	223	1	169	168	185	132	186	185	133	132	149	204	150	149	205	204	221	118	222	1	170	169	184	133	185	149	206	205	220	118	221	184	134	133	148	206	149	148	207	206	219	118	220	1	171	170	183	134	184	183	135	134	147	207	148	147	208	207	218	118	219	1	172	171	182	135	183	182	136	135	146	208	147	146	209	208	217	118	218	1	173	172	181	136	182	146	210	209	216	118	217	181	137	136	145	210	146	145	211	210	215	118	216	1	174	173	180	137	181	180	138	137	144	211	145	144	212	211	214	118	215	144	213	212	213	118	214	144	118	213	1	175	174	179	138	180	179	139	138	143	118	144	1	176	175	178	139	179	178	140	139	142	118	143	1	177	176	177	140	178	1	140	177	1	141	140	141	118	142	1	118	141	2	5	4	3	5	2
0	9	7	119	9	0	4	230	120	5	230	4
6	118	1	8	118	6	2	231	3	121	231	2
123	11	122	10	11	123
122	12	157	11	12	122
157	13	156	12	13	157
156	14	155	13	14	156
155	15	154	14	15	155
154	16	153	15	16	154
153	17	152	16	17	153	189	53	188	52	53	189
152	18	151	17	18	152
151	19	150	18	19	151
150	20	149	19	20	150
149	21	148	20	21	149
148	22	147	21	22	148	184	58	183	57	58	184
147	23	146	22	23	147
146	24	145	23	24	146	182	60	181	59	60	182
145	25	144	24	25	145
144	26	143	25	26	144	180	62	179	61	62	180
143	27	142	26	27	143
142	28	141	27	28	142
141	29	140	28	29	141
140	30	139	29	30	140
139	31	138	30	31	139	175	67	174	66	67	175
138	32	137	31	32	138
137	33	136	32	33	137	173	69	172	68	69	173
136	34	135	33	34	136	172	70	171	69	70	172
135	35	134	34	35	135	171	71	170	70	71	171
134	36	133	35	36	134	170	72	169	71	72	170
133	37	132	36	37	133
132	38	131	37	38	132
131	39	130	38	39	131	167	75	166	74	75	167
130	40	129	39	40	130	166	76	165	75	76	166
129	41	128	40	41	129	165	77	164	76	77	165
128	42	127	41	42	128
127	43	126	42	43	127
126	44	125	43	44	126
125	45	124	44	45	125	161	81	160	80	81	161	197	117	196	116	117	197
124	10	123	45	10	124	160	46	159	81	46	160
159	47	158	46	47	159
158	48	193	47	48	158
193	49	192	48	49	193
192	50	191	49	50	192
191	51	190	50	51	191
190	52	189	51	52	190
188	54	187	53	54	188
187	55	186	54	55	187
186	56	185	55	56	186
185	57	184	56	57	185
183	59	182	58	59	183
181	61	180	60	61	181
179	63	178	62	63	179
178	64	177	63	64	178
177	65	176	64	65	177
176	66	175	65	66	176
174	68	173	67	68	174
169	73	168	72	73	169
168	74	167	73	74	168
164	78	163	77	78	164
163	79	162	78	79	163
162	80	161	79	80	162
195	83	194	82	83	195
194	84	229	83	84	194
229	85	228	84	85	229
228	86	227	85	86	228
227	87	226	86	87	227
226	88	225	87	88	226
225	89	224	88	89	225
224	90	223	89	90	224
223	91	222	90	91	223
222	92	221	91	92	222
221	93	220	92	93	221
220	94	219	93	94	220
219	95	218	94	95	219
218	96	217	95	96	218
217	97	216	96	97	217
216	98	215	97	98	216
215	99	214	98	99	215
214	100	213	99	100	214
213	101	212	100	101	213
212	102	211	101	102	212
211	103	210	102	103	211
210	104	209	103	104	210
209	105	208	104	105	209
208	106	207	105	106	208
207	107	206	106	107	207
206	108	205	107	108	206
205	109	204	108	109	205
204	110	203	109	110	204
203	111	202	110	111	203
202	112	201	111	112	202
201	113	200	112	113	201
200	114	199	113	114	200
199	115	198	114	115	199
198	116	197	115	116	198
196	82	195	117	82	196

#	Normal	99
0	1	-0
-1	0	0
-0	-1	-0
1	0	0
0	-0	1
0	0	-1
0	0.087167	-0.996194
0	0.258736	-0.965948
0	0.422647	-0.906294
0	0.573725	-0.819048
0	0.707062	-0.707151
0	0.818914	-0.573916
0	0.906313	-0.422608
0	0.966069	-0.258283
0	0.996165	-0.0874968
-0	0.996164	0.0875045
-0	0.966069	0.258283
-0	0.906328	0.422574
-0	0.818885	0.573957
-0	0.707107	0.707107
-0	0.573725	0.819048
-0	0.422574	0.906328
-0	0.258819	0.965926
-0	0.087167	0.996194
0	-0.087167	0.996194
0	-0.258819	0.965926
0	-0.422574	0.906328
0	-0.573391	0.819282
0	-0.707107	0.707107
0	-0.819219	0.57348
0	-0.906328	0.422574
0	-0.965892	0.258946
0	-0.996226	0.0867985
0	-0.996227	-0.0867908
0	-0.965892	-0.258946
0	-0.906313	-0.422608
0	-0.819249	-0.573438
0	-0.707062	-0.707151
0	-0.573391	-0.819282
0	-0.422647	-0.906294
0	-0.258736	-0.965948
0	-0.087167	-0.996194
0	0.0871052	-0.996199
0	0.258914	-0.9659
0	0.422574	-0.906328
0	0.573391	-0.819282
0	0.707107	-0.707107
0	0.819249	-0.573438
0	0.965892	-0.258946
0	0.996227	-0.0867908
-0	0.996226	0.0867985
-0	0.965892	0.258946
-0	0.819219	0.57348
-0	0.573391	0.819282
-0	0.258914	0.9659
-0	0.0871934	0.996191
0	-0.0872552	0.996186
0	-0.258736	0.965948
0	-0.573725	0.819048
0	-0.996164	0.0875045
0	-0.996165	-0.0874968
0	-0.707107	-0.707107
0	-0.573725	-0.819048
0	-0.422574	-0.906328
0	0.0871225	-0.996198
0	0.25896	-0.965888
0	0.422665	-0.906286
0	0.573507	-0.8192
0	0.707051	-0.707163
0	0.819074	-0.573688
0	0.906478	-0.422253
0	0.96587	-0.259029
0	0.996212	-0.0869584
-0	0.996213	0.0869487
-0	0.96587	0.259029
-0	0.906458	0.422296
-0	0.819111	0.573635
-0	0.707051	0.707163
-0	0.573507	0.8192
-0	0.422665	0.906286
-0	0.258856	0.965916
-0	0.0871225	0.996198
0	-0.0872003	0.996191
0	-0.258632	0.965976
0	-0.422665	0.906286
0	-0.573929	0.818905
0	-0.707051	0.707163
0	-0.819111	0.573635
0	-0.906114	0.423033
0	-0.966093	0.258193
0	-0.996135	0.0878382
0	-0.996134	-0.087848
0	-0.966093	-0.258193
0	-0.906134	-0.42299
0	-0.819074	-0.573688
0	-0.707051	-0.707163
0	-0.573929	-0.818905
0	-0.422665	-0.906286
0	-0.0872003	-0.996191

#	Mesh	0	End

