#	Mesh	0	Begin

#	Vertex	468
-39131.7	32714.5	-50
-39131.7	32714.5	5230
-39131.7	32914.5	5230
-39131.7	32914.5	-50
-46831.7	32914.5	5230
-46831.7	32914.5	-50
-44781.7	32914.5	-5.00222e-012
-46581.7	32914.5	-5.00222e-012
-46581.7	32914.5	2300
-44781.7	32914.5	2300
-42981.7	32914.5	2300
-41181.7	32914.5	2300
-39381.7	32914.5	2300
-39381.7	32914.5	-5.00222e-012
-41181.7	32914.5	-5.00222e-012
-42981.7	32914.5	-5.00222e-012
-41996.5	32914.5	4550
-42496.5	32914.5	4550
-42496.5	32914.5	4750
-41996.5	32914.5	4750
-44012.5	32914.5	4115
-44027.2	32914.5	4116.29
-44041.6	32914.5	4120.13
-44055	32914.5	4126.39
-44067.1	32914.5	4134.89
-44077.6	32914.5	4145.36
-44086.1	32914.5	4157.5
-44092.4	32914.5	4170.93
-44096.2	32914.5	4185.24
-44097.5	32914.5	4200
-44096.2	32914.5	4214.76
-44092.4	32914.5	4229.07
-44086.1	32914.5	4242.5
-44077.6	32914.5	4254.64
-44067.1	32914.5	4265.11
-44055	32914.5	4273.61
-44041.6	32914.5	4279.87
-44027.2	32914.5	4283.71
-44012.5	32914.5	4285
-43997.7	32914.5	4283.71
-43983.4	32914.5	4279.87
-43970	32914.5	4273.61
-43957.8	32914.5	4265.11
-43947.4	32914.5	4254.64
-43938.9	32914.5	4242.5
-43932.6	32914.5	4229.07
-43928.8	32914.5	4214.76
-43927.5	32914.5	4200
-43928.8	32914.5	4185.24
-43932.6	32914.5	4170.93
-43938.9	32914.5	4157.5
-43947.4	32914.5	4145.36
-43957.8	32914.5	4134.89
-43970	32914.5	4126.39
-43983.4	32914.5	4120.13
-43997.7	32914.5	4116.29
-43819.9	32914.5	4115
-43834.6	32914.5	4116.29
-43848.9	32914.5	4120.13
-43862.4	32914.5	4126.39
-43874.5	32914.5	4134.89
-43885	32914.5	4145.36
-43893.5	32914.5	4157.5
-43899.7	32914.5	4170.93
-43903.6	32914.5	4185.24
-43904.9	32914.5	4200
-43903.6	32914.5	4214.76
-43899.7	32914.5	4229.07
-43893.5	32914.5	4242.5
-43885	32914.5	4254.64
-43874.5	32914.5	4265.11
-43862.4	32914.5	4273.61
-43848.9	32914.5	4279.87
-43834.6	32914.5	4283.71
-43819.9	32914.5	4285
-43805.1	32914.5	4283.71
-43790.8	32914.5	4279.87
-43777.4	32914.5	4273.61
-43765.2	32914.5	4265.11
-43754.7	32914.5	4254.64
-43746.2	32914.5	4242.5
-43740	32914.5	4229.07
-43736.1	32914.5	4214.76
-43734.9	32914.5	4200
-43736.1	32914.5	4185.24
-43740	32914.5	4170.93
-43746.2	32914.5	4157.5
-43754.7	32914.5	4145.36
-43765.2	32914.5	4134.89
-43777.4	32914.5	4126.39
-43790.8	32914.5	4120.13
-43805.1	32914.5	4116.29
-44181.7	32914.5	4168.5
-44187.2	32914.5	4168.98
-44192.5	32914.5	4170.4
-44197.5	32914.5	4172.72
-44202	32914.5	4175.87
-44205.9	32914.5	4179.75
-44209	32914.5	4184.25
-44211.3	32914.5	4189.23
-44212.8	32914.5	4194.53
-44213.2	32914.5	4200
-44212.8	32914.5	4205.47
-44211.3	32914.5	4210.77
-44209	32914.5	4215.75
-44205.9	32914.5	4220.25
-44202	32914.5	4224.13
-44197.5	32914.5	4227.28
-44192.5	32914.5	4229.6
-44187.2	32914.5	4231.02
-44181.7	32914.5	4231.5
-44176.3	32914.5	4231.02
-44171	32914.5	4229.6
-44166	32914.5	4227.28
-44161.5	32914.5	4224.13
-44157.6	32914.5	4220.25
-44154.5	32914.5	4215.75
-44152.1	32914.5	4210.77
-44150.7	32914.5	4205.47
-44150.2	32914.5	4200
-44150.7	32914.5	4194.53
-44152.1	32914.5	4189.23
-44154.5	32914.5	4184.25
-44157.6	32914.5	4179.75
-44161.5	32914.5	4175.87
-44166	32914.5	4172.72
-44171	32914.5	4170.4
-44176.3	32914.5	4168.98
-43373.7	32914.5	4115
-43388.4	32914.5	4116.29
-43402.8	32914.5	4120.13
-43416.2	32914.5	4126.39
-43428.3	32914.5	4134.89
-43438.8	32914.5	4145.36
-43447.3	32914.5	4157.5
-43453.6	32914.5	4170.93
-43457.4	32914.5	4185.24
-43458.7	32914.5	4200
-43457.4	32914.5	4214.76
-43453.6	32914.5	4229.07
-43447.3	32914.5	4242.5
-43438.8	32914.5	4254.64
-43428.3	32914.5	4265.11
-43416.2	32914.5	4273.61
-43402.8	32914.5	4279.87
-43388.4	32914.5	4283.71
-43373.7	32914.5	4285
-43358.9	32914.5	4283.71
-43344.6	32914.5	4279.87
-43331.2	32914.5	4273.61
-43319.1	32914.5	4265.11
-43308.6	32914.5	4254.64
-43300.1	32914.5	4242.5
-43293.8	32914.5	4229.07
-43290	32914.5	4214.76
-43288.7	32914.5	4200
-43290	32914.5	4185.24
-43293.8	32914.5	4170.93
-43300.1	32914.5	4157.5
-43308.6	32914.5	4145.36
-43319.1	32914.5	4134.89
-43331.2	32914.5	4126.39
-43344.6	32914.5	4120.13
-43358.9	32914.5	4116.29
-43566.3	32914.5	4115
-43581.1	32914.5	4116.29
-43595.4	32914.5	4120.13
-43608.8	32914.5	4126.39
-43621	32914.5	4134.89
-43631.4	32914.5	4145.36
-43639.9	32914.5	4157.5
-43646.2	32914.5	4170.93
-43650	32914.5	4185.24
-43651.3	32914.5	4200
-43650	32914.5	4214.76
-43646.2	32914.5	4229.07
-43639.9	32914.5	4242.5
-43631.4	32914.5	4254.64
-43621	32914.5	4265.11
-43608.8	32914.5	4273.61
-43595.4	32914.5	4279.87
-43581.1	32914.5	4283.71
-43566.3	32914.5	4285
-43551.6	32914.5	4283.71
-43537.3	32914.5	4279.87
-43523.8	32914.5	4273.61
-43511.7	32914.5	4265.11
-43501.2	32914.5	4254.64
-43492.7	32914.5	4242.5
-43486.4	32914.5	4229.07
-43482.6	32914.5	4214.76
-43481.3	32914.5	4200
-43482.6	32914.5	4185.24
-43486.4	32914.5	4170.93
-43492.7	32914.5	4157.5
-43501.2	32914.5	4145.36
-43511.7	32914.5	4134.89
-43523.8	32914.5	4126.39
-43537.3	32914.5	4120.13
-43551.6	32914.5	4116.29
-43204.4	32914.5	4168.5
-43209.9	32914.5	4168.98
-43215.2	32914.5	4170.4
-43220.2	32914.5	4172.72
-43224.7	32914.5	4175.87
-43228.6	32914.5	4179.75
-43231.7	32914.5	4184.25
-43234	32914.5	4189.23
-43235.5	32914.5	4194.53
-43235.9	32914.5	4200
-43235.5	32914.5	4205.47
-43234	32914.5	4210.77
-43231.7	32914.5	4215.75
-43228.6	32914.5	4220.25
-43224.7	32914.5	4224.13
-43220.2	32914.5	4227.28
-43215.2	32914.5	4229.6
-43209.9	32914.5	4231.02
-43204.4	32914.5	4231.5
-43199	32914.5	4231.02
-43193.7	32914.5	4229.6
-43188.7	32914.5	4227.28
-43184.2	32914.5	4224.13
-43180.3	32914.5	4220.25
-43177.2	32914.5	4215.75
-43174.8	32914.5	4210.77
-43173.4	32914.5	4205.47
-43172.9	32914.5	4200
-43173.4	32914.5	4194.53
-43174.8	32914.5	4189.23
-43177.2	32914.5	4184.25
-43180.3	32914.5	4179.75
-43184.2	32914.5	4175.87
-43188.7	32914.5	4172.72
-43193.7	32914.5	4170.4
-43199	32914.5	4168.98
-46831.7	32714.5	5230
-46831.7	32714.5	-50
-44781.7	32714.5	2300
-46581.7	32714.5	2300
-46581.7	32714.5	-5.00222e-012
-44781.7	32714.5	-5.00222e-012
-42981.7	32714.5	-5.00222e-012
-41181.7	32714.5	-5.00222e-012
-39381.7	32714.5	-5.00222e-012
-39381.7	32714.5	2300
-41181.7	32714.5	2300
-42981.7	32714.5	2300
-42496.5	32714.5	4550
-41996.5	32714.5	4550
-41996.5	32714.5	4750
-42496.5	32714.5	4750
-44027.2	32714.5	4116.29
-44012.5	32714.5	4115
-43997.7	32714.5	4116.29
-43983.4	32714.5	4120.13
-43970	32714.5	4126.39
-43957.8	32714.5	4134.89
-43947.4	32714.5	4145.36
-43938.9	32714.5	4157.5
-43932.6	32714.5	4170.93
-43928.8	32714.5	4185.24
-43927.5	32714.5	4200
-43928.8	32714.5	4214.76
-43932.6	32714.5	4229.07
-43938.9	32714.5	4242.5
-43947.4	32714.5	4254.64
-43957.8	32714.5	4265.11
-43970	32714.5	4273.61
-43983.4	32714.5	4279.87
-43997.7	32714.5	4283.71
-44012.5	32714.5	4285
-44027.2	32714.5	4283.71
-44041.6	32714.5	4279.87
-44055	32714.5	4273.61
-44067.1	32714.5	4265.11
-44077.6	32714.5	4254.64
-44086.1	32714.5	4242.5
-44092.4	32714.5	4229.07
-44096.2	32714.5	4214.76
-44097.5	32714.5	4200
-44096.2	32714.5	4185.24
-44092.4	32714.5	4170.93
-44086.1	32714.5	4157.5
-44077.6	32714.5	4145.36
-44067.1	32714.5	4134.89
-44055	32714.5	4126.39
-44041.6	32714.5	4120.13
-43834.6	32714.5	4116.29
-43819.9	32714.5	4115
-43805.1	32714.5	4116.29
-43790.8	32714.5	4120.13
-43777.4	32714.5	4126.39
-43765.2	32714.5	4134.89
-43754.7	32714.5	4145.36
-43746.2	32714.5	4157.5
-43740	32714.5	4170.93
-43736.1	32714.5	4185.24
-43734.9	32714.5	4200
-43736.1	32714.5	4214.76
-43740	32714.5	4229.07
-43746.2	32714.5	4242.5
-43754.7	32714.5	4254.64
-43765.2	32714.5	4265.11
-43777.4	32714.5	4273.61
-43790.8	32714.5	4279.87
-43805.1	32714.5	4283.71
-43819.9	32714.5	4285
-43834.6	32714.5	4283.71
-43848.9	32714.5	4279.87
-43862.4	32714.5	4273.61
-43874.5	32714.5	4265.11
-43885	32714.5	4254.64
-43893.5	32714.5	4242.5
-43899.7	32714.5	4229.07
-43903.6	32714.5	4214.76
-43904.9	32714.5	4200
-43903.6	32714.5	4185.24
-43899.7	32714.5	4170.93
-43893.5	32714.5	4157.5
-43885	32714.5	4145.36
-43874.5	32714.5	4134.89
-43862.4	32714.5	4126.39
-43848.9	32714.5	4120.13
-44187.2	32714.5	4168.98
-44181.7	32714.5	4168.5
-44176.3	32714.5	4168.98
-44171	32714.5	4170.4
-44166	32714.5	4172.72
-44161.5	32714.5	4175.87
-44157.6	32714.5	4179.75
-44154.5	32714.5	4184.25
-44152.1	32714.5	4189.23
-44150.7	32714.5	4194.53
-44150.2	32714.5	4200
-44150.7	32714.5	4205.47
-44152.1	32714.5	4210.77
-44154.5	32714.5	4215.75
-44157.6	32714.5	4220.25
-44161.5	32714.5	4224.13
-44166	32714.5	4227.28
-44171	32714.5	4229.6
-44176.3	32714.5	4231.02
-44181.7	32714.5	4231.5
-44187.2	32714.5	4231.02
-44192.5	32714.5	4229.6
-44197.5	32714.5	4227.28
-44202	32714.5	4224.13
-44205.9	32714.5	4220.25
-44209	32714.5	4215.75
-44211.3	32714.5	4210.77
-44212.8	32714.5	4205.47
-44213.2	32714.5	4200
-44212.8	32714.5	4194.53
-44211.3	32714.5	4189.23
-44209	32714.5	4184.25
-44205.9	32714.5	4179.75
-44202	32714.5	4175.87
-44197.5	32714.5	4172.72
-44192.5	32714.5	4170.4
-43388.4	32714.5	4116.29
-43373.7	32714.5	4115
-43358.9	32714.5	4116.29
-43344.6	32714.5	4120.13
-43331.2	32714.5	4126.39
-43319.1	32714.5	4134.89
-43308.6	32714.5	4145.36
-43300.1	32714.5	4157.5
-43293.8	32714.5	4170.93
-43290	32714.5	4185.24
-43288.7	32714.5	4200
-43290	32714.5	4214.76
-43293.8	32714.5	4229.07
-43300.1	32714.5	4242.5
-43308.6	32714.5	4254.64
-43319.1	32714.5	4265.11
-43331.2	32714.5	4273.61
-43344.6	32714.5	4279.87
-43358.9	32714.5	4283.71
-43373.7	32714.5	4285
-43388.4	32714.5	4283.71
-43402.8	32714.5	4279.87
-43416.2	32714.5	4273.61
-43428.3	32714.5	4265.11
-43438.8	32714.5	4254.64
-43447.3	32714.5	4242.5
-43453.6	32714.5	4229.07
-43457.4	32714.5	4214.76
-43458.7	32714.5	4200
-43457.4	32714.5	4185.24
-43453.6	32714.5	4170.93
-43447.3	32714.5	4157.5
-43438.8	32714.5	4145.36
-43428.3	32714.5	4134.89
-43416.2	32714.5	4126.39
-43402.8	32714.5	4120.13
-43581.1	32714.5	4116.29
-43566.3	32714.5	4115
-43551.6	32714.5	4116.29
-43537.3	32714.5	4120.13
-43523.8	32714.5	4126.39
-43511.7	32714.5	4134.89
-43501.2	32714.5	4145.36
-43492.7	32714.5	4157.5
-43486.4	32714.5	4170.93
-43482.6	32714.5	4185.24
-43481.3	32714.5	4200
-43482.6	32714.5	4214.76
-43486.4	32714.5	4229.07
-43492.7	32714.5	4242.5
-43501.2	32714.5	4254.64
-43511.7	32714.5	4265.11
-43523.8	32714.5	4273.61
-43537.3	32714.5	4279.87
-43551.6	32714.5	4283.71
-43566.3	32714.5	4285
-43581.1	32714.5	4283.71
-43595.4	32714.5	4279.87
-43608.8	32714.5	4273.61
-43621	32714.5	4265.11
-43631.4	32714.5	4254.64
-43639.9	32714.5	4242.5
-43646.2	32714.5	4229.07
-43650	32714.5	4214.76
-43651.3	32714.5	4200
-43650	32714.5	4185.24
-43646.2	32714.5	4170.93
-43639.9	32714.5	4157.5
-43631.4	32714.5	4145.36
-43621	32714.5	4134.89
-43608.8	32714.5	4126.39
-43595.4	32714.5	4120.13
-43209.9	32714.5	4168.98
-43204.4	32714.5	4168.5
-43199	32714.5	4168.98
-43193.7	32714.5	4170.4
-43188.7	32714.5	4172.72
-43184.2	32714.5	4175.87
-43180.3	32714.5	4179.75
-43177.2	32714.5	4184.25
-43174.8	32714.5	4189.23
-43173.4	32714.5	4194.53
-43172.9	32714.5	4200
-43173.4	32714.5	4205.47
-43174.8	32714.5	4210.77
-43177.2	32714.5	4215.75
-43180.3	32714.5	4220.25
-43184.2	32714.5	4224.13
-43188.7	32714.5	4227.28
-43193.7	32714.5	4229.6
-43199	32714.5	4231.02
-43204.4	32714.5	4231.5
-43209.9	32714.5	4231.02
-43215.2	32714.5	4229.6
-43220.2	32714.5	4227.28
-43224.7	32714.5	4224.13
-43228.6	32714.5	4220.25
-43231.7	32714.5	4215.75
-43234	32714.5	4210.77
-43235.5	32714.5	4205.47
-43235.9	32714.5	4200
-43235.5	32714.5	4194.53
-43234	32714.5	4189.23
-43231.7	32714.5	4184.25
-43228.6	32714.5	4179.75
-43224.7	32714.5	4175.87
-43220.2	32714.5	4172.72
-43215.2	32714.5	4170.4

#	Triangle	96
0	2	1	3	2	0	239	7	8	240	7	239	248	18	251	17	18	248
4	7	5	7	3	5	7	6	3	6	15	3	15	14	3	14	13	3	13	2	3	4	8	7	12	2	13	4	9	8	4	10	9	4	11	10	4	94	11	94	93	11	93	92	11	92	22	11	22	21	11	21	20	11	20	12	11	20	56	12	56	164	12	164	128	12	128	163	12	163	2	12	55	56	20	55	57	56	91	164	56	91	165	164	199	128	164	199	129	128	54	57	55	54	58	57	90	165	91	90	166	165	198	129	199	198	130	129	162	2	163	92	23	22	53	58	54	53	59	58	89	166	90	89	167	166	197	130	198	197	131	130	161	2	162	92	24	23	52	59	53	52	60	59	88	167	89	88	168	167	196	131	197	196	132	131	160	2	161	92	25	24	51	60	52	51	61	60	87	168	88	87	169	168	195	132	196	195	133	132	159	200	160	200	235	160	235	2	160	92	26	25	50	61	51	50	62	61	86	169	87	86	170	169	194	133	195	194	134	133	158	200	159	92	27	26	49	62	50	49	63	62	85	170	86	85	171	170	193	134	194	193	135	134	157	200	158	127	27	92	157	201	200	126	27	127	157	202	201	234	2	235	4	95	94	125	27	126	157	203	202	233	2	234	125	28	27	48	63	49	48	64	63	84	171	85	84	172	171	192	135	193	192	136	135	156	203	157	4	96	95	124	28	125	156	204	203	232	2	233	4	97	96	123	28	124	156	205	204	231	2	232	4	98	97	122	28	123	156	206	205	230	2	231	4	99	98	121	28	122	156	207	206	229	2	230	121	29	28	47	64	48	47	65	64	83	172	84	83	173	172	191	136	192	191	137	136	155	207	156	4	100	99	120	29	121	155	208	207	228	2	229	4	101	100	119	29	120	155	209	208	227	2	228	4	102	101	118	29	119	118	30	29	46	65	47	46	66	65	82	173	83	82	174	173	190	137	191	190	138	137	154	209	155	154	210	209	226	2	227	4	103	102	117	30	118	154	211	210	225	2	226	4	104	103	116	30	117	154	212	211	224	2	225	116	31	30	45	66	46	45	67	66	81	174	82	81	175	174	189	138	190	189	139	138	153	212	154	4	105	104	115	31	116	153	213	212	223	2	224	4	106	105	114	31	115	153	214	213	222	2	223	4	107	106	113	31	114	153	215	214	221	2	222	4	108	107	112	31	113	153	216	215	220	2	221	112	32	31	44	67	45	44	68	67	80	175	81	80	176	175	188	139	189	188	140	139	152	216	153	4	109	108	111	32	112	152	217	216	219	2	220	4	110	109	110	32	111	152	218	217	218	2	219	4	32	110	152	16	218	16	2	218	4	33	32	43	68	44	43	69	68	79	176	80	79	177	176	187	140	188	187	141	140	151	16	152	4	34	33	42	69	43	42	70	69	78	177	79	78	178	177	186	141	187	186	142	141	150	16	151	4	35	34	41	70	42	41	71	70	77	178	78	77	179	178	185	142	186	185	143	142	149	16	150	4	36	35	40	71	41	40	72	71	76	179	77	76	180	179	184	143	185	184	144	143	148	16	149	4	37	36	39	72	40	39	73	72	75	180	76	75	181	180	183	144	184	183	145	144	147	16	148	4	38	37	38	73	39	38	74	73	74	181	75	74	182	181	182	145	183	182	146	145	146	16	147	4	74	38	4	182	74	4	146	182	4	17	146	17	16	146	4	18	17	19	2	16	4	19	18	4	2	19
5	236	4	237	236	5	244	12	13	245	12	244	250	16	249	19	16	250
1	244	0	244	237	0	244	243	237	243	242	237	242	241	237	241	240	237	240	236	237	1	245	244	239	236	240	1	246	245	1	247	246	1	238	247	1	239	238	1	362	239	362	361	239	361	397	239	397	289	239	289	253	239	253	252	239	252	287	239	287	325	239	325	324	239	324	359	239	359	236	239	360	397	361	360	398	397	396	289	397	396	290	289	288	253	289	288	254	253	1	363	362	395	398	360	395	399	398	431	290	396	431	291	290	323	254	288	323	255	254	1	364	363	394	399	395	394	400	399	430	291	431	430	292	291	322	255	323	322	256	255	286	325	287	1	365	364	393	400	394	393	401	400	429	292	430	429	293	292	321	256	322	321	257	256	285	325	286	1	434	365	434	433	365	433	366	365	392	401	393	392	402	401	428	293	429	428	294	293	320	257	321	320	258	257	284	325	285	433	367	366	391	402	392	391	403	402	427	294	428	427	295	294	319	258	320	319	259	258	283	325	284	433	368	367	390	403	391	390	404	403	426	295	427	426	296	295	318	259	319	318	260	259	282	325	283	432	368	433	282	326	325	1	435	434	467	368	432	282	327	326	1	436	435	466	368	467	282	328	327	358	236	359	466	369	368	389	404	390	389	405	404	425	296	426	425	297	296	317	260	318	317	261	260	281	328	282	1	437	436	465	369	466	281	329	328	357	236	358	1	438	437	464	369	465	281	330	329	356	236	357	1	439	438	463	369	464	281	331	330	355	236	356	1	440	439	462	369	463	281	332	331	354	236	355	462	370	369	388	405	389	388	406	405	424	297	425	424	298	297	316	261	317	316	262	261	280	332	281	1	441	440	461	370	462	280	333	332	353	236	354	1	442	441	460	370	461	280	334	333	352	236	353	1	443	442	459	370	460	459	371	370	387	406	388	387	407	406	423	298	424	423	299	298	315	262	316	315	263	262	279	334	280	279	335	334	351	236	352	1	444	443	458	371	459	279	336	335	350	236	351	1	445	444	457	371	458	279	337	336	349	236	350	457	372	371	386	407	387	386	408	407	422	299	423	422	300	299	314	263	315	314	264	263	278	337	279	1	446	445	456	372	457	278	338	337	348	236	349	1	447	446	455	372	456	278	339	338	347	236	348	1	448	447	454	372	455	278	340	339	346	236	347	1	449	448	453	372	454	278	341	340	345	236	346	453	373	372	385	408	386	385	409	408	421	300	422	421	301	300	313	264	314	313	265	264	277	341	278	1	450	449	452	373	453	277	342	341	344	236	345	1	451	450	451	373	452	277	343	342	343	236	344	1	249	451	249	373	451	277	236	343	249	374	373	384	409	385	384	410	409	420	301	421	420	302	301	312	265	313	312	266	265	276	236	277	249	375	374	383	410	384	383	411	410	419	302	420	419	303	302	311	266	312	311	267	266	275	236	276	249	376	375	382	411	383	382	412	411	418	303	419	418	304	303	310	267	311	310	268	267	274	236	275	249	377	376	381	412	382	381	413	412	417	304	418	417	305	304	309	268	310	309	269	268	273	236	274	249	378	377	380	413	381	380	414	413	416	305	417	416	306	305	308	269	309	308	270	269	272	236	273	249	379	378	379	414	380	379	415	414	415	306	416	415	307	306	307	270	308	307	271	270	271	236	272	249	415	379	249	307	415	249	271	307	249	248	271	248	236	271	1	250	249	251	236	248	1	251	250	1	236	251
0	5	3	237	5	0	238	8	9	239	8	238	245	11	12	246	11	245	246	10	11	247	10	246	247	9	10	238	9	247	251	19	250	18	19	251
2	236	1	4	236	2	240	6	7	241	6	240	243	13	14	244	13	243	242	14	15	243	14	242	241	15	6	242	15	241	249	17	248	16	17	249
253	21	252	20	21	253	361	129	360	128	129	361
252	22	287	21	22	252	288	58	323	57	58	288	360	130	395	129	130	360	396	166	431	165	166	396
287	23	286	22	23	287	395	131	394	130	131	395
286	24	285	23	24	286	322	60	321	59	60	322	394	132	393	131	132	394	430	168	429	167	168	430
285	25	284	24	25	285	321	61	320	60	61	321	393	133	392	132	133	393	429	169	428	168	169	429
284	26	283	25	26	284	392	134	391	133	134	392	428	170	427	169	170	428
283	27	282	26	27	283	319	63	318	62	63	319	391	135	390	134	135	391	427	171	426	170	171	427
282	28	281	27	28	282	318	64	317	63	64	318	390	136	389	135	136	390
281	29	280	28	29	281	389	137	388	136	137	389
280	30	279	29	30	280	388	138	387	137	138	388
279	31	278	30	31	279	315	67	314	66	67	315	387	139	386	138	139	387
278	32	277	31	32	278	314	68	313	67	68	314	386	140	385	139	140	386	422	176	421	175	176	422
277	33	276	32	33	277	385	141	384	140	141	385	421	177	420	176	177	421
276	34	275	33	34	276	312	70	311	69	70	312	384	142	383	141	142	384	420	178	419	177	178	420
275	35	274	34	35	275	311	71	310	70	71	311	383	143	382	142	143	383	419	179	418	178	179	419
274	36	273	35	36	274	382	144	381	143	144	382
273	37	272	36	37	273	309	73	308	72	73	309	381	145	380	144	145	381	417	181	416	180	181	417
272	38	271	37	38	272	380	146	379	145	146	380
271	39	270	38	39	271	379	147	378	146	147	379
270	40	269	39	40	270	306	76	305	75	76	306	378	148	377	147	148	378	414	184	413	183	184	414
269	41	268	40	41	269	377	149	376	148	149	377
268	42	267	41	42	268	304	78	303	77	78	304	376	150	375	149	150	376	412	186	411	185	186	412
267	43	266	42	43	267	303	79	302	78	79	303	375	151	374	150	151	375	411	187	410	186	187	411
266	44	265	43	44	266	374	152	373	151	152	374
265	45	264	44	45	265	301	81	300	80	81	301	373	153	372	152	153	373	409	189	408	188	189	409
264	46	263	45	46	264	300	82	299	81	82	300	372	154	371	153	154	372	408	190	407	189	190	408
263	47	262	46	47	263	371	155	370	154	155	371
262	48	261	47	48	262	370	156	369	155	156	370
261	49	260	48	49	261	297	85	296	84	85	297	369	157	368	156	157	369	405	193	404	192	193	405
260	50	259	49	50	260	296	86	295	85	86	296	368	158	367	157	158	368	404	194	403	193	194	404
259	51	258	50	51	259	367	159	366	158	159	367
258	52	257	51	52	258	294	88	293	87	88	294	366	160	365	159	160	366	402	196	401	195	196	402
257	53	256	52	53	257	293	89	292	88	89	293	365	161	364	160	161	365	401	197	400	196	197	401
256	54	255	53	54	256	364	162	363	161	162	364
255	55	254	54	55	255	291	91	290	90	91	291	363	163	362	162	163	363	399	199	398	198	199	399
254	20	253	55	20	254	362	128	361	163	128	362
289	57	288	56	57	289	397	165	396	164	165	397
323	59	322	58	59	323	431	167	430	166	167	431
320	62	319	61	62	320
317	65	316	64	65	317	425	173	424	172	173	425
316	66	315	65	66	316	424	174	423	173	174	424
313	69	312	68	69	313
310	72	309	71	72	310	418	180	417	179	180	418
308	74	307	73	74	308	416	182	415	181	182	416
307	75	306	74	75	307	415	183	414	182	183	415
305	77	304	76	77	305	413	185	412	184	185	413
302	80	301	79	80	302	410	188	409	187	188	410
299	83	298	82	83	299	407	191	406	190	191	407
298	84	297	83	84	298	406	192	405	191	192	406
295	87	294	86	87	295	403	195	402	194	195	403
292	90	291	89	90	292	400	198	399	197	198	400
290	56	289	91	56	290	398	164	397	199	164	398
325	93	324	92	93	325	433	201	432	200	201	433
324	94	359	93	94	324	432	202	467	201	202	432
359	95	358	94	95	359	467	203	466	202	203	467
358	96	357	95	96	358	466	204	465	203	204	466
357	97	356	96	97	357	465	205	464	204	205	465
356	98	355	97	98	356	464	206	463	205	206	464
355	99	354	98	99	355	463	207	462	206	207	463
354	100	353	99	100	354	462	208	461	207	208	462
353	101	352	100	101	353	461	209	460	208	209	461
352	102	351	101	102	352	460	210	459	209	210	460
351	103	350	102	103	351	459	211	458	210	211	459
350	104	349	103	104	350	458	212	457	211	212	458
349	105	348	104	105	349	457	213	456	212	213	457
348	106	347	105	106	348	456	214	455	213	214	456
347	107	346	106	107	347	455	215	454	214	215	455
346	108	345	107	108	346	454	216	453	215	216	454
345	109	344	108	109	345	453	217	452	216	217	453
344	110	343	109	110	344	452	218	451	217	218	452
343	111	342	110	111	343	451	219	450	218	219	451
342	112	341	111	112	342	450	220	449	219	220	450
341	113	340	112	113	341	449	221	448	220	221	449
340	114	339	113	114	340	448	222	447	221	222	448
339	115	338	114	115	339	447	223	446	222	223	447
338	116	337	115	116	338	446	224	445	223	224	446
337	117	336	116	117	337	445	225	444	224	225	445
336	118	335	117	118	336	444	226	443	225	226	444
335	119	334	118	119	335	443	227	442	226	227	443
334	120	333	119	120	334	442	228	441	227	228	442
333	121	332	120	121	333	441	229	440	228	229	441
332	122	331	121	122	332	440	230	439	229	230	440
331	123	330	122	123	331	439	231	438	230	231	439
330	124	329	123	124	330	438	232	437	231	232	438
329	125	328	124	125	329	437	233	436	232	233	437
328	126	327	125	126	328	436	234	435	233	234	436
327	127	326	126	127	327	435	235	434	234	235	435
326	92	325	127	92	326	434	200	433	235	200	434
426	172	425	171	172	426
423	175	422	174	175	423

#	Normal	96
-1	0	0
0	-1	0
1	0	0
0	1	-0
0	0	1
0	0	-1
-0.0871571	0	-0.996195
-0.258784	0	-0.965935
-0.422683	0	-0.906277
-0.573591	0	-0.819142
-0.707123	0	-0.70709
-0.819096	0	-0.573657
-0.906307	0	-0.42262
-0.965906	0	-0.258893
-0.996208	0	-0.0870022
-0.996208	0	0.0870022
-0.965906	0	0.258893
-0.906307	0	0.42262
-0.819096	0	0.573657
-0.707123	0	0.70709
-0.573591	0	0.819142
-0.422683	0	0.906277
-0.258784	0	0.965935
-0.0871571	0	0.996195
0.08718	-0	0.996193
0.258784	-0	0.965935
0.422582	-0	0.906325
0.573591	-0	0.819142
0.707123	-0	0.70709
0.81922	-0	0.57348
0.906307	-0	0.42262
0.965906	-0	0.258893
0.996185	-0	0.0872638
0.996185	0	-0.0872638
0.965906	0	-0.258893
0.906307	0	-0.42262
0.81922	0	-0.57348
0.707123	0	-0.70709
0.573591	0	-0.819142
0.422582	0	-0.906325
0.258784	0	-0.965935
0.08718	0	-0.996193
-0.08718	0	-0.996193
-0.422582	0	-0.906325
-0.81922	0	-0.57348
-0.996185	0	-0.0872638
-0.996185	0	0.0872638
-0.81922	0	0.57348
-0.422582	0	0.906325
-0.08718	0	0.996193
0.0871571	-0	0.996195
0.422683	-0	0.906277
0.819096	-0	0.573657
0.996208	-0	0.0870022
0.996208	0	-0.0870022
0.819096	0	-0.573657
0.422683	0	-0.906277
0.0871571	0	-0.996195
-0.087167	0	-0.996194
-0.258819	0	-0.965926
-0.422574	0	-0.906328
-0.573725	0	-0.819048
-0.707062	0	-0.707151
-0.819249	0	-0.573438
-0.906328	0	-0.422574
-0.965892	0	-0.258946
-0.996164	0	-0.0875045
-0.996164	0	0.0875045
-0.965892	0	0.258946
-0.906328	0	0.422574
-0.819249	0	0.573438
-0.707062	0	0.707151
-0.573725	0	0.819048
-0.422574	0	0.906328
-0.258819	0	0.965926
-0.087167	0	0.996194
0.0871052	-0	0.996199
0.258997	-0	0.965878
0.422574	-0	0.906328
0.573391	-0	0.819282
0.707062	-0	0.707151
0.819249	-0	0.573438
0.906328	-0	0.422574
0.965892	-0	0.258946
0.996226	-0	0.0867985
0.996226	0	-0.0867985
0.965892	0	-0.258946
0.906328	0	-0.422574
0.819249	0	-0.573438
0.707062	0	-0.707151
0.573391	0	-0.819282
0.422574	0	-0.906328
0.258997	0	-0.965878
0.0871052	0	-0.996199
-0.965972	0	-0.258647
-0.965972	0	0.258647

#	Mesh	0	End

