#	Mesh	0	Begin

#	Vertex	56
-22081.7	15714.5	-50
-22081.7	15714.5	5230
-22081.7	15914.5	5230
-22081.7	15914.5	-50
-38931.7	15914.5	5230
-38931.7	15914.5	-50
-32331.7	15914.5	2100
-30831.7	15914.5	2100
-30831.7	15914.5	0
-32331.7	15914.5	0
-29931.7	15914.5	2100
-28431.7	15914.5	2100
-28431.7	15914.5	0
-29931.7	15914.5	0
-36256.7	15914.5	3950
-37606.7	15914.5	3950
-37606.7	15914.5	4550
-36256.7	15914.5	4550
-25770.8	15914.5	4250
-26370.8	15914.5	4250
-26370.8	15914.5	4550
-25770.8	15914.5	4550
-38931.7	15714.5	5230
-38931.7	15714.5	-50
-30831.7	15714.5	2100
-32331.7	15714.5	2100
-32331.7	15714.5	0
-30831.7	15714.5	0
-28431.7	15714.5	2100
-29931.7	15714.5	2100
-29931.7	15714.5	0
-28431.7	15714.5	0
-22211.7	15872.1	1900
-22211.7	15714.5	1900
-22911.7	15872.1	1900
-22911.7	15714.5	1900
-22911.7	15872.1	100
-22911.7	15714.5	100
-22211.7	15872.1	100
-22211.7	15714.5	100
-30051.7	15886.4	1900
-30051.7	15714.5	1900
-30751.7	15886.4	1900
-30751.7	15714.5	1900
-30751.7	15886.4	100
-30751.7	15714.5	100
-30051.7	15886.4	100
-30051.7	15714.5	100
-37606.7	15714.5	3950
-36256.7	15714.5	3950
-36256.7	15714.5	4550
-37606.7	15714.5	4550
-26370.8	15714.5	4250
-25770.8	15714.5	4250
-25770.8	15714.5	4550
-26370.8	15714.5	4550

#	Triangle	6
0	2	1	3	2	0	34	37	36	35	37	34	42	45	44	43	45	42	9	25	26	6	25	9	13	29	30	10	29	13	48	16	51	15	16	48	52	20	55	19	20	52
4	15	5	15	9	5	9	3	5	9	8	3	8	13	3	13	12	3	12	2	3	15	6	9	7	13	8	7	10	13	11	2	12	15	7	6	15	10	7	15	11	10	15	14	11	14	19	11	19	18	11	18	2	11	4	16	15	17	19	14	17	20	19	21	2	18	4	17	16	4	20	17	4	21	20	4	2	21
5	22	4	23	22	5	38	33	32	39	33	38	46	41	40	47	41	46	7	27	24	8	27	7	11	31	28	12	31	11	50	14	49	17	14	50	54	18	53	21	18	54
1	39	0	39	31	0	31	23	0	31	30	23	30	27	23	27	26	23	26	48	23	48	22	23	39	37	31	37	28	31	29	47	30	47	27	30	47	45	27	45	24	27	25	48	26	1	33	39	35	28	37	29	41	47	43	24	45	1	35	33	1	28	35	29	43	41	29	24	43	1	29	28	1	24	29	1	25	24	1	53	25	53	49	25	49	48	25	53	52	49	52	50	49	51	22	48	1	54	53	55	50	52	1	55	54	1	50	55	1	51	50	1	22	51	38	34	36	32	34	38	46	42	44	40	42	46
0	5	3	23	5	0	32	35	34	33	35	32	40	43	42	41	43	40	6	24	25	7	24	6	10	28	29	11	28	10	51	17	50	16	17	51	55	21	54	20	21	55
2	22	1	4	22	2	36	39	38	37	39	36	44	47	46	45	47	44	8	26	27	9	26	8	12	30	31	13	30	12	49	15	48	14	15	49	53	19	52	18	19	53

#	Normal	6
-1	0	0
0	-1	0
1	0	0
0	1	-0
0	0	1
0	0	-1

#	Mesh	0	End

