#	Mesh	0	Begin

#	Vertex	232
-21881.7	25964.5	-50
-21881.7	25964.5	4650
-22081.7	25964.5	4650
-22081.7	25964.5	-50
-22081.7	18264.5	4650
-22081.7	18264.5	-50
-22081.7	19764.5	4130
-22081.7	18664.5	4130
-22081.7	18664.5	4550
-22081.7	19764.5	4550
-22081.7	25866.8	4177.5
-22081.7	25859	4178.18
-22081.7	25851.4	4180.21
-22081.7	25844.3	4183.53
-22081.7	25837.9	4188.03
-22081.7	25832.3	4193.57
-22081.7	25827.8	4200
-22081.7	25824.5	4207.11
-22081.7	25822.5	4214.68
-22081.7	25821.8	4222.5
-22081.7	25822.5	4230.31
-22081.7	25824.5	4237.89
-22081.7	25827.8	4245
-22081.7	25832.3	4251.42
-22081.7	25837.9	4256.97
-22081.7	25844.3	4261.47
-22081.7	25851.4	4264.78
-22081.7	25859	4266.81
-22081.7	25866.8	4267.5
-22081.7	25874.6	4266.81
-22081.7	25882.2	4264.78
-22081.7	25889.3	4261.47
-22081.7	25895.7	4256.97
-22081.7	25901.3	4251.42
-22081.7	25905.8	4245
-22081.7	25909.1	4237.89
-22081.7	25911.1	4230.31
-22081.7	25911.8	4222.5
-22081.7	25911.1	4214.68
-22081.7	25909.1	4207.11
-22081.7	25905.8	4200
-22081.7	25901.3	4193.57
-22081.7	25895.7	4188.03
-22081.7	25889.3	4183.53
-22081.7	25882.2	4180.21
-22081.7	25874.6	4178.18
-22081.7	25494.6	4184.45
-22081.7	25488.1	4185.02
-22081.7	25481.8	4186.71
-22081.7	25475.8	4189.47
-22081.7	25470.5	4193.22
-22081.7	25465.9	4197.84
-22081.7	25462.1	4203.2
-22081.7	25459.4	4209.12
-22081.7	25457.7	4215.44
-22081.7	25457.1	4221.95
-22081.7	25457.7	4228.46
-22081.7	25459.4	4234.77
-22081.7	25462.1	4240.7
-22081.7	25465.9	4246.05
-22081.7	25470.5	4250.67
-22081.7	25475.8	4254.42
-22081.7	25481.8	4257.19
-22081.7	25488.1	4258.88
-22081.7	25494.6	4259.45
-22081.7	25501.1	4258.88
-22081.7	25507.4	4257.19
-22081.7	25513.3	4254.42
-22081.7	25518.7	4250.67
-22081.7	25523.3	4246.05
-22081.7	25527.1	4240.7
-22081.7	25529.8	4234.77
-22081.7	25531.5	4228.46
-22081.7	25532.1	4221.95
-22081.7	25531.5	4215.44
-22081.7	25529.8	4209.12
-22081.7	25527.1	4203.2
-22081.7	25523.3	4197.84
-22081.7	25518.7	4193.22
-22081.7	25513.3	4189.47
-22081.7	25507.4	4186.71
-22081.7	25501.1	4185.02
-22081.7	25654.6	4178.36
-22081.7	25646.8	4179.04
-22081.7	25639.2	4181.07
-22081.7	25632.1	4184.38
-22081.7	25625.7	4188.88
-22081.7	25620.1	4194.43
-22081.7	25615.6	4200.86
-22081.7	25612.3	4207.96
-22081.7	25610.3	4215.54
-22081.7	25609.6	4223.36
-22081.7	25610.3	4231.17
-22081.7	25612.3	4238.75
-22081.7	25615.6	4245.86
-22081.7	25620.1	4252.28
-22081.7	25625.7	4257.83
-22081.7	25632.1	4262.33
-22081.7	25639.2	4265.64
-22081.7	25646.8	4267.67
-22081.7	25654.6	4268.36
-22081.7	25662.4	4267.67
-22081.7	25670	4265.64
-22081.7	25677.1	4262.33
-22081.7	25683.5	4257.83
-22081.7	25689.1	4252.28
-22081.7	25693.6	4245.86
-22081.7	25696.9	4238.75
-22081.7	25698.9	4231.17
-22081.7	25699.6	4223.36
-22081.7	25698.9	4215.54
-22081.7	25696.9	4207.96
-22081.7	25693.6	4200.86
-22081.7	25689.1	4194.43
-22081.7	25683.5	4188.88
-22081.7	25677.1	4184.38
-22081.7	25670	4181.07
-22081.7	25662.4	4179.04
-21881.7	18264.5	4650
-21881.7	18264.5	-50
-21881.7	18664.5	4130
-21881.7	19764.5	4130
-21881.7	19764.5	4550
-21881.7	18664.5	4550
-21881.7	25859	4178.18
-21881.7	25866.8	4177.5
-21881.7	25874.6	4178.18
-21881.7	25882.2	4180.21
-21881.7	25889.3	4183.53
-21881.7	25895.7	4188.03
-21881.7	25901.3	4193.57
-21881.7	25905.8	4200
-21881.7	25909.1	4207.11
-21881.7	25911.1	4214.68
-21881.7	25911.8	4222.5
-21881.7	25911.1	4230.31
-21881.7	25909.1	4237.89
-21881.7	25905.8	4245
-21881.7	25901.3	4251.42
-21881.7	25895.7	4256.97
-21881.7	25889.3	4261.47
-21881.7	25882.2	4264.78
-21881.7	25874.6	4266.81
-21881.7	25866.8	4267.5
-21881.7	25859	4266.81
-21881.7	25851.4	4264.78
-21881.7	25844.3	4261.47
-21881.7	25837.9	4256.97
-21881.7	25832.3	4251.42
-21881.7	25827.8	4245
-21881.7	25824.5	4237.89
-21881.7	25822.5	4230.31
-21881.7	25821.8	4222.5
-21881.7	25822.5	4214.68
-21881.7	25824.5	4207.11
-21881.7	25827.8	4200
-21881.7	25832.3	4193.57
-21881.7	25837.9	4188.03
-21881.7	25844.3	4183.53
-21881.7	25851.4	4180.21
-21881.7	25488.1	4185.02
-21881.7	25494.6	4184.45
-21881.7	25501.1	4185.02
-21881.7	25507.4	4186.71
-21881.7	25513.3	4189.47
-21881.7	25518.7	4193.22
-21881.7	25523.3	4197.84
-21881.7	25527.1	4203.2
-21881.7	25529.8	4209.12
-21881.7	25531.5	4215.44
-21881.7	25532.1	4221.95
-21881.7	25531.5	4228.46
-21881.7	25529.8	4234.77
-21881.7	25527.1	4240.7
-21881.7	25523.3	4246.05
-21881.7	25518.7	4250.67
-21881.7	25513.3	4254.42
-21881.7	25507.4	4257.19
-21881.7	25501.1	4258.88
-21881.7	25494.6	4259.45
-21881.7	25488.1	4258.88
-21881.7	25481.8	4257.19
-21881.7	25475.8	4254.42
-21881.7	25470.5	4250.67
-21881.7	25465.9	4246.05
-21881.7	25462.1	4240.7
-21881.7	25459.4	4234.77
-21881.7	25457.7	4228.46
-21881.7	25457.1	4221.95
-21881.7	25457.7	4215.44
-21881.7	25459.4	4209.12
-21881.7	25462.1	4203.2
-21881.7	25465.9	4197.84
-21881.7	25470.5	4193.22
-21881.7	25475.8	4189.47
-21881.7	25481.8	4186.71
-21881.7	25646.8	4179.04
-21881.7	25654.6	4178.36
-21881.7	25662.4	4179.04
-21881.7	25670	4181.07
-21881.7	25677.1	4184.38
-21881.7	25683.5	4188.88
-21881.7	25689.1	4194.43
-21881.7	25693.6	4200.86
-21881.7	25696.9	4207.96
-21881.7	25698.9	4215.54
-21881.7	25699.6	4223.36
-21881.7	25698.9	4231.17
-21881.7	25696.9	4238.75
-21881.7	25693.6	4245.86
-21881.7	25689.1	4252.28
-21881.7	25683.5	4257.83
-21881.7	25677.1	4262.33
-21881.7	25670	4265.64
-21881.7	25662.4	4267.67
-21881.7	25654.6	4268.36
-21881.7	25646.8	4267.67
-21881.7	25639.2	4265.64
-21881.7	25632.1	4262.33
-21881.7	25625.7	4257.83
-21881.7	25620.1	4252.28
-21881.7	25615.6	4245.86
-21881.7	25612.3	4238.75
-21881.7	25610.3	4231.17
-21881.7	25609.6	4223.36
-21881.7	25610.3	4215.54
-21881.7	25612.3	4207.96
-21881.7	25615.6	4200.86
-21881.7	25620.1	4194.43
-21881.7	25625.7	4188.88
-21881.7	25632.1	4184.38
-21881.7	25639.2	4181.07

#	Triangle	98
0	2	1	3	2	0	120	8	123	7	8	120
4	7	5	7	3	5	7	6	3	6	10	3	10	45	3	45	44	3	44	43	3	43	42	3	42	41	3	41	40	3	40	39	3	39	38	3	38	2	3	4	8	7	9	46	6	46	82	6	82	10	6	82	11	10	82	12	11	46	83	82	117	12	82	46	84	83	116	12	117	116	13	12	46	85	84	115	13	116	115	14	13	46	86	85	114	14	115	9	47	46	81	86	46	9	48	47	80	86	81	9	49	48	79	86	80	114	15	14	79	87	86	113	15	114	9	50	49	78	87	79	9	51	50	77	87	78	113	16	15	77	88	87	112	16	113	9	52	51	76	88	77	112	17	16	76	89	88	111	17	112	9	53	52	75	89	76	111	18	17	75	90	89	110	18	111	9	54	53	74	90	75	110	19	18	37	2	38	9	55	54	73	90	74	73	91	90	109	19	110	9	56	55	72	91	73	109	20	19	36	2	37	72	92	91	108	20	109	9	57	56	71	92	72	108	21	20	35	2	36	71	93	92	107	21	108	9	58	57	70	93	71	107	22	21	34	2	35	70	94	93	106	22	107	9	59	58	69	94	70	106	23	22	33	2	34	69	95	94	105	23	106	9	60	59	68	95	69	9	61	60	67	95	68	105	24	23	32	2	33	67	96	95	104	24	105	9	62	61	66	96	67	104	25	24	31	2	32	9	63	62	65	96	66	65	97	96	103	25	104	9	64	63	64	97	65	9	97	64	103	26	25	30	2	31	9	98	97	102	26	103	102	27	26	29	2	30	9	99	98	101	27	102	101	28	27	28	2	29	101	2	28	9	100	99	100	2	101	9	2	100	4	9	8	4	2	9
5	118	4	119	118	5	122	6	121	9	6	122
1	133	0	133	132	0	132	131	0	131	130	0	130	129	0	129	128	0	128	127	0	127	126	0	126	125	0	125	119	0	125	121	119	121	120	119	120	118	119	125	197	121	197	161	121	161	122	121	123	118	120	124	197	125	159	197	124	159	198	197	196	161	197	159	199	198	231	161	196	158	199	159	158	200	199	230	161	231	157	200	158	157	201	200	229	161	230	229	162	161	160	122	161	229	163	162	195	122	160	229	164	163	194	122	195	156	201	157	156	202	201	228	164	229	228	165	164	193	122	194	228	166	165	192	122	193	155	202	156	155	203	202	227	166	228	227	167	166	191	122	192	154	203	155	154	204	203	226	167	227	226	168	167	190	122	191	153	204	154	153	205	204	225	168	226	225	169	168	189	122	190	1	134	133	152	205	153	225	170	169	188	122	189	152	206	205	224	170	225	224	171	170	187	122	188	1	135	134	151	206	152	151	207	206	223	171	224	223	172	171	186	122	187	1	136	135	150	207	151	150	208	207	222	172	223	222	173	172	185	122	186	1	137	136	149	208	150	149	209	208	221	173	222	221	174	173	184	122	185	1	138	137	148	209	149	148	210	209	220	174	221	220	175	174	183	122	184	220	176	175	182	122	183	1	139	138	147	210	148	147	211	210	219	176	220	219	177	176	181	122	182	1	140	139	146	211	147	219	178	177	180	122	181	146	212	211	218	178	219	218	179	178	179	122	180	218	122	179	1	141	140	145	212	146	145	213	212	217	122	218	1	142	141	144	213	145	144	214	213	216	122	217	1	143	142	143	214	144	1	214	143	1	215	214	215	122	216	1	122	215	1	123	122	1	118	123
0	5	3	119	5	0	123	9	122	8	9	123
2	118	1	4	118	2	121	7	120	6	7	121
125	11	124	10	11	125	197	83	196	82	83	197
124	12	159	11	12	124	196	84	231	83	84	196
159	13	158	12	13	159	231	85	230	84	85	231
158	14	157	13	14	158
157	15	156	14	15	157	229	87	228	86	87	229
156	16	155	15	16	156
155	17	154	16	17	155
154	18	153	17	18	154
153	19	152	18	19	153
152	20	151	19	20	152
151	21	150	20	21	151
150	22	149	21	22	150
149	23	148	22	23	149
148	24	147	23	24	148	220	96	219	95	96	220
147	25	146	24	25	147
146	26	145	25	26	146	218	98	217	97	98	218
145	27	144	26	27	145	217	99	216	98	99	217
144	28	143	27	28	144	216	100	215	99	100	216
143	29	142	28	29	143	215	101	214	100	101	215
142	30	141	29	30	142	214	102	213	101	102	214
141	31	140	30	31	141	213	103	212	102	103	213
140	32	139	31	32	140
139	33	138	32	33	139	211	105	210	104	105	211
138	34	137	33	34	138
137	35	136	34	35	137
136	36	135	35	36	136
135	37	134	36	37	135
134	38	133	37	38	134
133	39	132	38	39	133
132	40	131	39	40	132
131	41	130	40	41	131
130	42	129	41	42	130	202	114	201	113	114	202
129	43	128	42	43	129
128	44	127	43	44	128	200	116	199	115	116	200
127	45	126	44	45	127	199	117	198	116	117	199
126	10	125	45	10	126	198	82	197	117	82	198
161	47	160	46	47	161
160	48	195	47	48	160
195	49	194	48	49	195
194	50	193	49	50	194
193	51	192	50	51	193
192	52	191	51	52	192
191	53	190	52	53	191
190	54	189	53	54	190
189	55	188	54	55	189
188	56	187	55	56	188
187	57	186	56	57	187
186	58	185	57	58	186
185	59	184	58	59	185
184	60	183	59	60	184
183	61	182	60	61	183
182	62	181	61	62	182
181	63	180	62	63	181
180	64	179	63	64	180
179	65	178	64	65	179
178	66	177	65	66	178
177	67	176	66	67	177
176	68	175	67	68	176
175	69	174	68	69	175
174	70	173	69	70	174
173	71	172	70	71	173
172	72	171	71	72	172
171	73	170	72	73	171
170	74	169	73	74	170
169	75	168	74	75	169
168	76	167	75	76	168
167	77	166	76	77	167
166	78	165	77	78	166
165	79	164	78	79	165
164	80	163	79	80	164
163	81	162	80	81	163
162	46	161	81	46	162
230	86	229	85	86	230
228	88	227	87	88	228
227	89	226	88	89	227
226	90	225	89	90	226
225	91	224	90	91	225
224	92	223	91	92	224
223	93	222	92	93	223
222	94	221	93	94	222
221	95	220	94	95	221
219	97	218	96	97	219
212	104	211	103	104	212
210	106	209	105	106	210
209	107	208	106	107	209
208	108	207	107	108	208
207	109	206	108	109	207
206	110	205	109	110	206
205	111	204	110	111	205
204	112	203	111	112	204
203	113	202	112	113	203
201	115	200	114	115	201

#	Normal	98
-0	-1	-0
1	0	0
-0	1	0
-1	0	0
-0	0	1
-0	-0	-1
-0	-0.0871453	-0.996196
-0	-0.258848	-0.965918
-0	-0.422596	-0.906318
-0	-0.573588	-0.819144
-0	-0.707076	-0.707138
-0	-0.819211	-0.573492
-0	-0.906247	-0.422749
-0	-0.965953	-0.258716
-0	-0.996195	-0.0871507
0	-0.996196	0.0871453
0	-0.965953	0.258716
0	-0.906236	0.422773
0	-0.819232	0.573462
0	-0.707076	0.707138
0	-0.573546	0.819173
0	-0.422596	0.906318
0	-0.258848	0.965918
0	-0.0871453	0.996196
0	0.0871453	0.996196
0	0.258848	0.965918
0	0.422596	0.906318
0	0.573546	0.819173
0	0.707076	0.707138
0	0.819232	0.573462
0	0.906331	0.422568
0	0.965891	0.258949
0	0.996196	0.0871453
0	0.996195	-0.0871507
0	0.965891	-0.258949
0	0.906342	-0.422545
0	0.819211	-0.573492
0	0.707076	-0.707138
0	0.573588	-0.819144
0	0.422596	-0.906318
0	0.258848	-0.965918
0	0.0871453	-0.996196
-0	-0.0871744	-0.996193
-0	-0.258741	-0.965947
-0	-0.422665	-0.906286
-0	-0.573533	-0.819183
-0	-0.707181	-0.707032
-0	-0.819099	-0.573653
-0	-0.906357	-0.422513
-0	-0.965942	-0.25876
-0	-0.996187	-0.0872485
0	-0.996187	0.0872485
0	-0.965942	0.25876
0	-0.906357	0.422513
0	-0.819099	0.573653
0	-0.707181	0.707032
0	-0.573533	0.819183
0	-0.422603	0.906315
0	-0.258811	0.965928
0	-0.0871744	0.996193
0	0.0871744	0.996193
0	0.258811	0.965928
0	0.422603	0.906315
0	0.573673	0.819084
0	0.707032	0.707181
0	0.819099	0.573653
0	0.906357	0.422513
0	0.965942	0.25876
0	0.996187	0.0872485
0	0.996187	-0.0872485
0	0.965942	-0.25876
0	0.906357	-0.422513
0	0.819099	-0.573653
0	0.707032	-0.707181
0	0.573673	-0.819084
0	0.422665	-0.906286
0	0.258741	-0.965947
0	0.0871744	-0.996193
-0	-0.573546	-0.819173
-0	-0.819232	-0.573462
-0	-0.906331	-0.422568
-0	-0.965891	-0.258949
-0	-0.996196	-0.0871453
0	-0.996195	0.0871507
0	-0.965891	0.258949
0	-0.906342	0.422545
0	-0.819211	0.573492
0	-0.573588	0.819144
0	0.573588	0.819144
0	0.819211	0.573492
0	0.906247	0.422749
0	0.965953	0.258716
0	0.996195	0.0871507
0	0.996196	-0.0871453
0	0.965953	-0.258716
0	0.906236	-0.422773
0	0.819232	-0.573462
0	0.573546	-0.819173

#	Mesh	0	End

