#	Mesh	0	Begin

#	Vertex	232
-30481.7	18264.5	-50
-30481.7	18264.5	4750
-30281.7	18264.5	4750
-30281.7	18264.5	-50
-30281.7	25964.5	4750
-30281.7	25964.5	-50
-30281.7	18539.5	3950
-30281.7	19889.5	3950
-30281.7	19889.5	4550
-30281.7	18539.5	4550
-30281.7	25866.8	4112.3
-30281.7	25881.6	4113.59
-30281.7	25895.9	4117.43
-30281.7	25909.3	4123.69
-30281.7	25921.5	4132.19
-30281.7	25931.9	4142.67
-30281.7	25940.4	4154.8
-30281.7	25946.7	4168.23
-30281.7	25950.5	4182.54
-30281.7	25951.8	4197.3
-30281.7	25950.5	4212.06
-30281.7	25946.7	4226.37
-30281.7	25940.4	4239.8
-30281.7	25931.9	4251.94
-30281.7	25921.5	4262.42
-30281.7	25909.3	4270.91
-30281.7	25895.9	4277.18
-30281.7	25881.6	4281.01
-30281.7	25866.8	4282.3
-30281.7	25852.1	4281.01
-30281.7	25837.7	4277.18
-30281.7	25824.3	4270.91
-30281.7	25812.2	4262.42
-30281.7	25801.7	4251.94
-30281.7	25793.2	4239.8
-30281.7	25786.9	4226.37
-30281.7	25783.1	4212.06
-30281.7	25781.8	4197.3
-30281.7	25783.1	4182.54
-30281.7	25786.9	4168.23
-30281.7	25793.2	4154.8
-30281.7	25801.7	4142.67
-30281.7	25812.2	4132.19
-30281.7	25824.3	4123.69
-30281.7	25837.7	4117.43
-30281.7	25852.1	4113.59
-30281.7	25494.6	4159.25
-30281.7	25501.1	4159.82
-30281.7	25507.4	4161.51
-30281.7	25513.3	4164.28
-30281.7	25518.7	4168.03
-30281.7	25523.3	4172.65
-30281.7	25527.1	4178
-30281.7	25529.8	4183.93
-30281.7	25531.5	4190.24
-30281.7	25532.1	4196.75
-30281.7	25531.5	4203.26
-30281.7	25529.8	4209.58
-30281.7	25527.1	4215.5
-30281.7	25523.3	4220.86
-30281.7	25518.7	4225.48
-30281.7	25513.3	4229.23
-30281.7	25507.4	4231.99
-30281.7	25501.1	4233.68
-30281.7	25494.6	4234.25
-30281.7	25488.1	4233.68
-30281.7	25481.8	4231.99
-30281.7	25475.8	4229.23
-30281.7	25470.5	4225.48
-30281.7	25465.9	4220.86
-30281.7	25462.1	4215.5
-30281.7	25459.4	4209.58
-30281.7	25457.7	4203.26
-30281.7	25457.1	4196.75
-30281.7	25457.7	4190.24
-30281.7	25459.4	4183.93
-30281.7	25462.1	4178
-30281.7	25465.9	4172.65
-30281.7	25470.5	4168.03
-30281.7	25475.8	4164.28
-30281.7	25481.8	4161.51
-30281.7	25488.1	4159.82
-30281.7	25654.6	4113.16
-30281.7	25669.3	4114.45
-30281.7	25683.7	4118.29
-30281.7	25697.1	4124.55
-30281.7	25709.2	4133.05
-30281.7	25719.7	4143.52
-30281.7	25728.2	4155.66
-30281.7	25734.5	4169.09
-30281.7	25738.3	4183.4
-30281.7	25739.6	4198.16
-30281.7	25738.3	4212.92
-30281.7	25734.5	4227.23
-30281.7	25728.2	4240.66
-30281.7	25719.7	4252.8
-30281.7	25709.2	4263.27
-30281.7	25697.1	4271.77
-30281.7	25683.7	4278.03
-30281.7	25669.3	4281.87
-30281.7	25654.6	4283.16
-30281.7	25639.8	4281.87
-30281.7	25625.5	4278.03
-30281.7	25612.1	4271.77
-30281.7	25599.9	4263.27
-30281.7	25589.5	4252.8
-30281.7	25581	4240.66
-30281.7	25574.7	4227.23
-30281.7	25570.9	4212.92
-30281.7	25569.6	4198.16
-30281.7	25570.9	4183.4
-30281.7	25574.7	4169.09
-30281.7	25581	4155.66
-30281.7	25589.5	4143.52
-30281.7	25599.9	4133.05
-30281.7	25612.1	4124.55
-30281.7	25625.5	4118.29
-30281.7	25639.8	4114.45
-30481.7	25964.5	4750
-30481.7	25964.5	-50
-30481.7	19889.5	3950
-30481.7	18539.5	3950
-30481.7	18539.5	4550
-30481.7	19889.5	4550
-30481.7	25881.6	4113.59
-30481.7	25866.8	4112.3
-30481.7	25852.1	4113.59
-30481.7	25837.7	4117.43
-30481.7	25824.3	4123.69
-30481.7	25812.2	4132.19
-30481.7	25801.7	4142.67
-30481.7	25793.2	4154.8
-30481.7	25786.9	4168.23
-30481.7	25783.1	4182.54
-30481.7	25781.8	4197.3
-30481.7	25783.1	4212.06
-30481.7	25786.9	4226.37
-30481.7	25793.2	4239.8
-30481.7	25801.7	4251.94
-30481.7	25812.2	4262.42
-30481.7	25824.3	4270.91
-30481.7	25837.7	4277.18
-30481.7	25852.1	4281.01
-30481.7	25866.8	4282.3
-30481.7	25881.6	4281.01
-30481.7	25895.9	4277.18
-30481.7	25909.3	4270.91
-30481.7	25921.5	4262.42
-30481.7	25931.9	4251.94
-30481.7	25940.4	4239.8
-30481.7	25946.7	4226.37
-30481.7	25950.5	4212.06
-30481.7	25951.8	4197.3
-30481.7	25950.5	4182.54
-30481.7	25946.7	4168.23
-30481.7	25940.4	4154.8
-30481.7	25931.9	4142.67
-30481.7	25921.5	4132.19
-30481.7	25909.3	4123.69
-30481.7	25895.9	4117.43
-30481.7	25501.1	4159.82
-30481.7	25494.6	4159.25
-30481.7	25488.1	4159.82
-30481.7	25481.8	4161.51
-30481.7	25475.8	4164.28
-30481.7	25470.5	4168.03
-30481.7	25465.9	4172.65
-30481.7	25462.1	4178
-30481.7	25459.4	4183.93
-30481.7	25457.7	4190.24
-30481.7	25457.1	4196.75
-30481.7	25457.7	4203.26
-30481.7	25459.4	4209.58
-30481.7	25462.1	4215.5
-30481.7	25465.9	4220.86
-30481.7	25470.5	4225.48
-30481.7	25475.8	4229.23
-30481.7	25481.8	4231.99
-30481.7	25488.1	4233.68
-30481.7	25494.6	4234.25
-30481.7	25501.1	4233.68
-30481.7	25507.4	4231.99
-30481.7	25513.3	4229.23
-30481.7	25518.7	4225.48
-30481.7	25523.3	4220.86
-30481.7	25527.1	4215.5
-30481.7	25529.8	4209.58
-30481.7	25531.5	4203.26
-30481.7	25532.1	4196.75
-30481.7	25531.5	4190.24
-30481.7	25529.8	4183.93
-30481.7	25527.1	4178
-30481.7	25523.3	4172.65
-30481.7	25518.7	4168.03
-30481.7	25513.3	4164.28
-30481.7	25507.4	4161.51
-30481.7	25669.3	4114.45
-30481.7	25654.6	4113.16
-30481.7	25639.8	4114.45
-30481.7	25625.5	4118.29
-30481.7	25612.1	4124.55
-30481.7	25599.9	4133.05
-30481.7	25589.5	4143.52
-30481.7	25581	4155.66
-30481.7	25574.7	4169.09
-30481.7	25570.9	4183.4
-30481.7	25569.6	4198.16
-30481.7	25570.9	4212.92
-30481.7	25574.7	4227.23
-30481.7	25581	4240.66
-30481.7	25589.5	4252.8
-30481.7	25599.9	4263.27
-30481.7	25612.1	4271.77
-30481.7	25625.5	4278.03
-30481.7	25639.8	4281.87
-30481.7	25654.6	4283.16
-30481.7	25669.3	4281.87
-30481.7	25683.7	4278.03
-30481.7	25697.1	4271.77
-30481.7	25709.2	4263.27
-30481.7	25719.7	4252.8
-30481.7	25728.2	4240.66
-30481.7	25734.5	4227.23
-30481.7	25738.3	4212.92
-30481.7	25739.6	4198.16
-30481.7	25738.3	4183.4
-30481.7	25734.5	4169.09
-30481.7	25728.2	4155.66
-30481.7	25719.7	4143.52
-30481.7	25709.2	4133.05
-30481.7	25697.1	4124.55
-30481.7	25683.7	4118.29

#	Triangle	97
0	2	1	3	2	0	120	8	123	7	8	120
4	19	5	19	18	5	18	17	5	17	16	5	16	15	5	15	14	5	14	13	5	13	12	5	12	11	5	11	10	5	10	3	5	10	7	3	7	6	3	6	2	3	10	82	7	82	8	7	9	2	6	45	82	10	45	83	82	117	8	82	44	83	45	44	84	83	116	8	117	43	84	44	43	85	84	115	8	116	42	85	43	42	86	85	114	8	115	41	86	42	41	87	86	113	8	114	40	87	41	40	88	87	112	46	113	46	8	113	39	88	40	39	89	88	111	47	112	47	46	112	81	8	46	111	48	47	80	8	81	111	49	48	79	8	80	111	50	49	78	8	79	111	51	50	77	8	78	38	89	39	38	90	89	110	51	111	110	52	51	76	8	77	110	53	52	75	8	76	37	90	38	37	91	90	109	53	110	109	54	53	74	8	75	109	55	54	73	8	74	109	56	55	72	8	73	4	20	19	36	91	37	36	92	91	108	56	109	108	57	56	71	8	72	108	58	57	70	8	71	4	21	20	35	92	36	35	93	92	107	58	108	107	59	58	69	8	70	107	60	59	68	8	69	107	61	60	67	8	68	4	22	21	34	93	35	34	94	93	106	61	107	106	62	61	66	8	67	106	63	62	65	8	66	106	64	63	64	8	65	106	8	64	4	23	22	33	94	34	33	95	94	105	8	106	4	24	23	32	95	33	32	96	95	104	8	105	4	25	24	31	96	32	31	97	96	103	8	104	4	26	25	30	97	31	30	98	97	102	8	103	4	27	26	29	98	30	29	99	98	101	8	102	4	28	27	28	99	29	28	100	99	100	8	101	4	100	28	4	8	100	4	9	8	4	2	9
5	118	4	119	118	5	122	6	121	9	6	122
1	121	0	121	119	0	121	120	119	120	125	119	125	124	119	124	159	119	159	158	119	158	157	119	157	156	119	156	155	119	155	154	119	154	153	119	153	152	119	152	118	119	1	122	121	123	197	120	197	125	120	197	126	125	123	198	197	196	126	197	196	127	126	123	199	198	231	127	196	231	128	127	123	200	199	230	128	231	230	129	128	123	201	200	229	129	230	229	130	129	123	202	201	228	130	229	228	131	130	123	161	202	161	203	202	227	131	228	227	132	131	161	160	203	160	204	203	226	132	227	123	162	161	123	163	162	195	204	160	123	164	163	194	204	195	123	165	164	193	204	194	123	166	165	192	204	193	226	133	132	192	205	204	225	133	226	123	167	166	191	205	192	123	168	167	190	205	191	225	134	133	190	206	205	224	134	225	123	169	168	189	206	190	123	170	169	188	206	189	123	171	170	187	206	188	224	135	134	151	118	152	187	207	206	223	135	224	123	172	171	186	207	187	123	173	172	185	207	186	223	136	135	150	118	151	185	208	207	222	136	223	123	174	173	184	208	185	123	175	174	183	208	184	123	176	175	182	208	183	222	137	136	149	118	150	182	209	208	221	137	222	123	177	176	181	209	182	123	178	177	180	209	181	123	179	178	179	209	180	123	209	179	221	138	137	148	118	149	123	210	209	220	138	221	220	139	138	147	118	148	123	211	210	219	139	220	219	140	139	146	118	147	123	212	211	218	140	219	218	141	140	145	118	146	123	213	212	217	141	218	217	142	141	144	118	145	123	214	213	216	142	217	216	143	142	143	118	144	123	215	214	215	143	216	215	118	143	123	118	215	1	123	122	1	118	123
0	5	3	119	5	0	123	9	122	8	9	123
2	118	1	4	118	2	121	7	120	6	7	121
125	11	124	10	11	125
124	12	159	11	12	124
159	13	158	12	13	159	231	85	230	84	85	231
158	14	157	13	14	158	230	86	229	85	86	230
157	15	156	14	15	157	229	87	228	86	87	229
156	16	155	15	16	156
155	17	154	16	17	155	227	89	226	88	89	227
154	18	153	17	18	154
153	19	152	18	19	153	225	91	224	90	91	225
152	20	151	19	20	152
151	21	150	20	21	151
150	22	149	21	22	150
149	23	148	22	23	149
148	24	147	23	24	148	220	96	219	95	96	220
147	25	146	24	25	147
146	26	145	25	26	146	218	98	217	97	98	218
145	27	144	26	27	145
144	28	143	27	28	144	216	100	215	99	100	216
143	29	142	28	29	143	215	101	214	100	101	215
142	30	141	29	30	142
141	31	140	30	31	141	213	103	212	102	103	213
140	32	139	31	32	140
139	33	138	32	33	139	211	105	210	104	105	211
138	34	137	33	34	138
137	35	136	34	35	137
136	36	135	35	36	136	208	108	207	107	108	208
135	37	134	36	37	135
134	38	133	37	38	134	206	110	205	109	110	206
133	39	132	38	39	133	205	111	204	110	111	205
132	40	131	39	40	132
131	41	130	40	41	131
130	42	129	41	42	130	202	114	201	113	114	202
129	43	128	42	43	129	201	115	200	114	115	201
128	44	127	43	44	128	200	116	199	115	116	200
127	45	126	44	45	127
126	10	125	45	10	126
161	47	160	46	47	161
160	48	195	47	48	160
195	49	194	48	49	195
194	50	193	49	50	194
193	51	192	50	51	193
192	52	191	51	52	192
191	53	190	52	53	191
190	54	189	53	54	190
189	55	188	54	55	189
188	56	187	55	56	188
187	57	186	56	57	187
186	58	185	57	58	186
185	59	184	58	59	185
184	60	183	59	60	184
183	61	182	60	61	183
182	62	181	61	62	182
181	63	180	62	63	181
180	64	179	63	64	180
179	65	178	64	65	179
178	66	177	65	66	178
177	67	176	66	67	177
176	68	175	67	68	176
175	69	174	68	69	175
174	70	173	69	70	174
173	71	172	70	71	173
172	72	171	71	72	172
171	73	170	72	73	171
170	74	169	73	74	170
169	75	168	74	75	169
168	76	167	75	76	168
167	77	166	76	77	167
166	78	165	77	78	166
165	79	164	78	79	165
164	80	163	79	80	164
163	81	162	80	81	163
162	46	161	81	46	162
197	83	196	82	83	197
196	84	231	83	84	196
228	88	227	87	88	228
226	90	225	89	90	226
224	92	223	91	92	224
223	93	222	92	93	223
222	94	221	93	94	222
221	95	220	94	95	221
219	97	218	96	97	219
217	99	216	98	99	217
214	102	213	101	102	214
212	104	211	103	104	212
210	106	209	105	106	210
209	107	208	106	107	209
207	109	206	108	109	207
204	112	203	111	112	204
203	113	202	112	113	203
199	117	198	116	117	199
198	82	197	117	82	198

#	Normal	97
-0	1	0
-1	0	0
-0	-1	-0
1	0	0
0	-0	1
0	0	-1
0	0.0871359	-0.996196
0	0.258815	-0.965927
0	0.422633	-0.906301
0	0.573591	-0.819142
0	0.707107	-0.707107
0	0.819168	-0.573553
0	0.906307	-0.42262
0	0.965906	-0.258893
0	0.996197	-0.087133
-0	0.996196	0.0871359
-0	0.965906	0.258893
-0	0.906313	0.422608
-0	0.819158	0.573569
-0	0.707123	0.70709
-0	0.573569	0.819158
-0	0.422633	0.906301
-0	0.258815	0.965927
-0	0.0871686	0.996194
0	-0.0871686	0.996194
0	-0.258815	0.965927
0	-0.422633	0.906301
0	-0.573569	0.819158
0	-0.707123	0.70709
0	-0.819096	0.573657
0	-0.906363	0.422499
0	-0.965906	0.258893
0	-0.996196	0.0871359
0	-0.996197	-0.087133
0	-0.965906	-0.258893
0	-0.906357	-0.422512
0	-0.819107	-0.573641
0	-0.707107	-0.707107
0	-0.573591	-0.819142
0	-0.422633	-0.906301
0	-0.258815	-0.965927
0	-0.0871359	-0.996196
0	0.0871744	-0.996193
0	0.258811	-0.965928
0	0.422603	-0.906315
0	0.573673	-0.819084
0	0.707032	-0.707181
0	0.819099	-0.573653
0	0.906357	-0.422513
0	0.965942	-0.25876
0	0.996187	-0.0872485
-0	0.996187	0.0872485
-0	0.965942	0.25876
-0	0.906357	0.422513
-0	0.819099	0.573653
-0	0.707032	0.707181
-0	0.573673	0.819084
-0	0.422603	0.906315
-0	0.258811	0.965928
-0	0.0871744	0.996193
0	-0.0871744	0.996193
0	-0.258811	0.965928
0	-0.422603	0.906315
0	-0.573533	0.819183
0	-0.707181	0.707032
0	-0.819099	0.573653
0	-0.906357	0.422513
0	-0.965942	0.25876
0	-0.996187	0.0872485
0	-0.996187	-0.0872485
0	-0.965942	-0.25876
0	-0.906357	-0.422513
0	-0.819099	-0.573653
0	-0.707181	-0.707032
0	-0.573533	-0.819183
0	-0.422603	-0.906315
0	-0.258811	-0.965928
0	-0.0871744	-0.996193
0	0.0871686	-0.996194
0	0.258784	-0.965935
0	0.819107	-0.573641
0	0.965939	-0.25877
-0	0.996197	0.087133
-0	0.965939	0.25877
-0	0.906307	0.42262
-0	0.819096	0.573657
-0	0.573591	0.819142
-0	0.258784	0.965935
0	-0.258784	0.965935
0	-0.573591	0.819142
0	-0.819158	0.573569
0	-0.906307	0.42262
0	-0.996197	0.087133
0	-0.906307	-0.42262
0	-0.819168	-0.573553
0	-0.258784	-0.965935
0	-0.0871686	-0.996194

#	Mesh	0	End

