#	Mesh	0	Begin

#	Vertex	40
-13481.7	35577.5	-50
-13481.7	35577.5	5230
-13481.7	32364.5	5230
-13481.7	32364.5	-50
-13481.7	35507.9	3950
-13481.7	34407.9	3950
-13481.7	34407.9	4450
-13481.7	35507.9	4450
-13481.7	33095.4	4150
-13481.7	32595.4	4150
-13481.7	32595.4	4350
-13481.7	33095.4	4350
-13281.7	32364.5	5230
-13281.7	32364.5	-50
-13281.7	33766.2	5230
-13281.7	33766.2	-50
-13281.7	32595.4	4150
-13281.7	33095.4	4150
-13281.7	33095.4	4350
-13281.7	32595.4	4350
-13281.7	35410.3	5230
-13281.7	35410.3	-50
-13281.7	34407.9	4450
-13281.7	34407.9	3950
-13321.9	35443.5	5230
-13321.9	35443.5	-50
-13362	35476.8	5230
-13362	35476.8	-50
-13399.3	35507.9	3950
-13399.3	35507.9	4450
-13402	35510.2	5230
-13402	35510.2	-50
-13441.9	35543.8	5230
-13441.9	35543.8	-50
-13281.7	35410.3	3950
-13321.9	35443.5	3950
-13362	35476.8	3950
-13362	35476.8	4450
-13321.9	35443.5	4450
-13281.7	35410.3	4450

#	Triangle	13
2	9	3	9	0	3	9	5	0	5	4	0	4	1	0	9	8	5	8	6	5	7	1	4	2	10	9	11	6	8	2	11	10	2	6	11	2	7	6	2	1	7
3	12	2	13	12	3	4	29	7	28	29	4	8	18	11	17	18	8
14	13	15	14	17	13	17	16	13	16	12	13	14	18	17	19	12	16	14	19	18	14	12	19	34	15	21	34	23	15	23	14	15	22	14	23	20	22	39	20	14	22
34	25	35	21	25	34	38	20	39	24	20	38
35	27	36	25	27	35	37	24	38	26	24	37
30	28	31	30	29	28
28	27	31	30	26	37
28	36	27	30	37	29
31	32	30	33	32	31
33	1	32	0	1	33
33	3	0	31	3	33	27	3	31	25	3	27	21	3	25	15	3	21	13	3	15	37	7	29	37	6	7	38	6	37	39	6	38	22	6	39	11	19	10	18	19	11
2	32	1	2	30	32	2	26	30	2	24	26	2	20	24	2	14	20	2	12	14	5	28	4	5	36	28	5	35	36	5	34	35	5	23	34	9	17	8	16	17	9
6	23	5	22	23	6	10	16	9	19	16	10

#	Normal	13
1	0	0
-0	1	0
-1	0	0
-0.636555	-0.771231	-0
-0.638997	-0.769209	-0
-0.641339	-0.767258	0
-0.641407	-0.767201	7.91839e-008
-0.641412	-0.767197	0
-0.643801	-0.765193	-0
-0.646198	-0.76317	-0
0	0	1
0	0	-1
0	-1	0

#	Mesh	0	End

