#	Mesh	0	Begin

#	Vertex	16
-13281.7	18264.5	5230
-13281.7	18264.5	-50
-13443.8	18264.5	1900
-13443.8	18264.5	100
-13281.7	18264.5	100
-13481.7	18264.5	-50
-13481.7	18264.5	5230
-13443.8	18964.5	100
-13281.7	18964.5	100
-13443.8	18964.5	1900
-13281.7	18964.5	1900
-13281.7	18264.5	1900
-13281.7	25964.5	5230
-13281.7	25964.5	-50
-13481.7	25964.5	5230
-13481.7	25964.5	-50

#	Triangle	6
4	5	1	4	3	5	3	6	5	2	6	3	0	2	11	0	6	2	7	10	9	8	10	7
12	8	13	8	1	13	8	4	1	12	10	8	12	11	10	12	0	11	7	2	3	9	2	7
13	14	12	15	14	13
15	6	14	5	6	15
5	13	1	15	13	5	9	11	2	10	11	9
0	14	6	12	14	0	3	8	7	4	8	3

#	Normal	6
0	1	-0
-1	0	0
-0	-1	-0
1	0	0
0	-0	1
0	0	-1

#	Mesh	0	End

