#	Mesh	0	Begin

#	Vertex	64
-12234.2	33057.4	-50
-12234.2	33057.4	5230
-12626.1	33310.1	5230
-12626.1	33310.1	-50
-12713.6	33178.1	0
-12713.6	33178.1	2100
-12736.6	33143.4	5230
-12736.6	33143.4	-50
-11322.8	32295.5	5230
-11322.8	32295.5	-50
-12735.8	33142.9	0
-12049.5	32731.4	0
-12049.5	32731.4	2100
-12735.8	33142.9	2100
-9837.93	31579.3	5230
-9837.93	31579.3	-50
-8294.27	31000.6	5230
-8294.27	31000.6	-50
-6704.51	30564.3	5230
-6704.51	30564.3	-50
-5081.73	30273.8	5230
-5081.73	30273.8	-50
-5081.73	30475.6	5230
-5081.73	30475.6	-50
-5181.78	30489.3	5230
-5181.78	30489.3	-50
-5281.75	30503.5	5230
-5281.75	30503.5	-50
-5742.21	30576.6	5230
-5742.21	30576.6	-50
-6200.64	30661.6	5230
-6200.64	30661.6	-50
-6656.71	30758.5	5230
-6656.71	30758.5	-50
-7110.12	30867.2	5230
-7110.12	30867.2	-50
-7560.55	30987.6	5230
-7560.55	30987.6	-50
-8007.7	31119.7	5230
-8007.7	31119.7	-50
-8451.28	31263.3	5230
-8451.28	31263.3	-50
-8890.98	31418.3	5230
-8890.98	31418.3	-50
-9326.51	31584.8	5230
-9326.51	31584.8	-50
-9757.58	31762.5	5230
-9757.58	31762.5	-50
-10183.9	31951.3	5230
-10183.9	31951.3	-50
-10605.2	32151.1	5230
-10605.2	32151.1	-50
-11021.1	32361.7	5230
-11021.1	32361.7	-50
-11431.4	32583.1	5230
-11431.4	32583.1	-50
-11835.9	32815.1	5230
-11835.9	32815.1	-50
-11952	32885.7	2100
-11952	32885.7	0
-12234.2	33057.4	0
-12626.1	33310.1	2.4869e-013
-12626.1	33310.1	2100
-12234.2	33057.4	2100

#	Triangle	42
60	3	61	0	3	60	62	1	63	2	1	62
6	4	7	6	5	4
4	3	7
4	61	3	6	62	5
6	2	62
8	11	9	8	12	11
11	7	9
11	10	7
10	6	7	13	6	10
8	13	12
8	6	13
9	14	8	15	14	9
15	16	14	17	16	15
17	18	16	19	18	17
19	20	18	21	20	19
21	22	20	23	22	21
23	24	22	25	24	23
25	26	24	27	26	25
27	28	26	29	28	27
29	30	28	31	30	29
31	32	30	33	32	31
33	34	32	35	34	33
35	36	34	37	36	35
37	38	36	39	38	37
39	40	38	41	40	39
41	42	40	43	42	41
43	44	42	45	44	43
45	46	44	47	46	45
47	48	46	49	48	47
49	50	48	51	50	49
51	52	50	53	52	51
53	54	52	55	54	53
55	56	54	57	56	55
60	57	0
60	59	57
59	56	57	58	56	59
1	58	63
1	56	58
3	9	7	0	9	3	57	9	0	55	9	57	53	9	55	53	15	9	51	15	53	49	15	51	47	15	49	47	17	15	45	17	47	43	17	45	41	17	43	39	17	41	39	19	17	37	19	39	35	19	37	33	19	35	33	21	19	31	21	33	29	21	31	27	21	29	25	21	27	23	21	25	5	12	13	62	12	5	63	12	62	58	12	63
8	2	6	8	1	2	8	56	1	8	54	56	8	52	54	14	52	8	14	50	52	14	48	50	14	46	48	16	46	14	16	44	46	16	42	44	16	40	42	16	38	40	18	38	16	18	36	38	18	34	36	18	32	34	20	32	18	20	30	32	20	28	30	20	26	28	20	24	26	20	22	24	11	4	10	11	61	4	11	60	61	11	59	60
10	5	13	4	5	10
12	59	11	58	59	12

#	Normal	42
-0.541834	-0.840485	-0
0.833368	-0.552719	0
0.833382	-0.552697	-2.1618e-005
0.833386	-0.552692	0
0.833382	-0.552697	0
0.514312	0.857603	-0
0.514313	0.857602	2.5378e-005
0.514315	0.857601	-9.52127e-006
0.513871	0.857867	-0
0.514315	0.857601	-9.95103e-007
0.514313	0.857602	1.51457e-007
0.434454	0.900694	0
0.351017	0.936369	0
0.264691	0.964333	0
0.176184	0.984357	0
-1	0	0
-0.135586	-0.990766	-0
-0.141149	-0.989988	-0
-0.156762	-0.987636	-0
-0.182336	-0.983236	-0
-0.207785	-0.978175	-0
-0.233099	-0.972453	-0
-0.258254	-0.966077	-0
-0.28323	-0.959052	-0
-0.308024	-0.951379	-0
-0.332606	-0.943066	-0
-0.35696	-0.93412	-0
-0.381081	-0.924542	-0
-0.404941	-0.914343	-0
-0.42853	-0.903527	-0
-0.451833	-0.892102	-0
-0.474826	-0.880079	-0
-0.497502	-0.867463	-0
-0.519843	-0.854262	0
-0.519847	-0.854259	-4.80114e-005
-0.519832	-0.854268	0
-0.519847	-0.854259	0
-0.519843	-0.854262	5.4337e-007
-0	0	1
0	0	-1
-0.845363	0.534192	0
0.845377	-0.53417	0

#	Mesh	0	End

