#	Mesh	0	Begin

#	Vertex	240
-25376.7	7909.53	-100
-25376.7	7909.53	5230
-13586.7	7909.53	5230
-13586.7	7909.53	-100
-18024.8	7909.53	2621.17
-18010.9	7909.53	2619.95
-17997.1	7909.53	2621.17
-17983.6	7909.53	2624.78
-17970.9	7909.53	2630.67
-17959.5	7909.53	2638.67
-17949.7	7909.53	2648.53
-17941.7	7909.53	2659.95
-17935.8	7909.53	2672.59
-17932.2	7909.53	2686.06
-17930.9	7909.53	2699.95
-17932.2	7909.53	2713.85
-17935.8	7909.53	2727.32
-17941.7	7909.53	2739.95
-17949.7	7909.53	2751.38
-17959.5	7909.53	2761.24
-17970.9	7909.53	2769.24
-17983.6	7909.53	2775.13
-17997.1	7909.53	2778.74
-18010.9	7909.53	2779.95
-18024.8	7909.53	2778.74
-18038.3	7909.53	2775.13
-18050.9	7909.53	2769.24
-18062.4	7909.53	2761.24
-18072.2	7909.53	2751.38
-18080.2	7909.53	2739.95
-18086.1	7909.53	2727.32
-18089.7	7909.53	2713.85
-18090.9	7909.53	2699.95
-18089.7	7909.53	2686.06
-18086.1	7909.53	2672.59
-18080.2	7909.53	2659.95
-18072.2	7909.53	2648.53
-18062.4	7909.53	2638.67
-18050.9	7909.53	2630.67
-18038.3	7909.53	2624.78
-17659	7909.53	2621.2
-17645.1	7909.53	2619.98
-17631.2	7909.53	2621.2
-17617.7	7909.53	2624.81
-17605.1	7909.53	2630.7
-17593.7	7909.53	2638.7
-17583.8	7909.53	2648.56
-17575.8	7909.53	2659.98
-17569.9	7909.53	2672.62
-17566.3	7909.53	2686.09
-17565.1	7909.53	2699.98
-17566.3	7909.53	2713.87
-17569.9	7909.53	2727.34
-17575.8	7909.53	2739.98
-17583.8	7909.53	2751.4
-17593.7	7909.53	2761.26
-17605.1	7909.53	2769.26
-17617.7	7909.53	2775.16
-17631.2	7909.53	2778.77
-17645.1	7909.53	2779.98
-17659	7909.53	2778.77
-17672.5	7909.53	2775.16
-17685.1	7909.53	2769.26
-17696.5	7909.53	2761.26
-17706.4	7909.53	2751.4
-17714.4	7909.53	2739.98
-17720.3	7909.53	2727.34
-17723.9	7909.53	2713.87
-17725.1	7909.53	2699.98
-17723.9	7909.53	2686.09
-17720.3	7909.53	2672.62
-17714.4	7909.53	2659.98
-17706.4	7909.53	2648.56
-17696.5	7909.53	2638.7
-17685.1	7909.53	2630.7
-17672.5	7909.53	2624.81
-15253.8	7909.53	2421.22
-15239.9	7909.53	2420
-15226	7909.53	2421.22
-15212.5	7909.53	2424.82
-15199.9	7909.53	2430.72
-15188.4	7909.53	2438.72
-15178.6	7909.53	2448.58
-15170.6	7909.53	2460
-15164.7	7909.53	2472.64
-15161.1	7909.53	2486.11
-15159.9	7909.53	2500
-15161.1	7909.53	2513.89
-15164.7	7909.53	2527.36
-15170.6	7909.53	2540
-15178.6	7909.53	2551.42
-15188.4	7909.53	2561.28
-15199.9	7909.53	2569.28
-15212.5	7909.53	2575.18
-15226	7909.53	2578.78
-15239.9	7909.53	2580
-15253.8	7909.53	2578.78
-15267.2	7909.53	2575.18
-15279.9	7909.53	2569.28
-15291.3	7909.53	2561.28
-15301.1	7909.53	2551.42
-15309.1	7909.53	2540
-15315	7909.53	2527.36
-15318.6	7909.53	2513.89
-15319.9	7909.53	2500
-15318.6	7909.53	2486.11
-15315	7909.53	2472.64
-15309.1	7909.53	2460
-15301.1	7909.53	2448.58
-15291.3	7909.53	2438.72
-15279.9	7909.53	2430.72
-15267.2	7909.53	2424.82
-16833.4	7909.53	625
-15133.4	7909.53	625
-15133.4	7909.53	1975
-16833.4	7909.53	1975
-13586.7	8062.03	5230
-13586.7	8062.03	-100
-13481.7	8062.03	5230
-13481.7	8062.03	-100
-13481.7	8214.53	5230
-13481.7	8214.53	-100
-25481.7	8214.53	5230
-25481.7	8214.53	-100
-18010.9	8214.53	2619.95
-18024.8	8214.53	2621.17
-18038.3	8214.53	2624.78
-18050.9	8214.53	2630.67
-18062.4	8214.53	2638.67
-18072.2	8214.53	2648.53
-18080.2	8214.53	2659.95
-18086.1	8214.53	2672.59
-18089.7	8214.53	2686.06
-18090.9	8214.53	2699.95
-18089.7	8214.53	2713.85
-18086.1	8214.53	2727.32
-18080.2	8214.53	2739.95
-18072.2	8214.53	2751.38
-18062.4	8214.53	2761.24
-18050.9	8214.53	2769.24
-18038.3	8214.53	2775.13
-18024.8	8214.53	2778.74
-18010.9	8214.53	2779.95
-17997.1	8214.53	2778.74
-17983.6	8214.53	2775.13
-17970.9	8214.53	2769.24
-17959.5	8214.53	2761.24
-17949.7	8214.53	2751.38
-17941.7	8214.53	2739.95
-17935.8	8214.53	2727.32
-17932.2	8214.53	2713.85
-17930.9	8214.53	2699.95
-17932.2	8214.53	2686.06
-17935.8	8214.53	2672.59
-17941.7	8214.53	2659.95
-17949.7	8214.53	2648.53
-17959.5	8214.53	2638.67
-17970.9	8214.53	2630.67
-17983.6	8214.53	2624.78
-17997.1	8214.53	2621.17
-17645.1	8214.53	2619.98
-17659	8214.53	2621.2
-17672.5	8214.53	2624.81
-17685.1	8214.53	2630.7
-17696.5	8214.53	2638.7
-17706.4	8214.53	2648.56
-17714.4	8214.53	2659.98
-17720.3	8214.53	2672.62
-17723.9	8214.53	2686.09
-17725.1	8214.53	2699.98
-17723.9	8214.53	2713.87
-17720.3	8214.53	2727.34
-17714.4	8214.53	2739.98
-17706.4	8214.53	2751.4
-17696.5	8214.53	2761.26
-17685.1	8214.53	2769.26
-17672.5	8214.53	2775.16
-17659	8214.53	2778.77
-17645.1	8214.53	2779.98
-17631.2	8214.53	2778.77
-17617.7	8214.53	2775.16
-17605.1	8214.53	2769.26
-17593.7	8214.53	2761.26
-17583.8	8214.53	2751.4
-17575.8	8214.53	2739.98
-17569.9	8214.53	2727.34
-17566.3	8214.53	2713.87
-17565.1	8214.53	2699.98
-17566.3	8214.53	2686.09
-17569.9	8214.53	2672.62
-17575.8	8214.53	2659.98
-17583.8	8214.53	2648.56
-17593.7	8214.53	2638.7
-17605.1	8214.53	2630.7
-17617.7	8214.53	2624.81
-17631.2	8214.53	2621.2
-15239.9	8214.53	2420
-15253.8	8214.53	2421.22
-15267.2	8214.53	2424.82
-15279.9	8214.53	2430.72
-15291.3	8214.53	2438.72
-15301.1	8214.53	2448.58
-15309.1	8214.53	2460
-15315	8214.53	2472.64
-15318.6	8214.53	2486.11
-15319.9	8214.53	2500
-15318.6	8214.53	2513.89
-15315	8214.53	2527.36
-15309.1	8214.53	2540
-15301.1	8214.53	2551.42
-15291.3	8214.53	2561.28
-15279.9	8214.53	2569.28
-15267.2	8214.53	2575.18
-15253.8	8214.53	2578.78
-15239.9	8214.53	2580
-15226	8214.53	2578.78
-15212.5	8214.53	2575.18
-15199.9	8214.53	2569.28
-15188.4	8214.53	2561.28
-15178.6	8214.53	2551.42
-15170.6	8214.53	2540
-15164.7	8214.53	2527.36
-15161.1	8214.53	2513.89
-15159.9	8214.53	2500
-15161.1	8214.53	2486.11
-15164.7	8214.53	2472.64
-15170.6	8214.53	2460
-15178.6	8214.53	2448.58
-15188.4	8214.53	2438.72
-15199.9	8214.53	2430.72
-15212.5	8214.53	2424.82
-15226	8214.53	2421.22
-15133.4	8214.53	625
-16833.4	8214.53	625
-16833.4	8214.53	1975
-15133.4	8214.53	1975
-25481.7	8062.03	5230
-25481.7	8062.03	-100
-25376.7	8062.03	5230
-25376.7	8062.03	-100

#	Triangle	88
2	113	3	113	0	3	113	112	0	112	1	0	2	114	113	115	1	112	2	83	114	83	82	114	82	81	114	81	80	114	80	79	114	79	78	114	78	77	114	77	115	114	77	76	115	76	111	115	111	5	115	5	4	115	4	39	115	39	1	115	110	5	111	109	5	110	108	5	109	107	5	108	2	84	83	106	5	107	2	85	84	105	5	106	2	86	85	104	5	105	2	87	86	103	5	104	2	88	87	102	5	103	2	89	88	101	5	102	2	90	89	100	5	101	2	91	90	99	5	100	2	92	91	98	5	99	2	93	92	97	5	98	2	94	93	96	5	97	2	95	94	95	5	96	2	44	95	44	43	95	43	42	95	42	41	95	41	5	95	41	6	5	40	6	41	40	7	6	75	7	40	75	8	7	38	1	39	74	8	75	74	9	8	37	1	38	2	45	44	73	9	74	73	10	9	36	1	37	2	46	45	72	10	73	72	11	10	35	1	36	2	47	46	71	11	72	71	12	11	34	1	35	2	48	47	70	12	71	70	13	12	33	1	34	2	49	48	69	13	70	69	14	13	32	1	33	2	50	49	68	14	69	68	15	14	31	1	32	2	51	50	67	15	68	67	16	15	30	1	31	2	52	51	66	16	67	66	17	16	29	1	30	2	53	52	65	17	66	65	18	17	28	1	29	2	54	53	64	18	65	64	19	18	27	1	28	2	55	54	63	19	64	63	20	19	26	1	27	2	56	55	62	20	63	62	21	20	25	1	26	2	57	56	61	21	62	61	22	21	24	1	25	2	58	57	60	22	61	60	23	22	23	1	24	2	59	58	59	23	60	59	1	23	2	1	59	117	118	116	119	118	117	237	238	236	239	238	237
3	116	2	117	116	3	119	120	118	121	120	119	112	234	115	233	234	112
122	233	123	233	121	123	233	232	121	232	120	121	122	234	233	235	120	232	122	126	234	126	125	234	125	124	234	124	235	234	124	196	235	196	231	235	231	230	235	230	229	235	229	228	235	228	227	235	227	226	235	226	120	235	124	197	196	124	198	197	124	199	198	124	200	199	124	201	200	124	202	201	124	203	202	225	120	226	124	204	203	224	120	225	124	205	204	223	120	224	124	206	205	222	120	223	124	207	206	221	120	222	124	208	207	220	120	221	124	209	208	219	120	220	124	210	209	218	120	219	124	211	210	217	120	218	124	212	211	216	120	217	124	213	212	215	120	216	124	214	213	214	120	215	124	160	214	160	195	214	195	194	214	194	193	214	193	120	214	159	160	124	159	161	160	158	161	159	158	162	161	122	127	126	157	162	158	157	163	162	122	128	127	156	163	157	156	164	163	192	120	193	122	129	128	155	164	156	155	165	164	191	120	192	122	130	129	154	165	155	154	166	165	190	120	191	122	131	130	153	166	154	153	167	166	189	120	190	122	132	131	152	167	153	152	168	167	188	120	189	122	133	132	151	168	152	151	169	168	187	120	188	122	134	133	150	169	151	150	170	169	186	120	187	122	135	134	149	170	150	149	171	170	185	120	186	122	136	135	148	171	149	148	172	171	184	120	185	122	137	136	147	172	148	147	173	172	183	120	184	122	138	137	146	173	147	146	174	173	182	120	183	122	139	138	145	174	146	145	175	174	181	120	182	122	140	139	144	175	145	144	176	175	180	120	181	122	141	140	143	176	144	143	177	176	179	120	180	122	142	141	142	177	143	142	178	177	178	120	179	122	178	142	122	120	178
123	236	122	237	236	123	239	1	238	0	1	239	114	232	113	235	232	114
121	237	123	121	239	237	121	0	239	121	117	0	117	3	0	121	119	117	115	235	114	234	235	115
238	122	236	238	120	122	2	238	1	2	116	238	116	120	238	118	120	116	113	233	112	232	233	113
5	125	4	124	125	5	77	197	76	196	197	77
4	126	39	125	126	4
39	127	38	126	127	39
38	128	37	127	128	38	74	164	73	163	164	74	110	200	109	199	200	110
37	129	36	128	129	37
36	130	35	129	130	36	108	202	107	201	202	108
35	131	34	130	131	35
34	132	33	131	132	34	70	168	69	167	168	70	106	204	105	203	204	106
33	133	32	132	133	33
32	134	31	133	134	32	68	170	67	169	170	68	104	206	103	205	206	104
31	135	30	134	135	31	103	207	102	206	207	103
30	136	29	135	136	30
29	137	28	136	137	29
28	138	27	137	138	28
27	139	26	138	139	27	63	175	62	174	175	63	99	211	98	210	211	99
26	140	25	139	140	26
25	141	24	140	141	25
24	142	23	141	142	24
23	143	22	142	143	23
22	144	21	143	144	22
21	145	20	144	145	21	57	181	56	180	181	57	93	217	92	216	217	93
20	146	19	145	146	20	56	182	55	181	182	56
19	147	18	146	147	19	55	183	54	182	183	55
18	148	17	147	148	18
17	149	16	148	149	17
16	150	15	149	150	16	88	222	87	221	222	88
15	151	14	150	151	15
14	152	13	151	152	14
13	153	12	152	153	13	49	189	48	188	189	49	85	225	84	224	225	85
12	154	11	153	154	12
11	155	10	154	155	11	83	227	82	226	227	83
10	156	9	155	156	10	46	192	45	191	192	46
9	157	8	156	157	9	45	193	44	192	193	45
8	158	7	157	158	8	44	194	43	193	194	44	80	230	79	229	230	80
7	159	6	158	159	7
6	124	5	159	124	6
41	161	40	160	161	41
40	162	75	161	162	40
75	163	74	162	163	75
73	165	72	164	165	73
72	166	71	165	166	72
71	167	70	166	167	71
69	169	68	168	169	69	105	205	104	204	205	105
67	171	66	170	171	67
66	172	65	171	172	66
65	173	64	172	173	65
64	174	63	173	174	64
62	176	61	175	176	62
61	177	60	176	177	61
60	178	59	177	178	60	96	214	95	213	214	96
59	179	58	178	179	59
58	180	57	179	180	58
54	184	53	183	184	54	90	220	89	219	220	90
53	185	52	184	185	53
52	186	51	185	186	52
51	187	50	186	187	51
50	188	49	187	188	50
48	190	47	189	190	48
47	191	46	190	191	47
43	195	42	194	195	43
42	160	41	195	160	42
76	198	111	197	198	76
111	199	110	198	199	111
109	201	108	200	201	109
107	203	106	202	203	107
102	208	101	207	208	102
101	209	100	208	209	101
100	210	99	209	210	100
98	212	97	211	212	98
97	213	96	212	213	97
95	215	94	214	215	95
94	216	93	215	216	94
92	218	91	217	218	92
91	219	90	218	219	91
89	221	88	220	221	89
87	223	86	222	223	87
86	224	85	223	224	86
84	226	83	225	226	84
82	228	81	227	228	82
81	229	80	228	229	81
79	231	78	230	231	79
78	196	77	231	196	78

#	Normal	88
0	1	-0
-1	0	0
0	-1	0
1	0	0
-0	0	1
0	0	-1
-0.0871478	0	-0.996195
-0.258797	0	-0.965932
-0.42266	0	-0.906288
-0.573552	0	-0.819169
-0.707081	0	-0.707133
-0.819169	0	-0.573553
-0.906327	0	-0.422577
-0.965923	0	-0.258831
-0.996198	0	-0.0871161
-0.996198	0	0.0871176
-0.965923	0	0.258831
-0.90633	0	0.42257
-0.819163	0	0.573561
-0.707081	0	0.707133
-0.573552	0	0.819169
-0.42266	0	0.906288
-0.258797	0	0.965932
-0.0871652	0	0.996194
0.0871774	-0	0.996193
0.258797	-0	0.965932
0.422607	-0	0.906313
0.573617	-0	0.819123
0.707081	-0	0.707133
0.819163	-0	0.573561
0.90633	-0	0.42257
0.965923	-0	0.258831
0.996186	-0	0.0872566
0.996186	0	-0.0872551
0.965923	0	-0.258831
0.906327	0	-0.422577
0.819169	0	-0.573553
0.707081	0	-0.707133
0.573617	0	-0.819123
0.422607	0	-0.906313
0.258797	0	-0.965932
0.08716	0	-0.996194
-0.0871652	0	-0.996194
-0.258832	0	-0.965922
-0.422607	0	-0.906313
-0.707151	0	-0.707063
-0.819097	0	-0.573655
-0.90633	0	-0.42257
-0.996198	0	-0.0871176
-0.965924	0	0.258826
-0.906327	0	0.422577
-0.819103	0	0.573647
-0.707151	0	0.707063
-0.422607	0	0.906313
-0.258832	0	0.965922
-0.0871478	0	0.996195
0.0871478	-0	0.996195
0.258832	-0	0.965922
0.819169	-0	0.573553
0.906273	-0	0.422692
0.965924	-0	0.258826
0.996198	-0	0.0871176
0.996198	0	-0.0871176
0.906277	0	-0.422685
0.819163	0	-0.573561
0.258832	0	-0.965922
0.0871652	0	-0.996194
-0.258831	0	-0.965923
-0.422633	0	-0.906301
-0.707107	0	-0.707107
-0.906303	0	-0.422628
-0.906303	0	0.422628
-0.819169	0	0.573553
-0.707107	0	0.707107
-0.422633	0	0.906301
-0.258831	0	0.965923
0.0871539	-0	0.996195
0.258831	-0	0.965923
0.573585	-0	0.819146
0.707107	-0	0.707107
0.906303	-0	0.422628
0.996192	-0	0.0871871
0.996192	0	-0.0871871
0.906303	0	-0.422628
0.707107	0	-0.707107
0.573585	0	-0.819146
0.258831	0	-0.965923
0.0871539	0	-0.996195

#	Mesh	0	End

