#	Mesh	0	Begin

#	Vertex	152
-35531.7	-30135.5	-50
-35531.7	-30135.5	5230
-35731.7	-30135.5	5230
-35731.7	-30135.5	-50
-35731.7	-43185.5	5230
-35731.7	-43185.5	-50
-35731.7	-37565	4211.16
-35731.7	-37578.9	4212.38
-35731.7	-37592.3	4215.99
-35731.7	-37605	4221.88
-35731.7	-37616.4	4229.88
-35731.7	-37626.3	4239.74
-35731.7	-37634.3	4251.16
-35731.7	-37640.1	4263.8
-35731.7	-37643.8	4277.27
-35731.7	-37645	4291.16
-35731.7	-37643.8	4305.05
-35731.7	-37640.1	4318.52
-35731.7	-37634.3	4331.16
-35731.7	-37626.3	4342.59
-35731.7	-37616.4	4352.45
-35731.7	-37605	4360.44
-35731.7	-37592.3	4366.34
-35731.7	-37578.9	4369.95
-35731.7	-37565	4371.16
-35731.7	-37551.1	4369.95
-35731.7	-37537.6	4366.34
-35731.7	-37525	4360.44
-35731.7	-37513.5	4352.45
-35731.7	-37503.7	4342.59
-35731.7	-37495.7	4331.16
-35731.7	-37489.8	4318.52
-35731.7	-37486.2	4305.05
-35731.7	-37485	4291.16
-35731.7	-37486.2	4277.27
-35731.7	-37489.8	4263.8
-35731.7	-37495.7	4251.16
-35731.7	-37503.7	4239.74
-35731.7	-37513.5	4229.88
-35731.7	-37525	4221.88
-35731.7	-37537.6	4215.99
-35731.7	-37551.1	4212.38
-35731.7	-37884.9	4210.14
-35731.7	-37898.8	4211.36
-35731.7	-37912.3	4214.97
-35731.7	-37924.9	4220.86
-35731.7	-37936.3	4228.86
-35731.7	-37946.2	4238.72
-35731.7	-37954.2	4250.14
-35731.7	-37960.1	4262.78
-35731.7	-37963.7	4276.25
-35731.7	-37964.9	4290.14
-35731.7	-37963.7	4304.04
-35731.7	-37960.1	4317.51
-35731.7	-37954.2	4330.14
-35731.7	-37946.2	4341.57
-35731.7	-37936.3	4351.43
-35731.7	-37924.9	4359.43
-35731.7	-37912.3	4365.32
-35731.7	-37898.8	4368.93
-35731.7	-37884.9	4370.14
-35731.7	-37871	4368.93
-35731.7	-37857.5	4365.32
-35731.7	-37844.9	4359.43
-35731.7	-37833.5	4351.43
-35731.7	-37823.6	4341.57
-35731.7	-37815.6	4330.14
-35731.7	-37809.7	4317.51
-35731.7	-37806.1	4304.04
-35731.7	-37804.9	4290.14
-35731.7	-37806.1	4276.25
-35731.7	-37809.7	4262.78
-35731.7	-37815.6	4250.14
-35731.7	-37823.6	4238.72
-35731.7	-37833.5	4228.86
-35731.7	-37844.9	4220.86
-35731.7	-37857.5	4214.97
-35731.7	-37871	4211.36
-35531.7	-43185.5	5230
-35531.7	-43185.5	-50
-35531.7	-37578.9	4212.38
-35531.7	-37565	4211.16
-35531.7	-37551.1	4212.38
-35531.7	-37537.6	4215.99
-35531.7	-37525	4221.88
-35531.7	-37513.5	4229.88
-35531.7	-37503.7	4239.74
-35531.7	-37495.7	4251.16
-35531.7	-37489.8	4263.8
-35531.7	-37486.2	4277.27
-35531.7	-37485	4291.16
-35531.7	-37486.2	4305.05
-35531.7	-37489.8	4318.52
-35531.7	-37495.7	4331.16
-35531.7	-37503.7	4342.59
-35531.7	-37513.5	4352.45
-35531.7	-37525	4360.44
-35531.7	-37537.6	4366.34
-35531.7	-37551.1	4369.95
-35531.7	-37565	4371.16
-35531.7	-37578.9	4369.95
-35531.7	-37592.3	4366.34
-35531.7	-37605	4360.44
-35531.7	-37616.4	4352.45
-35531.7	-37626.3	4342.59
-35531.7	-37634.3	4331.16
-35531.7	-37640.1	4318.52
-35531.7	-37643.8	4305.05
-35531.7	-37645	4291.16
-35531.7	-37643.8	4277.27
-35531.7	-37640.1	4263.8
-35531.7	-37634.3	4251.16
-35531.7	-37626.3	4239.74
-35531.7	-37616.4	4229.88
-35531.7	-37605	4221.88
-35531.7	-37592.3	4215.99
-35531.7	-37898.8	4211.36
-35531.7	-37884.9	4210.14
-35531.7	-37871	4211.36
-35531.7	-37857.5	4214.97
-35531.7	-37844.9	4220.86
-35531.7	-37833.5	4228.86
-35531.7	-37823.6	4238.72
-35531.7	-37815.6	4250.14
-35531.7	-37809.7	4262.78
-35531.7	-37806.1	4276.25
-35531.7	-37804.9	4290.14
-35531.7	-37806.1	4304.04
-35531.7	-37809.7	4317.51
-35531.7	-37815.6	4330.14
-35531.7	-37823.6	4341.57
-35531.7	-37833.5	4351.43
-35531.7	-37844.9	4359.43
-35531.7	-37857.5	4365.32
-35531.7	-37871	4368.93
-35531.7	-37884.9	4370.14
-35531.7	-37898.8	4368.93
-35531.7	-37912.3	4365.32
-35531.7	-37924.9	4359.43
-35531.7	-37936.3	4351.43
-35531.7	-37946.2	4341.57
-35531.7	-37954.2	4330.14
-35531.7	-37960.1	4317.51
-35531.7	-37963.7	4304.04
-35531.7	-37964.9	4290.14
-35531.7	-37963.7	4276.25
-35531.7	-37960.1	4262.78
-35531.7	-37954.2	4250.14
-35531.7	-37946.2	4238.72
-35531.7	-37936.3	4228.86
-35531.7	-37924.9	4220.86
-35531.7	-37912.3	4214.97

#	Triangle	64
0	2	1	3	2	0
4	3	5	4	43	3	43	42	3	42	6	3	6	41	3	41	2	3	77	6	42	77	7	6	4	44	43	76	7	77	76	8	7	40	2	41	4	45	44	75	8	76	75	9	8	39	2	40	4	46	45	74	9	75	74	10	9	38	2	39	4	47	46	73	10	74	73	11	10	37	2	38	4	48	47	72	11	73	72	12	11	36	2	37	4	49	48	71	12	72	71	13	12	35	2	36	4	50	49	70	13	71	70	14	13	34	2	35	4	51	50	69	14	70	69	15	14	33	2	34	4	52	51	68	15	69	68	16	15	32	2	33	4	53	52	67	16	68	67	17	16	31	2	32	4	54	53	66	17	67	66	18	17	30	2	31	4	55	54	65	18	66	65	19	18	29	2	30	4	56	55	64	19	65	64	20	19	28	2	29	4	57	56	63	20	64	63	21	20	27	2	28	4	58	57	62	21	63	62	22	21	26	2	27	4	59	58	61	22	62	61	23	22	25	2	26	4	60	59	60	23	61	60	24	23	24	2	25	4	24	60	4	2	24
5	78	4	79	78	5
1	79	0	1	82	79	82	81	79	81	117	79	117	116	79	116	78	79	81	118	117	80	118	81	80	119	118	151	78	116	1	83	82	115	119	80	115	120	119	150	78	151	1	84	83	114	120	115	114	121	120	149	78	150	1	85	84	113	121	114	113	122	121	148	78	149	1	86	85	112	122	113	112	123	122	147	78	148	1	87	86	111	123	112	111	124	123	146	78	147	1	88	87	110	124	111	110	125	124	145	78	146	1	89	88	109	125	110	109	126	125	144	78	145	1	90	89	108	126	109	108	127	126	143	78	144	1	91	90	107	127	108	107	128	127	142	78	143	1	92	91	106	128	107	106	129	128	141	78	142	1	93	92	105	129	106	105	130	129	140	78	141	1	94	93	104	130	105	104	131	130	139	78	140	1	95	94	103	131	104	103	132	131	138	78	139	1	96	95	102	132	103	102	133	132	137	78	138	1	97	96	101	133	102	101	134	133	136	78	137	1	98	97	100	134	101	100	135	134	135	78	136	1	99	98	99	135	100	99	78	135	1	78	99
0	5	3	79	5	0
2	78	1	4	78	2
81	7	80	6	7	81	117	43	116	42	43	117
80	8	115	7	8	80	116	44	151	43	44	116
115	9	114	8	9	115
114	10	113	9	10	114	150	46	149	45	46	150
113	11	112	10	11	113
112	12	111	11	12	112	148	48	147	47	48	148
111	13	110	12	13	111
110	14	109	13	14	110	146	50	145	49	50	146
109	15	108	14	15	109
108	16	107	15	16	108
107	17	106	16	17	107	143	53	142	52	53	143
106	18	105	17	18	106
105	19	104	18	19	105
104	20	103	19	20	104
103	21	102	20	21	103
102	22	101	21	22	102
101	23	100	22	23	101	137	59	136	58	59	137
100	24	99	23	24	100	136	60	135	59	60	136
99	25	98	24	25	99	135	61	134	60	61	135
98	26	97	25	26	98	134	62	133	61	62	134
97	27	96	26	27	97
96	28	95	27	28	96
95	29	94	28	29	95
94	30	93	29	30	94
93	31	92	30	31	93
92	32	91	31	32	92	128	68	127	67	68	128
91	33	90	32	33	91
90	34	89	33	34	90
89	35	88	34	35	89	125	71	124	70	71	125
88	36	87	35	36	88
87	37	86	36	37	87
86	38	85	37	38	86
85	39	84	38	39	85
84	40	83	39	40	84
83	41	82	40	41	83	119	77	118	76	77	119
82	6	81	41	6	82	118	42	117	77	42	118
151	45	150	44	45	151
149	47	148	46	47	149
147	49	146	48	49	147
145	51	144	50	51	145
144	52	143	51	52	144
142	54	141	53	54	142
141	55	140	54	55	141
140	56	139	55	56	140
139	57	138	56	57	139
138	58	137	57	58	138
133	63	132	62	63	133
132	64	131	63	64	132
131	65	130	64	65	131
130	66	129	65	66	130
129	67	128	66	67	129
127	69	126	68	69	127
126	70	125	69	70	126
124	72	123	71	72	124
123	73	122	72	73	123
122	74	121	73	74	122
121	75	120	74	75	121
120	76	119	75	76	120

#	Normal	64
-0	-1	-0
1	0	0
-0	1	0
-1	0	0
-0	0	1
-0	-0	-1
-0	-0.08716	-0.996194
-0	-0.258848	-0.965918
-0	-0.422567	-0.906332
-0	-0.573617	-0.819123
-0	-0.707142	-0.707072
-0	-0.819097	-0.573655
-0	-0.90628	-0.422678
-0	-0.965923	-0.258831
-0	-0.996198	-0.0871192
0	-0.996198	0.0871161
0	-0.965923	0.258831
0	-0.906273	0.422692
0	-0.819109	0.573639
0	-0.707142	0.707072
0	-0.573617	0.819123
0	-0.422539	0.906345
0	-0.258848	0.965918
0	-0.08716	0.996194
0	0.0871357	0.996196
0	0.258848	0.965918
0	0.422646	0.906295
0	0.573617	0.819123
0	0.707002	0.707212
0	0.81924	0.573451
0	0.906273	0.422692
0	0.965923	0.258831
0	0.996198	0.0871161
0	0.996198	-0.0871192
0	0.965923	-0.258831
0	0.90628	-0.422678
0	0.819229	-0.573467
0	0.707002	-0.707212
0	0.573617	-0.819123
0	0.422675	-0.906282
0	0.258848	-0.965918
0	0.0871357	-0.996196
-0	-0.422539	-0.906345
-0	-0.707159	-0.707054
-0	-0.906273	-0.422692
-0	-0.996198	-0.0871161
0	-0.996198	0.0871192
0	-0.90628	0.422678
0	-0.819097	0.573655
0	-0.707159	0.707054
0	-0.573594	0.81914
0	-0.422567	0.906332
0	0.422675	0.906282
0	0.573462	0.819232
0	0.707159	0.707054
0	0.819097	0.573655
0	0.906387	0.422448
0	0.996198	0.0871192
0	0.996198	-0.0871161
0	0.906381	-0.422462
0	0.819097	-0.573655
0	0.707159	-0.707054
0	0.573486	-0.819215
0	0.422646	-0.906295

#	Mesh	0	End

