#	Mesh	0	Begin

#	Vertex	40
-13931.7	914.525	-100
-13931.7	914.525	4550
-13931.7	1219.53	4550
-13931.7	1219.53	-100
-21631.7	1219.53	4550
-19451.1	1219.53	4550
-19451.1	1219.53	3820
-21551.1	1219.53	3820
-21551.1	1219.53	4550
-21631.7	1219.53	-100
-17079.6	1219.53	4550
-17079.6	1219.53	3820
-19179.6	1219.53	3820
-19179.6	1219.53	4550
-21181.7	1219.53	2100
-19681.7	1219.53	2100
-19681.7	1219.53	0
-21181.7	1219.53	0
-16789.7	1219.53	3675
-17039.7	1219.53	3675
-17039.7	1219.53	3825
-16789.7	1219.53	3825
-21631.7	914.525	4550
-21631.7	914.525	-100
-21551.1	914.525	4550
-21551.1	914.525	3820
-19451.1	914.525	3820
-19451.1	914.525	4550
-19179.6	914.525	4550
-19179.6	914.525	3820
-17079.6	914.525	3820
-17079.6	914.525	4550
-19681.7	914.525	2100
-21181.7	914.525	2100
-21181.7	914.525	0
-19681.7	914.525	0
-17039.7	914.525	3675
-16789.7	914.525	3675
-16789.7	914.525	3825
-17039.7	914.525	3825

#	Triangle	6
0	2	1	3	2	0	25	8	24	7	8	25	29	13	28	12	13	29	17	33	34	14	33	17	36	20	39	19	20	36
4	17	9	17	3	9	17	16	3	16	2	3	4	7	17	7	14	17	15	2	16	7	15	14	7	19	15	19	18	15	18	2	15	7	6	19	6	12	19	12	11	19	11	20	19	21	2	18	4	8	7	5	12	6	5	13	12	10	20	11	10	21	20	10	2	21
9	22	4	23	22	9	27	6	26	5	6	27	31	11	30	10	11	31	15	35	32	16	35	15	38	18	37	21	18	38
1	35	0	35	23	0	35	34	23	34	22	23	1	32	35	33	25	34	25	22	34	1	33	32	1	37	33	37	36	33	36	25	33	1	38	37	39	30	36	30	29	36	29	26	36	26	25	36	39	31	30	28	26	29	28	27	26	24	22	25	1	39	38	1	31	39
0	9	3	23	9	0	14	32	33	15	32	14	39	21	38	20	21	39
8	22	24	4	22	8	27	13	5	28	13	27	31	2	10	1	2	31	26	7	25	6	7	26	30	12	29	11	12	30	16	34	35	17	34	16	37	19	36	18	19	37

#	Normal	6
-1	0	0
0	-1	0
1	0	0
0	1	-0
0	0	1
0	0	-1

#	Mesh	0	End

