#	Mesh	0	Begin

#	Vertex	176
-4831.73	68414.5	-51.5953
-4831.73	68414.5	4650
-4831.73	68214.5	4650
-4831.73	68214.5	-51.5953
2868.27	68214.5	4650
2868.27	68214.5	-51.5953
2343.27	68214.5	-5.00222e-012
2343.27	68214.5	3600
543.267	68214.5	3600
-2456.73	68214.5	3600
-4256.73	68214.5	3600
-4256.73	68214.5	-5.00222e-012
-2456.73	68214.5	-5.00222e-012
543.267	68214.5	-5.00222e-012
-906.468	68214.5	4424.6
593.532	68214.5	4424.6
593.532	68214.5	4644.6
-906.468	68214.5	4644.6
2768.27	68214.5	-50
2771.74	68214.5	-49.6962
2775.11	68214.5	-48.7939
2778.27	68214.5	-47.3205
2781.12	68214.5	-45.3209
2783.59	68214.5	-42.8558
2785.59	68214.5	-40
2787.06	68214.5	-36.8404
2787.96	68214.5	-33.473
2788.27	68214.5	-30
2787.96	68214.5	-26.527
2787.06	68214.5	-23.1596
2785.59	68214.5	-20
2783.59	68214.5	-17.1442
2781.12	68214.5	-14.6791
2778.27	68214.5	-12.6795
2775.11	68214.5	-11.2061
2771.74	68214.5	-10.3038
2768.27	68214.5	-10
2764.79	68214.5	-10.3038
2761.43	68214.5	-11.2061
2758.27	68214.5	-12.6795
2755.41	68214.5	-14.6791
2752.95	68214.5	-17.1442
2750.95	68214.5	-20
2749.47	68214.5	-23.1596
2748.57	68214.5	-26.527
2748.27	68214.5	-30
2748.57	68214.5	-33.473
2749.47	68214.5	-36.8404
2750.95	68214.5	-40
2752.95	68214.5	-42.8558
2755.41	68214.5	-45.3209
2758.27	68214.5	-47.3205
2761.43	68214.5	-48.7939
2764.79	68214.5	-49.6962
2468.27	68214.5	-50
2471.74	68214.5	-49.6962
2475.11	68214.5	-48.7939
2478.27	68214.5	-47.3205
2481.12	68214.5	-45.3209
2483.59	68214.5	-42.8558
2485.59	68214.5	-40
2487.06	68214.5	-36.8404
2487.96	68214.5	-33.473
2488.27	68214.5	-30
2487.96	68214.5	-26.527
2487.06	68214.5	-23.1596
2485.59	68214.5	-20
2483.59	68214.5	-17.1442
2481.12	68214.5	-14.6791
2478.27	68214.5	-12.6795
2475.11	68214.5	-11.2061
2471.74	68214.5	-10.3038
2468.27	68214.5	-10
2464.79	68214.5	-10.3038
2461.43	68214.5	-11.2061
2458.27	68214.5	-12.6795
2455.41	68214.5	-14.6791
2452.95	68214.5	-17.1442
2450.95	68214.5	-20
2449.47	68214.5	-23.1596
2448.57	68214.5	-26.527
2448.27	68214.5	-30
2448.57	68214.5	-33.473
2449.47	68214.5	-36.8404
2450.95	68214.5	-40
2452.95	68214.5	-42.8558
2455.41	68214.5	-45.3209
2458.27	68214.5	-47.3205
2461.43	68214.5	-48.7939
2464.79	68214.5	-49.6962
2868.27	68414.5	4650
2868.27	68414.5	-51.5953
2343.27	68414.5	3600
2343.27	68414.5	-5.00222e-012
543.267	68414.5	-5.00222e-012
-2456.73	68414.5	-5.00222e-012
-4256.73	68414.5	-5.00222e-012
-4256.73	68414.5	3600
-2456.73	68414.5	3600
543.267	68414.5	3600
593.532	68414.5	4424.6
-906.468	68414.5	4424.6
-906.468	68414.5	4644.6
593.532	68414.5	4644.6
2771.74	68414.5	-49.6962
2768.27	68414.5	-50
2764.79	68414.5	-49.6962
2761.43	68414.5	-48.7939
2758.27	68414.5	-47.3205
2755.41	68414.5	-45.3209
2752.95	68414.5	-42.8558
2750.95	68414.5	-40
2749.47	68414.5	-36.8404
2748.57	68414.5	-33.473
2748.27	68414.5	-30
2748.57	68414.5	-26.527
2749.47	68414.5	-23.1596
2750.95	68414.5	-20
2752.95	68414.5	-17.1442
2755.41	68414.5	-14.6791
2758.27	68414.5	-12.6795
2761.43	68414.5	-11.2061
2764.79	68414.5	-10.3038
2768.27	68414.5	-10
2771.74	68414.5	-10.3038
2775.11	68414.5	-11.2061
2778.27	68414.5	-12.6795
2781.12	68414.5	-14.6791
2783.59	68414.5	-17.1442
2785.59	68414.5	-20
2787.06	68414.5	-23.1596
2787.96	68414.5	-26.527
2788.27	68414.5	-30
2787.96	68414.5	-33.473
2787.06	68414.5	-36.8404
2785.59	68414.5	-40
2783.59	68414.5	-42.8558
2781.12	68414.5	-45.3209
2778.27	68414.5	-47.3205
2775.11	68414.5	-48.7939
2471.74	68414.5	-49.6962
2468.27	68414.5	-50
2464.79	68414.5	-49.6962
2461.43	68414.5	-48.7939
2458.27	68414.5	-47.3205
2455.41	68414.5	-45.3209
2452.95	68414.5	-42.8558
2450.95	68414.5	-40
2449.47	68414.5	-36.8404
2448.57	68414.5	-33.473
2448.27	68414.5	-30
2448.57	68414.5	-26.527
2449.47	68414.5	-23.1596
2450.95	68414.5	-20
2452.95	68414.5	-17.1442
2455.41	68414.5	-14.6791
2458.27	68414.5	-12.6795
2461.43	68414.5	-11.2061
2464.79	68414.5	-10.3038
2468.27	68414.5	-10
2471.74	68414.5	-10.3038
2475.11	68414.5	-11.2061
2478.27	68414.5	-12.6795
2481.12	68414.5	-14.6791
2483.59	68414.5	-17.1442
2485.59	68414.5	-20
2487.06	68414.5	-23.1596
2487.96	68414.5	-26.527
2488.27	68414.5	-30
2487.96	68414.5	-33.473
2487.06	68414.5	-36.8404
2485.59	68414.5	-40
2483.59	68414.5	-42.8558
2481.12	68414.5	-45.3209
2478.27	68414.5	-47.3205
2475.11	68414.5	-48.7939

#	Triangle	42
0	2	1	3	2	0	6	92	93	7	92	6	100	16	103	15	16	100
4	27	5	27	26	5	26	25	5	25	24	5	24	23	5	23	22	5	22	21	5	21	20	5	20	19	5	19	18	5	18	3	5	18	54	3	54	89	3	89	88	3	88	87	3	87	6	3	6	13	3	13	12	3	12	11	3	11	2	3	53	54	18	53	55	54	52	55	53	52	56	55	51	56	52	51	57	56	50	57	51	50	58	57	86	6	87	49	58	50	49	59	58	85	6	86	48	59	49	48	60	59	84	6	85	47	60	48	47	61	60	83	6	84	46	61	47	46	62	61	82	6	83	45	62	46	45	63	62	81	6	82	4	28	27	44	63	45	44	64	63	80	6	81	4	29	28	43	64	44	43	65	64	79	6	80	4	30	29	42	65	43	42	66	65	78	6	79	4	31	30	41	66	42	41	67	66	77	6	78	4	32	31	40	67	41	40	68	67	76	6	77	4	33	32	39	68	40	39	69	68	75	6	76	4	34	33	38	69	39	38	70	69	74	6	75	4	35	34	37	70	38	37	71	70	73	6	74	4	36	35	36	71	37	36	72	71	72	6	73	4	72	36	4	6	72	4	7	6	10	2	11	4	8	7	4	9	8	4	10	9	4	15	10	15	14	10	14	2	10	4	16	15	17	2	14	4	17	16	4	2	17
5	90	4	91	90	5	10	96	97	11	96	10	102	14	101	17	14	102
1	96	0	96	144	0	144	143	0	143	142	0	142	141	0	141	91	0	141	105	91	105	104	91	104	139	91	139	138	91	138	137	91	137	136	91	136	135	91	135	134	91	134	133	91	133	132	91	132	90	91	140	105	141	140	106	105	175	106	140	175	107	106	174	107	175	174	108	107	96	145	144	173	108	174	173	109	108	96	146	145	172	109	173	172	110	109	96	147	146	171	110	172	171	111	110	96	148	147	170	111	171	170	112	111	96	149	148	169	112	170	169	113	112	96	150	149	168	113	169	168	114	113	96	151	150	167	114	168	167	115	114	131	90	132	96	152	151	166	115	167	166	116	115	130	90	131	96	153	152	165	116	166	165	117	116	129	90	130	96	154	153	164	117	165	164	118	117	128	90	129	96	155	154	163	118	164	163	119	118	127	90	128	96	156	155	162	119	163	162	120	119	126	90	127	96	157	156	161	120	162	161	121	120	125	90	126	96	158	157	160	121	161	160	122	121	124	90	125	96	159	158	159	122	160	159	123	122	123	90	124	96	123	159	96	95	123	95	94	123	94	93	123	93	90	123	1	97	96	92	90	93	1	98	97	1	99	98	1	92	99	1	101	92	101	100	92	100	90	92	1	102	101	103	90	100	1	103	102	1	90	103
0	5	3	91	5	0	9	97	98	10	97	9	7	99	92	8	99	7	8	98	99	9	98	8	103	17	102	16	17	103
2	90	1	4	90	2	11	95	96	12	95	11	13	93	94	6	93	13	12	94	95	13	94	12	101	15	100	14	15	101
105	19	104	18	19	105	141	55	140	54	55	141
104	20	139	19	20	104	140	56	175	55	56	140
139	21	138	20	21	139	175	57	174	56	57	175
138	22	137	21	22	138	174	58	173	57	58	174
137	23	136	22	23	137	173	59	172	58	59	173
136	24	135	23	24	136	172	60	171	59	60	172
135	25	134	24	25	135	171	61	170	60	61	171
134	26	133	25	26	134	170	62	169	61	62	170
133	27	132	26	27	133	169	63	168	62	63	169
132	28	131	27	28	132	168	64	167	63	64	168
131	29	130	28	29	131	167	65	166	64	65	167
130	30	129	29	30	130	166	66	165	65	66	166
129	31	128	30	31	129	165	67	164	66	67	165
128	32	127	31	32	128	164	68	163	67	68	164
127	33	126	32	33	127	163	69	162	68	69	163
126	34	125	33	34	126	162	70	161	69	70	162
125	35	124	34	35	125	161	71	160	70	71	161
124	36	123	35	36	124	160	72	159	71	72	160
123	37	122	36	37	123	159	73	158	72	73	159
122	38	121	37	38	122	158	74	157	73	74	158
121	39	120	38	39	121	157	75	156	74	75	157
120	40	119	39	40	120	156	76	155	75	76	156
119	41	118	40	41	119	155	77	154	76	77	155
118	42	117	41	42	118	154	78	153	77	78	154
117	43	116	42	43	117	153	79	152	78	79	153
116	44	115	43	44	116	152	80	151	79	80	152
115	45	114	44	45	115	151	81	150	80	81	151
114	46	113	45	46	114	150	82	149	81	82	150
113	47	112	46	47	113	149	83	148	82	83	149
112	48	111	47	48	112	148	84	147	83	84	148
111	49	110	48	49	111	147	85	146	84	85	147
110	50	109	49	50	110	146	86	145	85	86	146
109	51	108	50	51	109	145	87	144	86	87	145
108	52	107	51	52	108	144	88	143	87	88	144
107	53	106	52	53	107	143	89	142	88	89	143
106	18	105	53	18	106	142	54	141	89	54	142

#	Normal	42
1	0	0
0	1	-0
-1	0	0
0	-1	0
0	0	1
0	0	-1
0.0871572	0	-0.996195
0.258819	0	-0.965926
0.422611	0	-0.906311
0.573582	0	-0.819148
0.707114	0	-0.7071
0.819166	0	-0.573556
0.906303	0	-0.422629
0.965923	0	-0.25883
0.996192	0	-0.0871871
0.996192	0	0.0871871
0.965923	0	0.25883
0.906303	0	0.422629
0.819167	0	0.573556
0.707114	0	0.7071
0.573582	0	0.819148
0.422611	0	0.906311
0.258819	0	0.965926
0.0871574	0	0.996195
-0.0871514	0	0.996195
-0.258819	0	0.965926
-0.422637	0	0.906299
-0.573549	0	0.819171
-0.707114	0	0.7071
-0.819167	0	0.573556
-0.906303	0	0.422629
-0.965923	0	0.25883
-0.996198	0	0.0871176
-0.996198	-0	-0.0871176
-0.965923	-0	-0.25883
-0.906303	-0	-0.422629
-0.819166	-0	-0.573556
-0.707114	-0	-0.7071
-0.573549	-0	-0.819171
-0.422638	-0	-0.906299
-0.258819	-0	-0.965926
-0.0871511	-0	-0.996195

#	Mesh	0	End

