#	Mesh	0	Begin

#	Vertex	480
11518.3	59564.5	-50
11518.3	59564.5	5230
11518.3	51428.7	5230
11518.3	51428.7	-50
11518.3	59264.5	4130
11518.3	58664.5	4130
11518.3	58664.5	4550
11518.3	59264.5	4550
11518.3	55237.9	3850
11518.3	54937.9	3850
11518.3	54937.9	4050
11518.3	55237.9	4050
11518.3	54864.2	3850
11518.3	54564.2	3850
11518.3	54564.2	4050
11518.3	54864.2	4050
11518.3	54502.5	3850
11518.3	54202.5	3850
11518.3	54202.5	4050
11518.3	54502.5	4050
11518.3	55255.2	4150
11518.3	54555.2	4150
11518.3	54555.2	4350
11518.3	55255.2	4350
11518.3	58107.7	4304.99
11518.3	58102.2	4304.51
11518.3	58096.7	4304.99
11518.3	58091.4	4306.41
11518.3	58086.5	4308.73
11518.3	58082	4311.88
11518.3	58078.1	4315.76
11518.3	58074.9	4320.26
11518.3	58072.6	4325.23
11518.3	58071.2	4330.54
11518.3	58070.7	4336.01
11518.3	58071.2	4341.48
11518.3	58072.6	4346.78
11518.3	58074.9	4351.76
11518.3	58078.1	4356.26
11518.3	58082	4360.14
11518.3	58086.5	4363.29
11518.3	58091.4	4365.61
11518.3	58096.7	4367.03
11518.3	58102.2	4367.51
11518.3	58107.7	4367.03
11518.3	58113	4365.61
11518.3	58118	4363.29
11518.3	58122.5	4360.14
11518.3	58126.3	4356.26
11518.3	58129.5	4351.76
11518.3	58131.8	4346.78
11518.3	58133.2	4341.48
11518.3	58133.7	4336.01
11518.3	58133.2	4330.54
11518.3	58131.8	4325.23
11518.3	58129.5	4320.26
11518.3	58126.3	4315.76
11518.3	58122.5	4311.88
11518.3	58118	4308.73
11518.3	58113	4306.41
11518.3	57869.6	4299.7
11518.3	57863.1	4299.13
11518.3	57856.6	4299.7
11518.3	57850.3	4301.39
11518.3	57844.4	4304.16
11518.3	57839	4307.91
11518.3	57834.4	4312.53
11518.3	57830.6	4317.88
11518.3	57827.9	4323.81
11518.3	57826.2	4330.12
11518.3	57825.6	4336.63
11518.3	57826.2	4343.14
11518.3	57827.9	4349.46
11518.3	57830.6	4355.38
11518.3	57834.4	4360.74
11518.3	57839	4365.36
11518.3	57844.4	4369.11
11518.3	57850.3	4371.87
11518.3	57856.6	4373.56
11518.3	57863.1	4374.13
11518.3	57869.6	4373.56
11518.3	57875.9	4371.87
11518.3	57881.9	4369.11
11518.3	57887.2	4365.36
11518.3	57891.8	4360.74
11518.3	57895.6	4355.38
11518.3	57898.3	4349.46
11518.3	57900	4343.14
11518.3	57900.6	4336.63
11518.3	57900	4330.12
11518.3	57898.3	4323.81
11518.3	57895.6	4317.88
11518.3	57891.8	4312.53
11518.3	57887.2	4307.91
11518.3	57881.9	4304.16
11518.3	57875.9	4301.39
11518.3	57636.3	4299.7
11518.3	57629.8	4299.13
11518.3	57623.2	4299.7
11518.3	57616.9	4301.39
11518.3	57611	4304.16
11518.3	57605.6	4307.9
11518.3	57601	4312.53
11518.3	57597.3	4317.88
11518.3	57594.5	4323.81
11518.3	57592.8	4330.12
11518.3	57592.3	4336.63
11518.3	57592.8	4343.14
11518.3	57594.5	4349.46
11518.3	57597.3	4355.38
11518.3	57601	4360.74
11518.3	57605.6	4365.36
11518.3	57611	4369.11
11518.3	57616.9	4371.87
11518.3	57623.2	4373.56
11518.3	57629.8	4374.13
11518.3	57636.3	4373.56
11518.3	57642.6	4371.87
11518.3	57648.5	4369.11
11518.3	57653.9	4365.36
11518.3	57658.5	4360.74
11518.3	57662.2	4355.38
11518.3	57665	4349.46
11518.3	57666.7	4343.14
11518.3	57667.3	4336.63
11518.3	57666.7	4330.12
11518.3	57665	4323.81
11518.3	57662.2	4317.88
11518.3	57658.5	4312.53
11518.3	57653.9	4307.9
11518.3	57648.5	4304.16
11518.3	57642.6	4301.39
11518.3	52062	3998.14
11518.3	52047.2	3996.85
11518.3	52032.5	3998.14
11518.3	52018.1	4001.97
11518.3	52004.7	4008.23
11518.3	51992.6	4016.73
11518.3	51982.1	4027.21
11518.3	51973.6	4039.35
11518.3	51967.3	4052.77
11518.3	51963.5	4067.09
11518.3	51962.2	4081.85
11518.3	51963.5	4096.61
11518.3	51967.3	4110.92
11518.3	51973.6	4124.35
11518.3	51982.1	4136.48
11518.3	51992.6	4146.96
11518.3	52004.7	4155.46
11518.3	52018.1	4161.72
11518.3	52032.5	4165.56
11518.3	52047.2	4166.85
11518.3	52062	4165.56
11518.3	52076.3	4161.72
11518.3	52089.7	4155.46
11518.3	52101.9	4146.96
11518.3	52112.3	4136.48
11518.3	52120.8	4124.35
11518.3	52127.1	4110.92
11518.3	52130.9	4096.61
11518.3	52132.2	4081.85
11518.3	52130.9	4067.09
11518.3	52127.1	4052.77
11518.3	52120.8	4039.35
11518.3	52112.3	4027.21
11518.3	52101.9	4016.73
11518.3	52089.7	4008.23
11518.3	52076.3	4001.97
11518.3	51757	4003.67
11518.3	51742.2	4002.38
11518.3	51727.5	4003.67
11518.3	51713.2	4007.51
11518.3	51699.7	4013.77
11518.3	51687.6	4022.27
11518.3	51677.1	4032.74
11518.3	51668.6	4044.88
11518.3	51662.4	4058.31
11518.3	51658.5	4072.62
11518.3	51657.2	4087.38
11518.3	51658.5	4102.14
11518.3	51662.4	4116.45
11518.3	51668.6	4129.88
11518.3	51677.1	4142.02
11518.3	51687.6	4152.49
11518.3	51699.7	4160.99
11518.3	51713.2	4167.25
11518.3	51727.5	4171.09
11518.3	51742.2	4172.38
11518.3	51757	4171.09
11518.3	51771.3	4167.25
11518.3	51784.7	4160.99
11518.3	51796.9	4152.49
11518.3	51807.4	4142.02
11518.3	51815.9	4129.88
11518.3	51822.1	4116.45
11518.3	51826	4102.14
11518.3	51827.2	4087.38
11518.3	51826	4072.62
11518.3	51822.1	4058.31
11518.3	51815.9	4044.88
11518.3	51807.4	4032.74
11518.3	51796.9	4022.27
11518.3	51784.7	4013.77
11518.3	51771.3	4007.51
11518.3	52343.3	3941.24
11518.3	52337.8	3940.76
11518.3	52332.4	3941.24
11518.3	52327.1	3942.66
11518.3	52322.1	3944.98
11518.3	52317.6	3948.13
11518.3	52313.7	3952.01
11518.3	52310.5	3956.51
11518.3	52308.2	3961.48
11518.3	52306.8	3966.79
11518.3	52306.3	3972.26
11518.3	52306.8	3977.73
11518.3	52308.2	3983.03
11518.3	52310.5	3988.01
11518.3	52313.7	3992.5
11518.3	52317.6	3996.39
11518.3	52322.1	3999.54
11518.3	52327.1	4001.86
11518.3	52332.4	4003.28
11518.3	52337.8	4003.76
11518.3	52343.3	4003.28
11518.3	52348.6	4001.86
11518.3	52353.6	3999.54
11518.3	52358.1	3996.39
11518.3	52362	3992.5
11518.3	52365.1	3988.01
11518.3	52367.4	3983.03
11518.3	52368.8	3977.73
11518.3	52369.3	3972.26
11518.3	52368.8	3966.79
11518.3	52367.4	3961.48
11518.3	52365.1	3956.51
11518.3	52362	3952.01
11518.3	52358.1	3948.13
11518.3	52353.6	3944.98
11518.3	52348.6	3942.66
11718.3	51256.9	5230
11718.3	51256.9	-50
11718.3	59564.5	5230
11718.3	59564.5	-50
11718.3	58664.5	4130
11718.3	59264.5	4130
11718.3	59264.5	4550
11718.3	58664.5	4550
11718.3	54937.9	3850
11718.3	55237.9	3850
11718.3	55237.9	4050
11718.3	54937.9	4050
11718.3	54564.2	3850
11718.3	54864.2	3850
11718.3	54864.2	4050
11718.3	54564.2	4050
11718.3	54202.5	3850
11718.3	54502.5	3850
11718.3	54502.5	4050
11718.3	54202.5	4050
11718.3	54555.2	4150
11718.3	55255.2	4150
11718.3	55255.2	4350
11718.3	54555.2	4350
11718.3	58102.2	4304.51
11718.3	58107.7	4304.99
11718.3	58113	4306.41
11718.3	58118	4308.73
11718.3	58122.5	4311.88
11718.3	58126.3	4315.76
11718.3	58129.5	4320.26
11718.3	58131.8	4325.23
11718.3	58133.2	4330.54
11718.3	58133.7	4336.01
11718.3	58133.2	4341.48
11718.3	58131.8	4346.78
11718.3	58129.5	4351.76
11718.3	58126.3	4356.26
11718.3	58122.5	4360.14
11718.3	58118	4363.29
11718.3	58113	4365.61
11718.3	58107.7	4367.03
11718.3	58102.2	4367.51
11718.3	58096.7	4367.03
11718.3	58091.4	4365.61
11718.3	58086.5	4363.29
11718.3	58082	4360.14
11718.3	58078.1	4356.26
11718.3	58074.9	4351.76
11718.3	58072.6	4346.78
11718.3	58071.2	4341.48
11718.3	58070.7	4336.01
11718.3	58071.2	4330.54
11718.3	58072.6	4325.23
11718.3	58074.9	4320.26
11718.3	58078.1	4315.76
11718.3	58082	4311.88
11718.3	58086.5	4308.73
11718.3	58091.4	4306.41
11718.3	58096.7	4304.99
11718.3	57863.1	4299.13
11718.3	57869.6	4299.7
11718.3	57875.9	4301.39
11718.3	57881.9	4304.16
11718.3	57887.2	4307.91
11718.3	57891.8	4312.53
11718.3	57895.6	4317.88
11718.3	57898.3	4323.81
11718.3	57900	4330.12
11718.3	57900.6	4336.63
11718.3	57900	4343.14
11718.3	57898.3	4349.46
11718.3	57895.6	4355.38
11718.3	57891.8	4360.74
11718.3	57887.2	4365.36
11718.3	57881.9	4369.11
11718.3	57875.9	4371.87
11718.3	57869.6	4373.56
11718.3	57863.1	4374.13
11718.3	57856.6	4373.56
11718.3	57850.3	4371.87
11718.3	57844.4	4369.11
11718.3	57839	4365.36
11718.3	57834.4	4360.74
11718.3	57830.6	4355.38
11718.3	57827.9	4349.46
11718.3	57826.2	4343.14
11718.3	57825.6	4336.63
11718.3	57826.2	4330.12
11718.3	57827.9	4323.81
11718.3	57830.6	4317.88
11718.3	57834.4	4312.53
11718.3	57839	4307.91
11718.3	57844.4	4304.16
11718.3	57850.3	4301.39
11718.3	57856.6	4299.7
11718.3	57629.8	4299.13
11718.3	57636.3	4299.7
11718.3	57642.6	4301.39
11718.3	57648.5	4304.16
11718.3	57653.9	4307.9
11718.3	57658.5	4312.53
11718.3	57662.2	4317.88
11718.3	57665	4323.81
11718.3	57666.7	4330.12
11718.3	57667.3	4336.63
11718.3	57666.7	4343.14
11718.3	57665	4349.46
11718.3	57662.2	4355.38
11718.3	57658.5	4360.74
11718.3	57653.9	4365.36
11718.3	57648.5	4369.11
11718.3	57642.6	4371.87
11718.3	57636.3	4373.56
11718.3	57629.8	4374.13
11718.3	57623.2	4373.56
11718.3	57616.9	4371.87
11718.3	57611	4369.11
11718.3	57605.6	4365.36
11718.3	57601	4360.74
11718.3	57597.3	4355.38
11718.3	57594.5	4349.46
11718.3	57592.8	4343.14
11718.3	57592.3	4336.63
11718.3	57592.8	4330.12
11718.3	57594.5	4323.81
11718.3	57597.3	4317.88
11718.3	57601	4312.53
11718.3	57605.6	4307.9
11718.3	57611	4304.16
11718.3	57616.9	4301.39
11718.3	57623.2	4299.7
11718.3	52047.2	3996.85
11718.3	52062	3998.14
11718.3	52076.3	4001.97
11718.3	52089.7	4008.23
11718.3	52101.9	4016.73
11718.3	52112.3	4027.21
11718.3	52120.8	4039.35
11718.3	52127.1	4052.77
11718.3	52130.9	4067.09
11718.3	52132.2	4081.85
11718.3	52130.9	4096.61
11718.3	52127.1	4110.92
11718.3	52120.8	4124.35
11718.3	52112.3	4136.48
11718.3	52101.9	4146.96
11718.3	52089.7	4155.46
11718.3	52076.3	4161.72
11718.3	52062	4165.56
11718.3	52047.2	4166.85
11718.3	52032.5	4165.56
11718.3	52018.1	4161.72
11718.3	52004.7	4155.46
11718.3	51992.6	4146.96
11718.3	51982.1	4136.48
11718.3	51973.6	4124.35
11718.3	51967.3	4110.92
11718.3	51963.5	4096.61
11718.3	51962.2	4081.85
11718.3	51963.5	4067.09
11718.3	51967.3	4052.77
11718.3	51973.6	4039.35
11718.3	51982.1	4027.21
11718.3	51992.6	4016.73
11718.3	52004.7	4008.23
11718.3	52018.1	4001.97
11718.3	52032.5	3998.14
11718.3	51742.2	4002.38
11718.3	51757	4003.67
11718.3	51771.3	4007.51
11718.3	51784.7	4013.77
11718.3	51796.9	4022.27
11718.3	51807.4	4032.74
11718.3	51815.9	4044.88
11718.3	51822.1	4058.31
11718.3	51826	4072.62
11718.3	51827.2	4087.38
11718.3	51826	4102.14
11718.3	51822.1	4116.45
11718.3	51815.9	4129.88
11718.3	51807.4	4142.02
11718.3	51796.9	4152.49
11718.3	51784.7	4160.99
11718.3	51771.3	4167.25
11718.3	51757	4171.09
11718.3	51742.2	4172.38
11718.3	51727.5	4171.09
11718.3	51713.2	4167.25
11718.3	51699.7	4160.99
11718.3	51687.6	4152.49
11718.3	51677.1	4142.02
11718.3	51668.6	4129.88
11718.3	51662.4	4116.45
11718.3	51658.5	4102.14
11718.3	51657.2	4087.38
11718.3	51658.5	4072.62
11718.3	51662.4	4058.31
11718.3	51668.6	4044.88
11718.3	51677.1	4032.74
11718.3	51687.6	4022.27
11718.3	51699.7	4013.77
11718.3	51713.2	4007.51
11718.3	51727.5	4003.67
11718.3	52337.8	3940.76
11718.3	52343.3	3941.24
11718.3	52348.6	3942.66
11718.3	52353.6	3944.98
11718.3	52358.1	3948.13
11718.3	52362	3952.01
11718.3	52365.1	3956.51
11718.3	52367.4	3961.48
11718.3	52368.8	3966.79
11718.3	52369.3	3972.26
11718.3	52368.8	3977.73
11718.3	52367.4	3983.03
11718.3	52365.1	3988.01
11718.3	52362	3992.5
11718.3	52358.1	3996.39
11718.3	52353.6	3999.54
11718.3	52348.6	4001.86
11718.3	52343.3	4003.28
11718.3	52337.8	4003.76
11718.3	52332.4	4003.28
11718.3	52327.1	4001.86
11718.3	52322.1	3999.54
11718.3	52317.6	3996.39
11718.3	52313.7	3992.5
11718.3	52310.5	3988.01
11718.3	52308.2	3983.03
11718.3	52306.8	3977.73
11718.3	52306.3	3972.26
11718.3	52306.8	3966.79
11718.3	52308.2	3961.48
11718.3	52310.5	3956.51
11718.3	52313.7	3952.01
11718.3	52317.6	3948.13
11718.3	52322.1	3944.98
11718.3	52327.1	3942.66
11718.3	52332.4	3941.24

#	Triangle	166
2	177	3	177	176	3	176	175	3	175	174	3	174	173	3	173	172	3	172	171	3	171	170	3	170	169	3	169	135	3	135	134	3	134	133	3	133	211	3	211	210	3	210	209	3	209	208	3	208	207	3	207	206	3	206	205	3	205	0	3	205	17	0	17	16	0	16	13	0	13	12	0	12	9	0	9	8	0	8	5	0	5	4	0	4	1	0	205	18	17	19	13	16	19	14	13	15	9	12	15	10	9	11	5	8	204	18	205	239	18	204	238	18	239	237	18	238	236	18	237	235	18	236	133	212	211	234	18	235	133	213	212	233	18	234	133	214	213	232	18	233	133	215	214	231	18	232	133	216	215	230	18	231	133	217	216	229	18	230	133	218	217	228	18	229	133	219	218	227	18	228	133	220	219	226	18	227	132	220	133	167	220	132	167	221	220	225	18	226	167	222	221	224	18	225	169	136	135	166	222	167	168	136	169	166	223	222	223	18	224	203	136	168	166	18	223	202	136	203	202	137	136	165	18	166	201	137	202	201	138	137	164	18	165	200	138	201	200	139	138	163	18	164	199	139	200	199	140	139	162	18	163	198	140	199	162	19	18	162	14	19	162	15	14	162	10	15	162	11	10	162	5	11	198	141	140	161	5	162	197	141	198	197	142	141	160	5	161	2	178	177	196	142	197	196	143	142	159	5	160	2	179	178	195	143	196	195	144	143	158	5	159	2	180	179	194	144	195	194	145	144	157	5	158	2	181	180	193	145	194	193	146	145	156	5	157	2	182	181	192	146	193	156	21	5	21	20	5	20	97	5	97	61	5	61	60	5	60	95	5	95	25	5	25	24	5	24	59	5	59	6	5	7	1	4	192	147	146	155	21	156	2	183	182	191	147	192	191	148	147	154	21	155	154	22	21	23	97	20	2	184	183	190	148	191	190	149	148	153	22	154	2	185	184	189	149	190	189	150	149	152	22	153	189	151	150	151	22	152	189	22	151	2	186	185	188	22	189	2	187	186	187	22	188	2	22	187	23	98	97	96	61	97	96	62	61	23	99	98	131	62	96	131	63	62	23	100	99	130	63	131	130	64	63	94	25	95	23	101	100	129	64	130	129	65	64	93	25	94	93	26	25	93	27	26	93	28	27	58	6	59	23	102	101	128	65	129	128	66	65	92	28	93	92	29	28	57	6	58	92	30	29	56	6	57	23	103	102	127	66	128	127	67	66	91	30	92	91	31	30	55	6	56	23	104	103	126	67	127	126	68	67	90	31	91	90	32	31	54	6	55	23	105	104	125	68	126	125	69	68	89	32	90	89	33	32	53	6	54	23	106	105	124	69	125	124	70	69	88	33	89	88	34	33	52	6	53	88	35	34	51	6	52	23	107	106	123	70	124	123	71	70	87	35	88	87	36	35	50	6	51	23	108	107	122	71	123	122	72	71	86	36	87	86	37	36	49	6	50	23	109	108	121	72	122	121	73	72	85	37	86	2	23	22	2	109	23	85	38	37	48	6	49	2	110	109	120	73	121	120	74	73	84	38	85	84	39	38	47	6	48	84	40	39	46	6	47	2	111	110	119	74	120	119	75	74	83	40	84	83	41	40	45	6	46	2	112	111	118	75	119	118	76	75	82	41	83	82	42	41	44	6	45	82	43	42	43	6	44	82	6	43	2	113	112	117	76	118	117	77	76	81	6	82	2	114	113	116	77	117	116	78	77	80	6	81	2	115	114	115	78	116	115	79	78	79	6	80	2	79	115	2	6	79	2	7	6	2	1	7
3	240	2	241	240	3
242	245	243	245	241	243	245	249	241	249	248	241	248	253	241	253	252	241	252	257	241	257	256	241	256	444	241	444	479	241	479	478	241	478	477	241	477	476	241	476	475	241	475	372	241	372	407	241	407	406	241	406	408	241	408	443	241	443	442	241	442	441	241	441	440	241	440	439	241	439	438	241	438	437	241	437	240	241	245	250	249	251	253	248	251	254	253	255	257	252	255	258	257	259	444	256	259	445	444	259	446	445	259	447	446	259	448	447	259	449	448	259	450	449	474	372	475	259	451	450	473	372	474	259	452	451	472	372	473	259	453	452	471	372	472	259	454	453	470	372	471	259	455	454	469	372	470	259	456	455	468	372	469	259	457	456	467	372	468	259	458	457	466	372	467	259	459	458	465	372	466	465	373	372	465	374	373	259	460	459	464	374	465	259	461	460	463	374	464	463	375	374	405	408	406	405	409	408	259	462	461	462	375	463	405	410	409	259	375	462	405	411	410	259	376	375	404	411	405	404	412	411	259	377	376	403	412	404	403	413	412	259	378	377	402	413	403	402	414	413	259	379	378	401	414	402	401	415	414	245	251	250	245	254	251	245	255	254	245	258	255	245	259	258	245	379	259	245	380	379	400	415	401	400	416	415	436	240	437	245	381	380	399	416	400	399	417	416	435	240	436	245	382	381	398	417	399	398	418	417	434	240	435	245	383	382	397	418	398	397	419	418	433	240	434	245	384	383	396	419	397	396	420	419	432	240	433	245	244	384	244	385	384	395	420	396	395	421	420	431	240	432	242	246	245	247	266	244	266	265	244	265	264	244	264	302	244	302	301	244	301	300	244	300	336	244	336	261	244	261	385	244	261	386	385	394	421	395	394	422	421	430	240	431	261	260	386	260	387	386	393	422	394	336	262	261	263	387	260	393	423	422	429	240	430	263	388	387	392	423	393	392	424	423	428	240	429	263	389	388	391	424	392	263	390	389	390	424	391	263	424	390	263	425	424	427	240	428	263	426	425	426	240	427	263	240	426	300	337	336	371	262	336	335	337	300	335	338	337	370	262	371	334	338	335	334	339	338	369	262	370	264	303	302	333	339	334	333	340	339	368	262	369	264	304	303	332	340	333	299	304	264	298	304	299	247	267	266	297	304	298	332	341	340	367	262	368	297	305	304	331	341	332	247	268	267	296	305	297	247	269	268	295	305	296	331	342	341	366	262	367	295	306	305	330	342	331	247	270	269	294	306	295	330	343	342	365	262	366	294	307	306	329	343	330	247	271	270	293	307	294	329	344	343	364	262	365	293	308	307	328	344	329	247	272	271	292	308	293	328	345	344	363	262	364	292	309	308	327	345	328	247	273	272	291	309	292	247	274	273	290	309	291	327	346	345	362	262	363	290	310	309	326	346	327	247	275	274	289	310	290	326	347	346	361	262	362	289	311	310	325	347	326	247	276	275	288	311	289	325	348	347	360	262	361	288	312	311	324	348	325	360	263	262	360	240	263	247	277	276	287	312	288	324	349	348	359	240	360	287	313	312	323	349	324	247	278	277	286	313	287	247	279	278	285	313	286	323	350	349	358	240	359	285	314	313	322	350	323	247	280	279	284	314	285	322	351	350	357	240	358	284	315	314	321	351	322	247	281	280	283	315	284	247	282	281	282	315	283	247	315	282	321	352	351	356	240	357	247	316	315	320	352	321	320	353	352	355	240	356	247	317	316	319	353	320	319	354	353	354	240	355	247	318	317	318	354	319	318	240	354	247	240	318	242	247	246	242	240	247
243	1	242	0	1	243	6	244	5	247	244	6	10	248	9	251	248	10	14	252	13	255	252	14	18	256	17	259	256	18	22	260	21	263	260	22
0	241	3	243	241	0	7	247	6	246	247	7	11	251	10	250	251	11	15	255	14	254	255	15	19	259	18	258	259	19	23	263	22	262	263	23
2	242	1	240	242	2	5	245	4	244	245	5	9	249	8	248	249	9	13	253	12	252	253	13	17	257	16	256	257	17	21	261	20	260	261	21
4	246	7	245	246	4	8	250	11	249	250	8	12	254	15	253	254	12	16	258	19	257	258	16	20	262	23	261	262	20
25	265	24	264	265	25
24	266	59	265	266	24
59	267	58	266	267	59	239	447	238	446	447	239
58	268	57	267	268	58	238	448	237	447	448	238
57	269	56	268	269	57
56	270	55	269	270	56
55	271	54	270	271	55	235	451	234	450	451	235
54	272	53	271	272	54
53	273	52	272	273	53	233	453	232	452	453	233
52	274	51	273	274	52
51	275	50	274	275	51
50	276	49	275	276	50
49	277	48	276	277	49
48	278	47	277	278	48
47	279	46	278	279	47	227	459	226	458	459	227
46	280	45	279	280	46
45	281	44	280	281	45	117	353	116	352	353	117
44	282	43	281	282	44	224	462	223	461	462	224
43	283	42	282	283	43
42	284	41	283	284	42
41	285	40	284	285	41
40	286	39	285	286	40
39	287	38	286	287	39
38	288	37	287	288	38
37	289	36	288	289	37
36	290	35	289	290	36
35	291	34	290	291	35
34	292	33	291	292	34
33	293	32	292	293	33
32	294	31	293	294	32	212	474	211	473	474	212
31	295	30	294	295	31
30	296	29	295	296	30
29	297	28	296	297	29
28	298	27	297	298	28	208	478	207	477	478	208
27	299	26	298	299	27
26	264	25	299	264	26
61	301	60	300	301	61	97	337	96	336	337	97
60	302	95	301	302	60
95	303	94	302	303	95
94	304	93	303	304	94
93	305	92	304	305	93
92	306	91	305	306	92
91	307	90	306	307	91
90	308	89	307	308	90	126	344	125	343	344	126
89	309	88	308	309	89	125	345	124	344	345	125
88	310	87	309	310	88	124	346	123	345	346	124
87	311	86	310	311	87	123	347	122	346	347	123
86	312	85	311	312	86
85	313	84	312	313	85
84	314	83	313	314	84
83	315	82	314	315	83
82	316	81	315	316	82
81	317	80	316	317	81
80	318	79	317	318	80	116	354	115	353	354	116
79	319	78	318	319	79	115	355	114	354	355	115
78	320	77	319	320	78
77	321	76	320	321	77
76	322	75	321	322	76	112	358	111	357	358	112
75	323	74	322	323	75	111	359	110	358	359	111
74	324	73	323	324	74	110	360	109	359	360	110
73	325	72	324	325	73
72	326	71	325	326	72	108	362	107	361	362	108
71	327	70	326	327	71
70	328	69	327	328	70
69	329	68	328	329	69	105	365	104	364	365	105
68	330	67	329	330	68
67	331	66	330	331	67	103	367	102	366	367	103
66	332	65	331	332	66	102	368	101	367	368	102
65	333	64	332	333	65	101	369	100	368	369	101
64	334	63	333	334	64
63	335	62	334	335	63
62	300	61	335	300	62	98	336	97	371	336	98
96	338	131	337	338	96
131	339	130	338	339	131
130	340	129	339	340	130
129	341	128	340	341	129
128	342	127	341	342	128
127	343	126	342	343	127
122	348	121	347	348	122
121	349	120	348	349	121
120	350	119	349	350	120
119	351	118	350	351	119
118	352	117	351	352	118
114	356	113	355	356	114
113	357	112	356	357	113
109	361	108	360	361	109
107	363	106	362	363	107
106	364	105	363	364	106
104	366	103	365	366	104
100	370	99	369	370	100
99	371	98	370	371	99
133	373	132	372	373	133	169	409	168	408	409	169
132	374	167	373	374	132	168	410	203	409	410	168
167	375	166	374	375	167	203	411	202	410	411	203
166	376	165	375	376	166	202	412	201	411	412	202
165	377	164	376	377	165	201	413	200	412	413	201
164	378	163	377	378	164	200	414	199	413	414	200
163	379	162	378	379	163	199	415	198	414	415	199
162	380	161	379	380	162	198	416	197	415	416	198
161	381	160	380	381	161	197	417	196	416	417	197
160	382	159	381	382	160	196	418	195	417	418	196
159	383	158	382	383	159	195	419	194	418	419	195
158	384	157	383	384	158	194	420	193	419	420	194
157	385	156	384	385	157	193	421	192	420	421	193
156	386	155	385	386	156	192	422	191	421	422	192
155	387	154	386	387	155	191	423	190	422	423	191
154	388	153	387	388	154	190	424	189	423	424	190
153	389	152	388	389	153	189	425	188	424	425	189
152	390	151	389	390	152	188	426	187	425	426	188
151	391	150	390	391	151	187	427	186	426	427	187
150	392	149	391	392	150	186	428	185	427	428	186
149	393	148	392	393	149	185	429	184	428	429	185
148	394	147	393	394	148
147	395	146	394	395	147
146	396	145	395	396	146	182	432	181	431	432	182
145	397	144	396	397	145	181	433	180	432	433	181
144	398	143	397	398	144	180	434	179	433	434	180
143	399	142	398	399	143	179	435	178	434	435	179
142	400	141	399	400	142	178	436	177	435	436	178
141	401	140	400	401	141	177	437	176	436	437	177
140	402	139	401	402	140	176	438	175	437	438	176
139	403	138	402	403	139	175	439	174	438	439	175
138	404	137	403	404	138
137	405	136	404	405	137
136	406	135	405	406	136	172	442	171	441	442	172
135	407	134	406	407	135	171	443	170	442	443	171
134	372	133	407	372	134	170	408	169	443	408	170
184	430	183	429	430	184
183	431	182	430	431	183
174	440	173	439	440	174
173	441	172	440	441	173
205	445	204	444	445	205
204	446	239	445	446	204
237	449	236	448	449	237
236	450	235	449	450	236
234	452	233	451	452	234
232	454	231	453	454	232
231	455	230	454	455	231
230	456	229	455	456	230
229	457	228	456	457	229
228	458	227	457	458	228
226	460	225	459	460	226
225	461	224	460	461	225
223	463	222	462	463	223
222	464	221	463	464	222
221	465	220	464	465	221
220	466	219	465	466	220
219	467	218	466	467	219
218	468	217	467	468	218
217	469	216	468	469	217
216	470	215	469	470	216
215	471	214	470	471	215
214	472	213	471	472	214
213	473	212	472	473	213
211	475	210	474	475	211
210	476	209	475	476	210
209	477	208	476	477	209
207	479	206	478	479	207
206	444	205	479	444	206

#	Normal	166
1	0	0
0.651468	0.758676	0
-1	0	0
-0	-1	-0
-0	0	1
0	0	-1
-0	1	0
0	0.087167	-0.996194
0	0.258819	-0.965926
0	0.422574	-0.906328
0	0.573725	-0.819048
0	0.707107	-0.707107
0	0.819219	-0.57348
0	0.906328	-0.422574
0	0.965892	-0.258946
0	0.996164	-0.0875045
-0	0.996165	0.0874968
-0	0.965892	0.258946
-0	0.906313	0.422608
-0	0.819249	0.573438
-0	0.707062	0.707151
-0	0.573725	0.819048
-0	0.422647	0.906294
-0	0.258736	0.965948
-0	0.087167	0.996194
0	-0.0871052	0.996199
0	-0.258914	0.9659
0	-0.422647	0.906294
0	-0.573391	0.819282
0	-0.707062	0.707151
0	-0.819249	0.573438
0	-0.906313	0.422608
0	-0.965892	0.258946
0	-0.996227	0.0867908
0	-0.996226	-0.0867985
0	-0.965892	-0.258946
0	-0.906328	-0.422574
0	-0.819219	-0.57348
0	-0.707107	-0.707107
0	-0.573391	-0.819282
0	-0.422574	-0.906328
0	-0.258997	-0.965878
0	-0.0871052	-0.996199
0	0.0871744	-0.996193
0	0.258885	-0.965908
0	0.422489	-0.906368
0	0.573813	-0.818986
0	0.706883	-0.707331
0	0.819379	-0.573252
0	0.906128	-0.423004
0	0.965942	-0.25876
0	0.996187	-0.0872485
-0	0.996187	0.0872485
-0	0.965942	0.25876
-0	0.906128	0.423004
-0	0.819379	0.573252
-0	0.706883	0.707331
-0	0.573813	0.818986
-0	0.422489	0.906368
-0	0.258885	0.965908
-0	0.0871744	0.996193
0	-0.0871744	0.996193
0	-0.258736	0.965948
0	-0.422718	0.906261
0	-0.573533	0.819183
0	-0.707181	0.707032
0	-0.819099	0.573653
0	-0.906128	0.423004
0	-0.965942	0.25876
0	-0.996238	0.0866554
0	-0.996238	-0.0866554
0	-0.965942	-0.25876
0	-0.906128	-0.423004
0	-0.819099	-0.573653
0	-0.707181	-0.707032
0	-0.573533	-0.819183
0	-0.422718	-0.906261
0	-0.258736	-0.965948
0	-0.0871744	-0.996193
0	0.258666	-0.965967
0	0.422779	-0.906233
0	0.573533	-0.819183
0	0.707181	-0.707032
0	0.819099	-0.573653
0	0.906357	-0.422513
-0	0.906357	0.422513
-0	0.819099	0.573653
-0	0.707181	0.707032
-0	0.573533	0.819183
-0	0.422718	0.906261
0	-0.258885	0.965908
0	-0.422489	0.906368
0	-0.906357	0.422513
0	-0.996187	0.0872485
0	-0.996187	-0.0872485
0	-0.906357	-0.422513
0	-0.42255	-0.90634
0	-0.258816	-0.965927
0	0.0871637	-0.996194
0	0.2588	-0.965931
0	0.422582	-0.906325
0	0.573591	-0.819142
0	0.707115	-0.707099
0	0.819225	-0.573472
0	0.906307	-0.42262
0	0.965906	-0.258893
0	0.996185	-0.0872638
-0	0.996185	0.0872653
-0	0.965906	0.258893
-0	0.906307	0.42262
-0	0.81923	0.573465
-0	0.707107	0.707107
-0	0.573591	0.819142
-0	0.422582	0.906325
-0	0.258815	0.965927
-0	0.0871473	0.996195
0	-0.0871244	0.996197
0	-0.258815	0.965927
0	-0.422683	0.906277
0	-0.573591	0.819142
0	-0.706975	0.707239
0	-0.81923	0.573465
0	-0.906307	0.42262
0	-0.965906	0.258893
0	-0.996208	0.0870036
0	-0.996208	-0.0870022
0	-0.965906	-0.258893
0	-0.906307	-0.42262
0	-0.819225	-0.573472
0	-0.706983	-0.70723
0	-0.573591	-0.819142
0	-0.422683	-0.906277
0	-0.2588	-0.965931
0	-0.0871408	-0.996196
0	-0.573467	0.819229
0	-0.707107	0.707107
0	-0.707115	-0.707099
0	-0.573467	-0.819229
0	0.0872111	-0.99619
0	0.258778	-0.965937
0	0.707085	-0.707129
0	0.8189	-0.573937
0	0.966069	-0.258283
-0	0.996164	0.0875006
-0	0.966069	0.258283
-0	0.906321	0.422591
-0	0.818914	0.573916
-0	0.707085	0.707129
-0	0.422574	0.906328
-0	0.258778	0.965937
0	-0.087167	0.996194
0	-0.258778	0.965937
0	-0.422574	0.906328
0	-0.573725	0.819048
0	-0.707085	0.707129
0	-0.818914	0.573916
0	-0.906321	0.422591
0	-0.966069	0.258283
0	-0.996164	0.0875006
0	-0.996164	-0.0875045
0	-0.966069	-0.258283
0	-0.8189	-0.573937
0	-0.707085	-0.707129
0	-0.573725	-0.819048
0	-0.258778	-0.965937
0	-0.0872111	-0.99619

#	Mesh	0	End

