#	Mesh	0	Begin

#	Vertex	80
12254.7	50598.6	-51.5953
12254.7	50598.6	3600
12352.4	50712.4	3600
12352.4	50712.4	-51.5953
11328.2	51591.9	3600
11328.2	51591.9	-51.5953
11416.6	51516	-50
11413.9	51518.3	-49.6962
11411.4	51520.4	-48.7939
11409	51522.5	-47.3205
11406.8	51524.4	-45.3209
11404.9	51526	-42.8558
11403.4	51527.3	-40
11402.3	51528.2	-36.8404
11401.6	51528.8	-33.473
11401.4	51529	-30
11401.6	51528.8	-26.527
11402.3	51528.2	-23.1596
11403.4	51527.3	-20
11404.9	51526	-17.1442
11406.8	51524.4	-14.6791
11409	51522.5	-12.6795
11411.4	51520.4	-11.2061
11413.9	51518.3	-10.3038
11416.6	51516	-10
11419.2	51513.7	-10.3038
11421.8	51511.5	-11.2061
11424.1	51509.5	-12.6795
11426.3	51507.6	-14.6791
11428.2	51506	-17.1442
11429.7	51504.7	-20
11430.8	51503.7	-23.1596
11431.5	51503.2	-26.527
11431.7	51503	-30
11431.5	51503.2	-33.473
11430.8	51503.7	-36.8404
11429.7	51504.7	-40
11428.2	51506	-42.8558
11426.3	51507.6	-45.3209
11424.1	51509.5	-47.3205
11421.8	51511.5	-48.7939
11419.2	51513.7	-49.6962
11230.5	51478.1	3600
11230.5	51478.1	-51.5953
11316.2	51404.4	-49.6962
11318.8	51402.2	-50
11321.5	51399.9	-49.6962
11324	51397.7	-48.7939
11326.4	51395.7	-47.3205
11328.6	51393.8	-45.3209
11330.5	51392.2	-42.8558
11332	51390.9	-40
11333.1	51389.9	-36.8404
11333.8	51389.4	-33.473
11334	51389.2	-30
11333.8	51389.4	-26.527
11333.1	51389.9	-23.1596
11332	51390.9	-20
11330.5	51392.2	-17.1442
11328.6	51393.8	-14.6791
11326.4	51395.7	-12.6795
11324	51397.7	-11.2061
11321.5	51399.9	-10.3038
11318.8	51402.2	-10
11316.2	51404.4	-10.3038
11313.7	51406.6	-11.2061
11311.3	51408.7	-12.6795
11309.1	51410.6	-14.6791
11307.2	51412.2	-17.1442
11305.7	51413.5	-20
11304.6	51414.4	-23.1596
11303.9	51415	-26.527
11303.7	51415.2	-30
11303.9	51415	-33.473
11304.6	51414.4	-36.8404
11305.7	51413.5	-40
11307.2	51412.2	-42.8558
11309.1	51410.6	-45.3209
11311.3	51408.7	-47.3205
11313.7	51406.6	-48.7939

#	Triangle	144
0	2	1	3	2	0
4	15	5
15	14	5
14	13	5
13	12	5
12	11	5
11	10	5
10	9	5
9	8	5
8	7	5
7	6	5
6	3	5
6	41	3
41	40	3
40	39	3
39	38	3
38	37	3
37	36	3
36	35	3
35	2	3
34	2	35
33	2	34
4	16	15
32	2	33
4	17	16
31	2	32
4	18	17
30	2	31
4	19	18
29	2	30
4	20	19
28	2	29
4	21	20
27	2	28
4	22	21
26	2	27
4	23	22
25	2	26
4	24	23
24	2	25
4	2	24
5	42	4	43	42	5
1	52	0
52	51	0
51	50	0
50	49	0
49	48	0
48	47	0
47	46	0
46	45	0
45	43	0
45	44	43
44	79	43
79	78	43
78	77	43
77	76	43
76	75	43
75	74	43
74	73	43
73	72	43
72	42	43
1	53	52
1	54	53
1	55	54
71	42	72
1	56	55
70	42	71
1	57	56
69	42	70
1	58	57
68	42	69
1	59	58
67	42	68
1	60	59
66	42	67
1	61	60
65	42	66
1	62	61
64	42	65
1	63	62
63	42	64
1	42	63
0	5	3	43	5	0
2	42	1	4	42	2
45	7	44
6	7	45
44	8	79
7	8	44
79	9	78	8	9	79
78	10	77
9	10	78
77	11	76
10	11	77
76	12	75
11	12	76
75	13	74	12	13	75
74	14	73	13	14	74
73	15	72	14	15	73
72	16	71	15	16	72
71	17	70	16	17	71
70	18	69	17	18	70
69	19	68
18	19	69
68	20	67
19	20	68
67	21	66
20	21	67
66	22	65	21	22	66
65	23	64
22	23	65
64	24	63
23	24	64
63	25	62	24	25	63
62	26	61
25	26	62
61	27	60
26	27	61
60	28	59	27	28	60
59	29	58
28	29	59
58	30	57
29	30	58
57	31	56
30	31	57
56	32	55
31	32	56
55	33	54
32	33	55
54	34	53
33	34	54
53	35	52
34	35	53
52	36	51
35	36	52
51	37	50
36	37	51
50	38	49
37	38	50
49	39	48	38	39	49
48	40	47
39	40	48
47	41	46
40	41	47
46	6	45	41	6	46

#	Normal	144
-0.758673	0.651472	0
-0.65148	-0.758666	0
-0.651527	-0.758625	0.000280911
-0.651429	-0.75871	-0.000413478
-0.651496	-0.758652	0.000170359
-0.651447	-0.758694	-0.000381633
-0.651537	-0.758617	0.000993335
-0.651467	-0.758677	-0.000529476
-0.651481	-0.758665	-7.87537e-005
-0.651446	-0.758693	-0.00181384
-0.65154	-0.758585	0.00662531
-0.651469	-0.758674	-0.00154459
-0.651465	-0.758676	0.00179879
-0.651465	-0.758676	0.00190875
-0.65147	-0.758675	4.73421e-005
-0.651473	-0.758671	-0.0012593
-0.651468	-0.758676	0.000117498
-0.651465	-0.758679	0.000621146
-0.651472	-0.758672	-0.000386198
-0.651469	-0.758676	0
-0.656337	-0.754465	0.00214973
-0.650583	-0.759435	-0.000390016
-0.653379	-0.757031	-6.65946e-005
-0.651986	-0.758231	0.00022789
-0.650367	-0.75962	3.93692e-005
-0.65093	-0.759137	-0.00023776
-0.651757	-0.758428	-9.95944e-006
-0.651836	-0.75836	0.000162431
-0.65105	-0.759035	1.55517e-005
-0.651011	-0.759068	-0.000202804
-0.652267	-0.757989	-2.93303e-005
-0.651401	-0.758734	-2.98186e-005
-0.651192	-0.758913	1.13194e-005
-0.652013	-0.758208	0.000242501
-0.651453	-0.758689	1.15928e-006
-0.651455	-0.758687	-6.50463e-006
-0.651081	-0.759008	1.60367e-005
-0.651111	-0.758983	-0.00016067
-0.651993	-0.758225	-2.15561e-005
-0.651351	-0.758777	-5.29945e-005
-0.65147	-0.758675	6.82561e-007
0.758684	-0.651459	0
0.651469	0.758675	-0
0.651471	0.758674	0.000185734
0.651466	0.758677	-0.000399845
0.651467	0.758677	-0.000374257
0.651473	0.758671	0.0012593
0.651463	0.758678	-0.00204385
0.65147	0.758674	0.00135689
0.651465	0.758676	-0.00179879
0.651468	0.758676	-0.000152876
0.65145	0.75869	0.00155565
0.651486	0.75866	-0.00127677
0.651461	0.758682	2.37811e-005
0.651456	0.758686	0.000190978
0.65146	0.758683	0.000107376
0.651493	0.758655	-0.000390997
0.651474	0.758671	-0.000183586
0.651407	0.758729	0.000405673
0.651505	0.758645	-0.000283554
0.651456	0.758686	-0
0.646225	0.763143	0.00230104
0.653203	0.757183	-0.000764637
0.65045	0.759549	0.000448892
0.653374	0.757036	6.72198e-005
0.652037	0.758187	-0.000251285
0.650365	0.759622	-3.86252e-005
0.651646	0.758523	-7.80953e-005
0.651755	0.758429	1.07325e-005
0.651174	0.758928	0.000130582
0.651899	0.758306	1.59097e-005
0.651255	0.758859	9.49573e-005
0.651381	0.758751	-3.17344e-006
0.652013	0.758208	-0.000242501
0.651357	0.758772	-4.08371e-006
0.65084	0.759215	0.000281011
0.651453	0.758689	-3.50059e-007
0.651723	0.758457	-0.000114138
0.651744	0.758439	1.12804e-005
0.651351	0.758777	5.29945e-005
0.651347	0.75878	-5.06446e-006
0.651468	0.758676	6.75563e-008
0	0	1
0	0	-1
-0.0661347	0.0567879	-0.996193
-0.0660857	0.0567478	-0.996199
-0.196309	0.16857	-0.965943
-0.19645	0.168686	-0.965895
-0.320595	0.275295	-0.906328
-0.435274	0.373766	-0.819046
-0.435196	0.373703	-0.819116
-0.536518	0.460687	-0.707048
-0.536233	0.460458	-0.707412
-0.621295	0.533506	-0.573902
-0.621643	0.533781	-0.57327
-0.687508	0.590363	-0.422854
-0.732888	0.62933	-0.258494
-0.755771	0.64898	-0.0873808
-0.755771	0.64898	0.0873809
-0.732888	0.62933	0.258494
-0.687508	0.590363	0.422854
-0.621307	0.533492	0.573902
-0.621631	0.533795	0.57327
-0.53651	0.460696	0.707048
-0.536241	0.460449	0.707413
-0.435272	0.373768	0.819046
-0.435198	0.373701	0.819116
-0.320595	0.275295	0.906329
-0.196312	0.168567	0.965943
-0.196447	0.168689	0.965895
-0.066134	0.0567892	0.996193
-0.0660869	0.0567468	0.996199
0.066134	-0.0567892	0.996193
0.196312	-0.168567	0.965943
0.196447	-0.168689	0.965895
0.320807	-0.275477	0.906198
0.3206	-0.275289	0.906329
0.435012	-0.373544	0.819286
0.536429	-0.460627	0.707154
0.536507	-0.460699	0.707048
0.621631	-0.533795	0.57327
0.621558	-0.533726	0.573412
0.68751	-0.590359	0.422854
0.687569	-0.590416	0.422679
0.732763	-0.629195	0.259175
0.732891	-0.629327	0.258494
0.755822	-0.649018	0.0866564
0.755785	-0.648964	0.0873809
0.755833	-0.649005	-0.0866564
0.755774	-0.648976	-0.0873808
0.732752	-0.629208	-0.259175
0.732901	-0.629314	-0.258494
0.687508	-0.590363	-0.422854
0.687572	-0.590412	-0.42268
0.621634	-0.533791	-0.57327
0.621555	-0.533729	-0.573413
0.536427	-0.46063	-0.707154
0.53651	-0.460696	-0.707048
0.435011	-0.373544	-0.819286
0.320812	-0.275472	-0.906198
0.320595	-0.275295	-0.906328
0.196309	-0.16857	-0.965943
0.19645	-0.168686	-0.965895
0.0661338	-0.0567891	-0.996193

#	Mesh	0	End

