#	Mesh	0	Begin

#	Vertex	240
19918.3	51864.5	-50
19918.3	51864.5	4650
20118.3	51864.5	4650
20118.3	51864.5	-50
20118.3	59564.5	4650
20118.3	59564.5	-50
20118.3	58664.5	4130
20118.3	59264.5	4130
20118.3	59264.5	4550
20118.3	58664.5	4550
20118.3	52047	4150
20118.3	52747	4150
20118.3	52747	4350
20118.3	52047	4350
20118.3	57629.8	4266.43
20118.3	57637.6	4267.11
20118.3	57645.1	4269.15
20118.3	57652.3	4272.46
20118.3	57658.7	4276.96
20118.3	57664.2	4282.51
20118.3	57668.7	4288.93
20118.3	57672	4296.04
20118.3	57674.1	4303.62
20118.3	57674.8	4311.43
20118.3	57674.1	4319.25
20118.3	57672	4326.82
20118.3	57668.7	4333.93
20118.3	57664.2	4340.36
20118.3	57658.7	4345.9
20118.3	57652.3	4350.4
20118.3	57645.1	4353.72
20118.3	57637.6	4355.75
20118.3	57629.8	4356.43
20118.3	57621.9	4355.75
20118.3	57614.4	4353.72
20118.3	57607.3	4350.4
20118.3	57600.8	4345.9
20118.3	57595.3	4340.36
20118.3	57590.8	4333.93
20118.3	57587.5	4326.82
20118.3	57585.4	4319.25
20118.3	57584.8	4311.43
20118.3	57585.4	4303.62
20118.3	57587.5	4296.04
20118.3	57590.8	4288.93
20118.3	57595.3	4282.51
20118.3	57600.8	4276.96
20118.3	57607.3	4272.46
20118.3	57614.4	4269.15
20118.3	57621.9	4267.11
20118.3	57863.1	4266.43
20118.3	57870.9	4267.12
20118.3	57878.5	4269.15
20118.3	57885.6	4272.46
20118.3	57892	4276.96
20118.3	57897.6	4282.51
20118.3	57902.1	4288.93
20118.3	57905.4	4296.04
20118.3	57907.4	4303.62
20118.3	57908.1	4311.43
20118.3	57907.4	4319.25
20118.3	57905.4	4326.82
20118.3	57902.1	4333.93
20118.3	57897.6	4340.36
20118.3	57892	4345.9
20118.3	57885.6	4350.4
20118.3	57878.5	4353.72
20118.3	57870.9	4355.75
20118.3	57863.1	4356.43
20118.3	57855.3	4355.75
20118.3	57847.7	4353.72
20118.3	57840.6	4350.4
20118.3	57834.2	4345.9
20118.3	57828.6	4340.36
20118.3	57824.1	4333.93
20118.3	57820.8	4326.82
20118.3	57818.8	4319.25
20118.3	57818.1	4311.43
20118.3	57818.8	4303.62
20118.3	57820.8	4296.04
20118.3	57824.1	4288.93
20118.3	57828.6	4282.51
20118.3	57834.2	4276.96
20118.3	57840.6	4272.46
20118.3	57847.7	4269.15
20118.3	57855.3	4267.12
20118.3	58102.2	4279.31
20118.3	58107.7	4279.79
20118.3	58113	4281.21
20118.3	58118	4283.53
20118.3	58122.5	4286.68
20118.3	58126.3	4290.56
20118.3	58129.5	4295.06
20118.3	58131.8	4300.03
20118.3	58133.2	4305.34
20118.3	58133.7	4310.81
20118.3	58133.2	4316.28
20118.3	58131.8	4321.58
20118.3	58129.5	4326.56
20118.3	58126.3	4331.06
20118.3	58122.5	4334.94
20118.3	58118	4338.09
20118.3	58113	4340.41
20118.3	58107.7	4341.83
20118.3	58102.2	4342.31
20118.3	58096.7	4341.83
20118.3	58091.4	4340.41
20118.3	58086.5	4338.09
20118.3	58082	4334.94
20118.3	58078.1	4331.06
20118.3	58074.9	4326.56
20118.3	58072.6	4321.58
20118.3	58071.2	4316.28
20118.3	58070.7	4310.81
20118.3	58071.2	4305.34
20118.3	58072.6	4300.03
20118.3	58074.9	4295.06
20118.3	58078.1	4290.56
20118.3	58082	4286.68
20118.3	58086.5	4283.53
20118.3	58091.4	4281.21
20118.3	58096.7	4279.79
19918.3	59564.5	4650
19918.3	59564.5	-50
19918.3	59264.5	4130
19918.3	58664.5	4130
19918.3	58664.5	4550
19918.3	59264.5	4550
19918.3	52747	4150
19918.3	52047	4150
19918.3	52047	4350
19918.3	52747	4350
19918.3	57637.6	4267.11
19918.3	57629.8	4266.43
19918.3	57621.9	4267.11
19918.3	57614.4	4269.15
19918.3	57607.3	4272.46
19918.3	57600.8	4276.96
19918.3	57595.3	4282.51
19918.3	57590.8	4288.93
19918.3	57587.5	4296.04
19918.3	57585.4	4303.62
19918.3	57584.8	4311.43
19918.3	57585.4	4319.25
19918.3	57587.5	4326.82
19918.3	57590.8	4333.93
19918.3	57595.3	4340.36
19918.3	57600.8	4345.9
19918.3	57607.3	4350.4
19918.3	57614.4	4353.72
19918.3	57621.9	4355.75
19918.3	57629.8	4356.43
19918.3	57637.6	4355.75
19918.3	57645.1	4353.72
19918.3	57652.3	4350.4
19918.3	57658.7	4345.9
19918.3	57664.2	4340.36
19918.3	57668.7	4333.93
19918.3	57672	4326.82
19918.3	57674.1	4319.25
19918.3	57674.8	4311.43
19918.3	57674.1	4303.62
19918.3	57672	4296.04
19918.3	57668.7	4288.93
19918.3	57664.2	4282.51
19918.3	57658.7	4276.96
19918.3	57652.3	4272.46
19918.3	57645.1	4269.15
19918.3	57870.9	4267.12
19918.3	57863.1	4266.43
19918.3	57855.3	4267.12
19918.3	57847.7	4269.15
19918.3	57840.6	4272.46
19918.3	57834.2	4276.96
19918.3	57828.6	4282.51
19918.3	57824.1	4288.93
19918.3	57820.8	4296.04
19918.3	57818.8	4303.62
19918.3	57818.1	4311.43
19918.3	57818.8	4319.25
19918.3	57820.8	4326.82
19918.3	57824.1	4333.93
19918.3	57828.6	4340.36
19918.3	57834.2	4345.9
19918.3	57840.6	4350.4
19918.3	57847.7	4353.72
19918.3	57855.3	4355.75
19918.3	57863.1	4356.43
19918.3	57870.9	4355.75
19918.3	57878.5	4353.72
19918.3	57885.6	4350.4
19918.3	57892	4345.9
19918.3	57897.6	4340.36
19918.3	57902.1	4333.93
19918.3	57905.4	4326.82
19918.3	57907.4	4319.25
19918.3	57908.1	4311.43
19918.3	57907.4	4303.62
19918.3	57905.4	4296.04
19918.3	57902.1	4288.93
19918.3	57897.6	4282.51
19918.3	57892	4276.96
19918.3	57885.6	4272.46
19918.3	57878.5	4269.15
19918.3	58107.7	4279.79
19918.3	58102.2	4279.31
19918.3	58096.7	4279.79
19918.3	58091.4	4281.21
19918.3	58086.5	4283.53
19918.3	58082	4286.68
19918.3	58078.1	4290.56
19918.3	58074.9	4295.06
19918.3	58072.6	4300.03
19918.3	58071.2	4305.34
19918.3	58070.7	4310.81
19918.3	58071.2	4316.28
19918.3	58072.6	4321.58
19918.3	58074.9	4326.56
19918.3	58078.1	4331.06
19918.3	58082	4334.94
19918.3	58086.5	4338.09
19918.3	58091.4	4340.41
19918.3	58096.7	4341.83
19918.3	58102.2	4342.31
19918.3	58107.7	4341.83
19918.3	58113	4340.41
19918.3	58118	4338.09
19918.3	58122.5	4334.94
19918.3	58126.3	4331.06
19918.3	58129.5	4326.56
19918.3	58131.8	4321.58
19918.3	58133.2	4316.28
19918.3	58133.7	4310.81
19918.3	58133.2	4305.34
19918.3	58131.8	4300.03
19918.3	58129.5	4295.06
19918.3	58126.3	4290.56
19918.3	58122.5	4286.68
19918.3	58118	4283.53
19918.3	58113	4281.21

#	Triangle	98
0	2	1	3	2	0	124	8	127	7	8	124	128	12	131	11	12	128
4	7	5	7	3	5	7	6	3	6	11	3	11	10	3	10	2	3	4	8	7	9	89	6	89	88	6	88	87	6	87	86	6	86	52	6	52	51	6	51	50	6	50	14	6	14	11	6	14	12	11	13	2	10	50	15	14	49	12	14	85	15	50	85	16	15	48	12	49	84	16	85	84	17	16	47	12	48	86	53	52	83	17	84	83	18	17	46	12	47	86	54	53	82	18	83	82	19	18	45	12	46	86	55	54	81	19	82	121	55	86	120	55	121	119	55	120	81	20	19	44	12	45	119	56	55	80	20	81	9	90	89	118	56	119	9	91	90	117	56	118	80	21	20	43	12	44	117	57	56	79	21	80	9	92	91	116	57	117	9	93	92	115	57	116	79	22	21	42	12	43	115	58	57	78	22	79	9	94	93	114	58	115	78	23	22	41	12	42	114	59	58	77	23	78	9	95	94	113	59	114	9	96	95	112	59	113	77	24	23	40	12	41	112	60	59	76	24	77	9	97	96	111	60	112	76	25	24	39	12	40	111	61	60	75	25	76	9	98	97	110	61	111	9	99	98	109	61	110	75	26	25	38	12	39	109	62	61	74	26	75	9	100	99	108	62	109	74	27	26	37	12	38	108	63	62	73	27	74	9	101	100	107	63	108	9	102	101	106	63	107	73	28	27	36	12	37	106	64	63	72	28	73	9	103	102	105	64	106	9	104	103	104	64	105	9	64	104	72	29	28	35	12	36	9	65	64	71	29	72	35	13	12	35	2	13	71	30	29	34	2	35	9	66	65	70	30	71	70	31	30	33	2	34	9	67	66	69	31	70	69	32	31	32	2	33	9	68	67	68	32	69	68	2	32	9	2	68	4	9	8	4	2	9
5	122	4	123	122	5	126	6	125	9	6	126	130	10	129	13	10	130
1	129	0	129	123	0	129	125	123	125	124	123	124	122	123	129	128	125	128	133	125	133	169	125	169	168	125	168	203	125	203	205	125	205	204	125	204	239	125	239	238	125	238	126	125	127	122	124	1	130	129	131	133	128	131	134	133	132	169	133	132	170	169	131	135	134	167	170	132	167	171	170	131	136	135	166	171	167	166	172	171	202	205	203	131	137	136	165	172	166	165	173	172	201	205	202	131	138	137	164	173	165	164	174	173	200	205	201	200	206	205	200	207	206	200	208	207	131	139	138	163	174	164	163	175	174	199	208	200	199	209	208	237	126	238	199	210	209	236	126	237	131	140	139	162	175	163	162	176	175	198	210	199	198	211	210	235	126	236	198	212	211	234	126	235	131	141	140	161	176	162	161	177	176	197	212	198	197	213	212	233	126	234	131	142	141	160	177	161	160	178	177	196	213	197	196	214	213	232	126	233	196	215	214	231	126	232	131	143	142	159	178	160	159	179	178	195	215	196	195	216	215	230	126	231	131	144	143	158	179	159	158	180	179	194	216	195	194	217	216	229	126	230	194	218	217	228	126	229	131	145	144	157	180	158	157	181	180	193	218	194	193	219	218	227	126	228	131	146	145	156	181	157	156	182	181	192	219	193	192	220	219	226	126	227	192	221	220	225	126	226	131	147	146	155	182	156	155	183	182	191	221	192	191	222	221	224	126	225	191	223	222	223	126	224	191	126	223	131	148	147	154	183	155	154	184	183	190	126	191	1	131	130	1	148	131	1	149	148	153	184	154	153	185	184	189	126	190	1	150	149	152	185	153	152	186	185	188	126	189	1	151	150	151	186	152	151	187	186	187	126	188	1	187	151	1	126	187	1	127	126	1	122	127
0	5	3	123	5	0	127	9	126	8	9	127	131	13	130	12	13	131
2	122	1	4	122	2	125	7	124	6	7	125	129	11	128	10	11	129
133	15	132	14	15	133
132	16	167	15	16	132
167	17	166	16	17	167
166	18	165	17	18	166
165	19	164	18	19	165	201	55	200	54	55	201
164	20	163	19	20	164	200	56	199	55	56	200
163	21	162	20	21	163
162	22	161	21	22	162	198	58	197	57	58	198
161	23	160	22	23	161	197	59	196	58	59	197
160	24	159	23	24	160	196	60	195	59	60	196
159	25	158	24	25	159	195	61	194	60	61	195
158	26	157	25	26	158
157	27	156	26	27	157
156	28	155	27	28	156	228	100	227	99	100	228
155	29	154	28	29	155
154	30	153	29	30	154
153	31	152	30	31	153
152	32	151	31	32	152
151	33	150	32	33	151
150	34	149	33	34	150
149	35	148	34	35	149
148	36	147	35	36	148	184	72	183	71	72	184
147	37	146	36	37	147	219	109	218	108	109	219
146	38	145	37	38	146
145	39	144	38	39	145	181	75	180	74	75	181
144	40	143	39	40	144
143	41	142	40	41	143	179	77	178	76	77	179
142	42	141	41	42	142	178	78	177	77	78	178
141	43	140	42	43	141
140	44	139	43	44	140	176	80	175	79	80	176
139	45	138	44	45	139
138	46	137	45	46	138	174	82	173	81	82	174
137	47	136	46	47	137
136	48	135	47	48	136
135	49	134	48	49	135
134	14	133	49	14	134
169	51	168	50	51	169
168	52	203	51	52	168
203	53	202	52	53	203	239	89	238	88	89	239
202	54	201	53	54	202
199	57	198	56	57	199
194	62	193	61	62	194
193	63	192	62	63	193
192	64	191	63	64	192
191	65	190	64	65	191
190	66	189	65	66	190
189	67	188	66	67	189
188	68	187	67	68	188	224	104	223	103	104	224
187	69	186	68	69	187
186	70	185	69	70	186
185	71	184	70	71	185
183	73	182	72	73	183
182	74	181	73	74	182
180	76	179	75	76	180
177	79	176	78	79	177
175	81	174	80	81	175
173	83	172	82	83	173
172	84	171	83	84	172
171	85	170	84	85	171
170	50	169	85	50	170
205	87	204	86	87	205
204	88	239	87	88	204
238	90	237	89	90	238
237	91	236	90	91	237
236	92	235	91	92	236
235	93	234	92	93	235
234	94	233	93	94	234
233	95	232	94	95	233
232	96	231	95	96	232
231	97	230	96	97	231
230	98	229	97	98	230
229	99	228	98	99	229
227	101	226	100	101	227
226	102	225	101	102	226
225	103	224	102	103	225
223	105	222	104	105	223
222	106	221	105	106	222
221	107	220	106	107	221
220	108	219	107	108	220
218	110	217	109	110	218
217	111	216	110	111	217
216	112	215	111	112	216
215	113	214	112	113	215
214	114	213	113	114	214
213	115	212	114	115	213
212	116	211	115	116	212
211	117	210	116	117	211
210	118	209	117	118	210
209	119	208	118	119	209
208	120	207	119	120	208
207	121	206	120	121	207
206	86	205	121	86	206

#	Normal	98
-0	1	0
-1	0	0
-0	-1	-0
1	0	0
0	-0	1
0	0	-1
0	0.0871237	-0.996197
0	0.25891	-0.965901
0	0.422596	-0.906318
0	0.573588	-0.819144
0	0.707076	-0.707138
0	0.819094	-0.573659
0	0.906437	-0.42234
0	0.965891	-0.258949
0	0.996195	-0.0871507
-0	0.996196	0.0871453
-0	0.965891	0.258949
-0	0.906426	0.422364
-0	0.819094	0.573659
-0	0.707107	0.707107
-0	0.573546	0.819173
-0	0.422596	0.906318
-0	0.25891	0.965901
-0	0.0871237	0.996197
0	-0.087167	0.996194
0	-0.258786	0.965935
0	-0.422596	0.906318
0	-0.573546	0.819173
0	-0.707107	0.707107
0	-0.819328	0.573324
0	-0.906236	0.422773
0	-0.965891	0.258949
0	-0.996196	0.0871453
0	-0.996195	-0.0871507
0	-0.965891	-0.258949
0	-0.906247	-0.422749
0	-0.819328	-0.573324
0	-0.707076	-0.707138
0	-0.573588	-0.819144
0	-0.422596	-0.906318
0	-0.258786	-0.965935
0	-0.087167	-0.996194
0	0.0872287	-0.996188
0	0.258728	-0.96595
0	0.422647	-0.906294
0	0.57378	-0.81901
0	0.906247	-0.422749
-0	0.906236	0.422773
-0	0.819115	0.573629
-0	0.707076	0.707138
-0	0.57378	0.81901
-0	0.422647	0.906294
-0	0.258728	0.96595
-0	0.087167	0.996194
0	-0.0871237	0.996197
0	-0.258728	0.96595
0	-0.422838	0.906205
0	-0.707076	0.707138
0	-0.819115	0.573629
0	-0.966016	0.258484
0	-0.966016	-0.258484
0	-0.819094	-0.573659
0	-0.573546	-0.819173
0	-0.422838	-0.906205
0	-0.258728	-0.96595
0	-0.0871855	-0.996192
0	0.087167	-0.996194
0	0.258736	-0.965948
0	0.573725	-0.819048
0	0.707062	-0.707151
0	0.819249	-0.573438
0	0.906313	-0.422608
0	0.965892	-0.258946
0	0.996165	-0.0874968
-0	0.996164	0.0875045
-0	0.965892	0.258946
-0	0.906328	0.422574
-0	0.819219	0.57348
-0	0.573725	0.819048
-0	0.422574	0.906328
-0	0.258819	0.965926
0	-0.0871052	0.996199
0	-0.258997	0.965878
0	-0.422574	0.906328
0	-0.573391	0.819282
0	-0.819219	0.57348
0	-0.906328	0.422574
0	-0.965892	0.258946
0	-0.996226	0.0867985
0	-0.996227	-0.0867908
0	-0.965892	-0.258946
0	-0.906313	-0.422608
0	-0.819249	-0.573438
0	-0.707062	-0.707151
0	-0.573391	-0.819282
0	-0.422647	-0.906294
0	-0.258914	-0.9659
0	-0.0871052	-0.996199

#	Mesh	0	End

