#	Mesh	0	Begin

#	Vertex	264
32668.3	49314.5	-50
32668.3	49314.5	5230
32868.3	49314.5	5230
32868.3	49314.5	-50
32868.3	72464.5	5230
32868.3	72464.5	-50
32868.3	49884.1	3850
32868.3	50184.1	3850
32868.3	50472.7	3850
32868.3	50772.7	3850
32868.3	50772.7	4050
32868.3	50472.7	4050
32868.3	50184.1	4050
32868.3	49884.1	4050
32868.3	60364.5	3950
32868.3	61714.5	3950
32868.3	61714.5	4550
32868.3	60364.5	4550
32868.3	58599.5	4130
32868.3	59329.5	4130
32868.3	59329.5	4550
32868.3	58599.5	4550
32868.3	53767.1	4150
32868.3	54467.1	4150
32868.3	54467.1	4350
32868.3	53767.1	4350
32868.3	58102.2	4235.05
32868.3	58108.7	4235.62
32868.3	58115	4237.31
32868.3	58121	4240.07
32868.3	58126.3	4243.82
32868.3	58130.9	4248.44
32868.3	58134.7	4253.8
32868.3	58137.4	4259.72
32868.3	58139.1	4266.04
32868.3	58139.7	4272.55
32868.3	58139.1	4279.06
32868.3	58137.4	4285.37
32868.3	58134.7	4291.3
32868.3	58130.9	4296.65
32868.3	58126.3	4301.28
32868.3	58121	4305.02
32868.3	58115	4307.79
32868.3	58108.7	4309.48
32868.3	58102.2	4310.05
32868.3	58095.7	4309.48
32868.3	58089.4	4307.79
32868.3	58083.5	4305.02
32868.3	58078.1	4301.28
32868.3	58073.5	4296.65
32868.3	58069.7	4291.3
32868.3	58067	4285.37
32868.3	58065.3	4279.06
32868.3	58064.7	4272.55
32868.3	58065.3	4266.04
32868.3	58067	4259.72
32868.3	58069.7	4253.8
32868.3	58073.5	4248.44
32868.3	58078.1	4243.82
32868.3	58083.5	4240.07
32868.3	58089.4	4237.31
32868.3	58095.7	4235.62
32868.3	57629.8	4188.18
32868.3	57644.5	4189.47
32868.3	57658.8	4193.3
32868.3	57672.3	4199.57
32868.3	57684.4	4208.06
32868.3	57694.9	4218.54
32868.3	57703.4	4230.68
32868.3	57709.6	4244.11
32868.3	57713.5	4258.42
32868.3	57714.8	4273.18
32868.3	57713.5	4287.94
32868.3	57709.6	4302.25
32868.3	57703.4	4315.68
32868.3	57694.9	4327.81
32868.3	57684.4	4338.29
32868.3	57672.3	4346.79
32868.3	57658.8	4353.05
32868.3	57644.5	4356.89
32868.3	57629.8	4358.18
32868.3	57615	4356.89
32868.3	57600.7	4353.05
32868.3	57587.3	4346.79
32868.3	57575.1	4338.29
32868.3	57564.6	4327.81
32868.3	57556.1	4315.68
32868.3	57549.9	4302.25
32868.3	57546	4287.94
32868.3	57544.8	4273.18
32868.3	57546	4258.42
32868.3	57549.9	4244.11
32868.3	57556.1	4230.68
32868.3	57564.6	4218.54
32868.3	57575.1	4208.06
32868.3	57587.3	4199.57
32868.3	57600.7	4193.3
32868.3	57615	4189.47
32868.3	57863.1	4188.18
32868.3	57877.9	4189.47
32868.3	57892.2	4193.31
32868.3	57905.6	4199.57
32868.3	57917.7	4208.07
32868.3	57928.2	4218.54
32868.3	57936.7	4230.68
32868.3	57943	4244.11
32868.3	57946.8	4258.42
32868.3	57948.1	4273.18
32868.3	57946.8	4287.94
32868.3	57943	4302.25
32868.3	57936.7	4315.68
32868.3	57928.2	4327.82
32868.3	57917.7	4338.3
32868.3	57905.6	4346.79
32868.3	57892.2	4353.06
32868.3	57877.9	4356.89
32868.3	57863.1	4358.18
32868.3	57848.3	4356.89
32868.3	57834	4353.06
32868.3	57820.6	4346.79
32868.3	57808.5	4338.3
32868.3	57798	4327.82
32868.3	57789.5	4315.68
32868.3	57783.2	4302.25
32868.3	57779.4	4287.94
32868.3	57778.1	4273.18
32868.3	57779.4	4258.42
32868.3	57783.2	4244.11
32868.3	57789.5	4230.68
32868.3	57798	4218.54
32868.3	57808.5	4208.07
32868.3	57820.6	4199.57
32868.3	57834	4193.31
32868.3	57848.3	4189.47
32668.3	72464.5	5230
32668.3	72464.5	-50
32668.3	50184.1	3850
32668.3	49884.1	3850
32668.3	49884.1	4050
32668.3	50184.1	4050
32668.3	50472.7	4050
32668.3	50772.7	4050
32668.3	50772.7	3850
32668.3	50472.7	3850
32668.3	61714.5	3950
32668.3	60364.5	3950
32668.3	60364.5	4550
32668.3	61714.5	4550
32668.3	59329.5	4130
32668.3	58599.5	4130
32668.3	58599.5	4550
32668.3	59329.5	4550
32668.3	54467.1	4150
32668.3	53767.1	4150
32668.3	53767.1	4350
32668.3	54467.1	4350
32668.3	58108.7	4235.62
32668.3	58102.2	4235.05
32668.3	58095.7	4235.62
32668.3	58089.4	4237.31
32668.3	58083.5	4240.07
32668.3	58078.1	4243.82
32668.3	58073.5	4248.44
32668.3	58069.7	4253.8
32668.3	58067	4259.72
32668.3	58065.3	4266.04
32668.3	58064.7	4272.55
32668.3	58065.3	4279.06
32668.3	58067	4285.37
32668.3	58069.7	4291.3
32668.3	58073.5	4296.65
32668.3	58078.1	4301.28
32668.3	58083.5	4305.02
32668.3	58089.4	4307.79
32668.3	58095.7	4309.48
32668.3	58102.2	4310.05
32668.3	58108.7	4309.48
32668.3	58115	4307.79
32668.3	58121	4305.02
32668.3	58126.3	4301.28
32668.3	58130.9	4296.65
32668.3	58134.7	4291.3
32668.3	58137.4	4285.37
32668.3	58139.1	4279.06
32668.3	58139.7	4272.55
32668.3	58139.1	4266.04
32668.3	58137.4	4259.72
32668.3	58134.7	4253.8
32668.3	58130.9	4248.44
32668.3	58126.3	4243.82
32668.3	58121	4240.07
32668.3	58115	4237.31
32668.3	57644.5	4189.47
32668.3	57629.8	4188.18
32668.3	57615	4189.47
32668.3	57600.7	4193.3
32668.3	57587.3	4199.57
32668.3	57575.1	4208.06
32668.3	57564.6	4218.54
32668.3	57556.1	4230.68
32668.3	57549.9	4244.11
32668.3	57546	4258.42
32668.3	57544.8	4273.18
32668.3	57546	4287.94
32668.3	57549.9	4302.25
32668.3	57556.1	4315.68
32668.3	57564.6	4327.81
32668.3	57575.1	4338.29
32668.3	57587.3	4346.79
32668.3	57600.7	4353.05
32668.3	57615	4356.89
32668.3	57629.8	4358.18
32668.3	57644.5	4356.89
32668.3	57658.8	4353.05
32668.3	57672.3	4346.79
32668.3	57684.4	4338.29
32668.3	57694.9	4327.81
32668.3	57703.4	4315.68
32668.3	57709.6	4302.25
32668.3	57713.5	4287.94
32668.3	57714.8	4273.18
32668.3	57713.5	4258.42
32668.3	57709.6	4244.11
32668.3	57703.4	4230.68
32668.3	57694.9	4218.54
32668.3	57684.4	4208.06
32668.3	57672.3	4199.57
32668.3	57658.8	4193.3
32668.3	57877.9	4189.47
32668.3	57863.1	4188.18
32668.3	57848.3	4189.47
32668.3	57834	4193.31
32668.3	57820.6	4199.57
32668.3	57808.5	4208.07
32668.3	57798	4218.54
32668.3	57789.5	4230.68
32668.3	57783.2	4244.11
32668.3	57779.4	4258.42
32668.3	57778.1	4273.18
32668.3	57779.4	4287.94
32668.3	57783.2	4302.25
32668.3	57789.5	4315.68
32668.3	57798	4327.82
32668.3	57808.5	4338.3
32668.3	57820.6	4346.79
32668.3	57834	4353.06
32668.3	57848.3	4356.89
32668.3	57863.1	4358.18
32668.3	57877.9	4356.89
32668.3	57892.2	4353.06
32668.3	57905.6	4346.79
32668.3	57917.7	4338.3
32668.3	57928.2	4327.82
32668.3	57936.7	4315.68
32668.3	57943	4302.25
32668.3	57946.8	4287.94
32668.3	57948.1	4273.18
32668.3	57946.8	4258.42
32668.3	57943	4244.11
32668.3	57936.7	4230.68
32668.3	57928.2	4218.54
32668.3	57917.7	4208.07
32668.3	57905.6	4199.57
32668.3	57892.2	4193.31

#	Triangle	110
0	2	1	3	2	0	142	10	141	9	10	142	144	16	147	15	16	144	148	20	151	19	20	148	152	24	155	23	24	152
4	3	5	4	15	3	15	9	3	9	8	3	8	7	3	7	6	3	6	2	3	15	14	9	14	10	9	13	2	6	4	16	15	17	19	14	19	10	14	19	11	10	19	12	11	19	13	12	19	18	13	18	23	13	23	22	13	22	2	13	17	20	19	21	29	18	29	28	18	28	27	18	27	26	18	26	101	18	101	100	18	100	99	18	99	98	18	98	62	18	62	23	18	62	24	23	25	2	22	98	63	62	97	24	62	133	63	98	133	64	63	96	24	97	132	64	133	132	65	64	95	24	96	131	65	132	131	66	65	94	24	95	26	102	101	130	66	131	130	67	66	93	24	94	26	103	102	129	67	130	129	68	67	92	24	93	26	104	103	128	68	129	128	69	68	91	24	92	26	105	104	127	69	128	61	105	26	60	105	61	59	105	60	21	30	29	58	105	59	21	31	30	57	105	58	127	70	69	90	24	91	57	106	105	126	70	127	21	32	31	56	106	57	21	33	32	55	106	56	126	71	70	89	24	90	55	107	106	125	71	126	21	34	33	54	107	55	21	35	34	53	107	54	21	36	35	52	107	53	125	72	71	88	24	89	52	108	107	124	72	125	21	37	36	51	108	52	21	38	37	50	108	51	124	73	72	87	24	88	50	109	108	123	73	124	21	39	38	49	109	50	21	40	39	48	109	49	21	41	40	47	109	48	123	74	73	86	24	87	47	110	109	122	74	123	21	42	41	46	110	47	21	43	42	45	110	46	21	44	43	44	110	45	21	110	44	122	75	74	85	24	86	21	111	110	121	75	122	121	76	75	84	24	85	21	112	111	120	76	121	120	77	76	83	24	84	21	113	112	119	77	120	119	78	77	82	24	83	21	114	113	118	78	119	82	25	24	82	2	25	118	79	78	81	2	82	21	115	114	117	79	118	117	80	79	80	2	81	21	116	115	116	80	117	116	2	80	21	2	116	4	17	16	4	20	17	4	21	20	4	2	21
5	134	4	135	134	5	138	6	137	13	6	138	146	14	145	17	14	146	150	18	149	21	18	150	154	22	153	25	22	154
1	137	0	137	135	0	142	145	135	144	134	135	1	138	137	141	145	142	141	149	145	149	148	145	148	146	145	147	134	144	1	139	138	1	140	139	1	141	140	1	153	141	153	149	141	153	152	149	152	193	149	193	229	149	229	228	149	228	263	149	263	262	149	262	157	149	157	156	149	156	191	149	191	190	149	190	150	149	151	146	148	1	154	153	155	193	152	155	194	193	192	229	193	192	230	229	155	195	194	227	230	192	227	231	230	155	196	195	226	231	227	226	232	231	155	197	196	225	232	226	225	233	232	261	157	262	155	198	197	224	233	225	224	234	233	260	157	261	155	199	198	223	234	224	223	235	234	259	157	260	155	200	199	222	235	223	222	236	235	258	157	259	258	158	157	258	159	158	258	160	159	258	161	160	189	150	190	258	162	161	188	150	189	155	201	200	221	236	222	221	237	236	257	162	258	257	163	162	187	150	188	257	164	163	186	150	187	155	202	201	220	237	221	220	238	237	256	164	257	256	165	164	185	150	186	256	166	165	184	150	185	256	167	166	183	150	184	155	203	202	219	238	220	219	239	238	255	167	256	255	168	167	182	150	183	255	169	168	181	150	182	155	204	203	218	239	219	218	240	239	254	169	255	254	170	169	180	150	181	254	171	170	179	150	180	254	172	171	178	150	179	155	205	204	217	240	218	217	241	240	253	172	254	253	173	172	177	150	178	253	174	173	176	150	177	253	175	174	175	150	176	253	150	175	155	206	205	216	241	217	216	242	241	252	150	253	155	207	206	215	242	216	215	243	242	251	150	252	155	208	207	214	243	215	214	244	243	250	150	251	155	209	208	213	244	214	213	245	244	249	150	250	1	155	154	1	209	155	1	210	209	212	245	213	212	246	245	248	150	249	1	211	210	211	246	212	211	247	246	247	150	248	1	247	211	1	150	247	1	151	150	1	146	151
137	136	135	136	143	135	143	142	135	1	134	147
145	144	135
1	147	146
0	5	3	135	5	0	139	13	138	12	13	139	141	11	140	10	11	141	12	140	11	139	140	12	147	17	146	16	17	147	151	21	150	20	21	151	155	25	154	24	25	155
2	134	1	4	134	2	137	7	136	6	7	137	143	9	142	8	9	143	136	8	143	7	8	136	145	15	144	14	15	145	149	19	148	18	19	149	153	23	152	22	23	153
157	27	156	26	27	157
156	28	191	27	28	156
191	29	190	28	29	191
190	30	189	29	30	190
189	31	188	30	31	189
188	32	187	31	32	188
187	33	186	32	33	187
186	34	185	33	34	186
185	35	184	34	35	185
184	36	183	35	36	184
183	37	182	36	37	183
182	38	181	37	38	182
181	39	180	38	39	181
180	40	179	39	40	180
179	41	178	40	41	179
178	42	177	41	42	178
177	43	176	42	43	177
176	44	175	43	44	176
175	45	174	44	45	175
174	46	173	45	46	174
173	47	172	46	47	173
172	48	171	47	48	172
171	49	170	48	49	171
170	50	169	49	50	170
169	51	168	50	51	169
168	52	167	51	52	168
167	53	166	52	53	167
166	54	165	53	54	166
165	55	164	54	55	165
164	56	163	55	56	164
163	57	162	56	57	163
162	58	161	57	58	162
161	59	160	58	59	161
160	60	159	59	60	160
159	61	158	60	61	159
158	26	157	61	26	158
193	63	192	62	63	193
192	64	227	63	64	192
227	65	226	64	65	227
226	66	225	65	66	226	262	102	261	101	102	262
225	67	224	66	67	225
224	68	223	67	68	224
223	69	222	68	69	223	259	105	258	104	105	259
222	70	221	69	70	222	258	106	257	105	106	258
221	71	220	70	71	221
220	72	219	71	72	220
219	73	218	72	73	219
218	74	217	73	74	218	254	110	253	109	110	254
217	75	216	74	75	217
216	76	215	75	76	216
215	77	214	76	77	215
214	78	213	77	78	214
213	79	212	78	79	213
212	80	211	79	80	212
211	81	210	80	81	211
210	82	209	81	82	210
209	83	208	82	83	209
208	84	207	83	84	208
207	85	206	84	85	207
206	86	205	85	86	206
205	87	204	86	87	205	241	123	240	122	123	241
204	88	203	87	88	204
203	89	202	88	89	203
202	90	201	89	90	202
201	91	200	90	91	201	237	127	236	126	127	237
200	92	199	91	92	200	236	128	235	127	128	236
199	93	198	92	93	199
198	94	197	93	94	198
197	95	196	94	95	197
196	96	195	95	96	196
195	97	194	96	97	195
194	62	193	97	62	194
229	99	228	98	99	229
228	100	263	99	100	228
263	101	262	100	101	263
261	103	260	102	103	261
260	104	259	103	104	260
257	107	256	106	107	257
256	108	255	107	108	256
255	109	254	108	109	255
253	111	252	110	111	253
252	112	251	111	112	252
251	113	250	112	113	251
250	114	249	113	114	250
249	115	248	114	115	249
248	116	247	115	116	248
247	117	246	116	117	247
246	118	245	117	118	246
245	119	244	118	119	245
244	120	243	119	120	244
243	121	242	120	121	243
242	122	241	121	122	242
240	124	239	123	124	240
239	125	238	124	125	239
238	126	237	125	126	238
235	129	234	128	129	235
234	130	233	129	130	234
233	131	232	130	131	233
232	132	231	131	132	232
231	133	230	132	133	231
230	98	229	133	98	230

#	Normal	110
-0	1	0
-1	0	0
-0	-1	-0
1	0	0
1	0	5.00801e-007
1	-1.44676e-006	-3.88816e-006
1	-1.44676e-006	-2.35098e-005
0	-0	1
0	0	-1
0	0.0871002	-0.9962
0	0.258736	-0.965948
0	0.422779	-0.906233
0	0.573533	-0.819183
0	0.707181	-0.707032
0	0.819099	-0.573653
0	0.906357	-0.422513
0	0.965792	-0.259317
0	0.996238	-0.0866554
-0	0.996238	0.0866554
-0	0.965792	0.259317
-0	0.906357	0.422513
-0	0.819099	0.573653
-0	0.707181	0.707032
-0	0.573482	0.819218
-0	0.422779	0.906233
-0	0.258736	0.965948
-0	0.0871744	0.996193
0	-0.0871744	0.996193
0	-0.258885	0.965908
0	-0.42255	0.90634
0	-0.573763	0.819021
0	-0.706883	0.707331
0	-0.819379	0.573252
0	-0.906128	0.423004
0	-0.965942	0.25876
0	-0.996187	0.0872485
0	-0.996187	-0.0872485
0	-0.965942	-0.25876
0	-0.906128	-0.423004
0	-0.819379	-0.573252
0	-0.706883	-0.707331
0	-0.573813	-0.818986
0	-0.42255	-0.90634
0	-0.258885	-0.965908
0	-0.0871002	-0.9962
0	0.0871571	-0.996195
0	0.258784	-0.965935
0	0.422683	-0.906277
0	0.573591	-0.819142
0	0.707123	-0.70709
0	0.819096	-0.573657
0	0.906307	-0.42262
0	0.965906	-0.258893
0	0.996208	-0.0870022
-0	0.996208	0.0870022
-0	0.965906	0.258893
-0	0.906307	0.42262
-0	0.819107	0.573641
-0	0.707107	0.707107
-0	0.573591	0.819142
-0	0.422683	0.906277
-0	0.258784	0.965935
-0	0.0871571	0.996195
0	-0.08718	0.996193
0	-0.258784	0.965935
0	-0.422582	0.906325
0	-0.573591	0.819142
0	-0.707107	0.707107
0	-0.81923	0.573465
0	-0.906307	0.42262
0	-0.965906	0.258893
0	-0.996185	0.0872638
0	-0.996185	-0.0872638
0	-0.965906	-0.258893
0	-0.906307	-0.42262
0	-0.81922	-0.57348
0	-0.707123	-0.70709
0	-0.573591	-0.819142
0	-0.422582	-0.906325
0	-0.258784	-0.965935
0	-0.08718	-0.996193
0	0.0871473	-0.996195
0	0.258815	-0.965927
0	0.422582	-0.906325
0	0.707107	-0.707107
0	0.81923	-0.573465
0	0.996185	-0.0872638
-0	0.996185	0.0872667
-0	0.965908	0.258885
-0	0.81922	0.57348
-0	0.707123	0.70709
-0	0.573569	0.819158
-0	0.422582	0.906325
-0	0.258815	0.965927
-0	0.08718	0.996193
0	-0.0871571	0.996195
0	-0.258815	0.965927
0	-0.422683	0.906277
0	-0.573445	0.819244
0	-0.707123	0.70709
0	-0.81922	0.57348
0	-0.965908	0.258885
0	-0.996208	0.0870051
0	-0.996208	-0.0870022
0	-0.81923	-0.573465
0	-0.707107	-0.707107
0	-0.573467	-0.819229
0	-0.422683	-0.906277
0	-0.258815	-0.965927
0	-0.0871244	-0.996197

#	Mesh	0	End

