#	Mesh	0	Begin

#	Vertex	168
36668.3	59564.5	-50
36668.3	59564.5	5230
36468.3	59564.5	5230
36468.3	59564.5	-50
36468.3	51864.5	5230
36468.3	51864.5	-50
36468.3	59329.5	4130
36468.3	58599.5	4130
36468.3	58599.5	4550
36468.3	59329.5	4550
36468.3	54467.1	4150
36468.3	53767.1	4150
36468.3	53767.1	4350
36468.3	54467.1	4350
36468.3	57863.1	4191.78
36468.3	57850.9	4192.84
36468.3	57839.2	4196
36468.3	57828.1	4201.16
36468.3	57818.1	4208.16
36468.3	57809.5	4216.79
36468.3	57802.5	4226.78
36468.3	57797.3	4237.84
36468.3	57794.2	4249.63
36468.3	57793.1	4261.78
36468.3	57794.2	4273.94
36468.3	57797.3	4285.72
36468.3	57802.5	4296.78
36468.3	57809.5	4306.78
36468.3	57818.1	4315.4
36468.3	57828.1	4322.4
36468.3	57839.2	4327.56
36468.3	57850.9	4330.72
36468.3	57863.1	4331.78
36468.3	57875.3	4330.72
36468.3	57887	4327.56
36468.3	57898.1	4322.4
36468.3	57908.1	4315.4
36468.3	57916.7	4306.78
36468.3	57923.7	4296.78
36468.3	57928.9	4285.72
36468.3	57932	4273.94
36468.3	57933.1	4261.78
36468.3	57932	4249.63
36468.3	57928.9	4237.84
36468.3	57923.7	4226.78
36468.3	57916.7	4216.79
36468.3	57908.1	4208.16
36468.3	57898.1	4201.16
36468.3	57887	4196
36468.3	57875.3	4192.84
36468.3	58102.2	4223.64
36468.3	58095.7	4224.21
36468.3	58089.4	4225.9
36468.3	58083.5	4228.67
36468.3	58078.1	4232.41
36468.3	58073.5	4237.04
36468.3	58069.7	4242.39
36468.3	58067	4248.32
36468.3	58065.3	4254.63
36468.3	58064.7	4261.14
36468.3	58065.3	4267.65
36468.3	58067	4273.97
36468.3	58069.7	4279.89
36468.3	58073.5	4285.25
36468.3	58078.1	4289.87
36468.3	58083.5	4293.62
36468.3	58089.4	4296.38
36468.3	58095.7	4298.07
36468.3	58102.2	4298.64
36468.3	58108.7	4298.07
36468.3	58115	4296.38
36468.3	58121	4293.62
36468.3	58126.3	4289.87
36468.3	58130.9	4285.25
36468.3	58134.7	4279.89
36468.3	58137.4	4273.97
36468.3	58139.1	4267.65
36468.3	58139.7	4261.14
36468.3	58139.1	4254.63
36468.3	58137.4	4248.32
36468.3	58134.7	4242.39
36468.3	58130.9	4237.04
36468.3	58126.3	4232.41
36468.3	58121	4228.67
36468.3	58115	4225.9
36468.3	58108.7	4224.21
36668.3	51864.5	5230
36668.3	51864.5	-50
36668.3	58599.5	4130
36668.3	59329.5	4130
36668.3	59329.5	4550
36668.3	58599.5	4550
36668.3	53767.1	4150
36668.3	54467.1	4150
36668.3	54467.1	4350
36668.3	53767.1	4350
36668.3	57850.9	4192.84
36668.3	57863.1	4191.78
36668.3	57875.3	4192.84
36668.3	57887	4196
36668.3	57898.1	4201.16
36668.3	57908.1	4208.16
36668.3	57916.7	4216.79
36668.3	57923.7	4226.78
36668.3	57928.9	4237.84
36668.3	57932	4249.63
36668.3	57933.1	4261.78
36668.3	57932	4273.94
36668.3	57928.9	4285.72
36668.3	57923.7	4296.78
36668.3	57916.7	4306.78
36668.3	57908.1	4315.4
36668.3	57898.1	4322.4
36668.3	57887	4327.56
36668.3	57875.3	4330.72
36668.3	57863.1	4331.78
36668.3	57850.9	4330.72
36668.3	57839.2	4327.56
36668.3	57828.1	4322.4
36668.3	57818.1	4315.4
36668.3	57809.5	4306.78
36668.3	57802.5	4296.78
36668.3	57797.3	4285.72
36668.3	57794.2	4273.94
36668.3	57793.1	4261.78
36668.3	57794.2	4249.63
36668.3	57797.3	4237.84
36668.3	57802.5	4226.78
36668.3	57809.5	4216.79
36668.3	57818.1	4208.16
36668.3	57828.1	4201.16
36668.3	57839.2	4196
36668.3	58095.7	4224.21
36668.3	58102.2	4223.64
36668.3	58108.7	4224.21
36668.3	58115	4225.9
36668.3	58121	4228.67
36668.3	58126.3	4232.41
36668.3	58130.9	4237.04
36668.3	58134.7	4242.39
36668.3	58137.4	4248.32
36668.3	58139.1	4254.63
36668.3	58139.7	4261.14
36668.3	58139.1	4267.65
36668.3	58137.4	4273.97
36668.3	58134.7	4279.89
36668.3	58130.9	4285.25
36668.3	58126.3	4289.87
36668.3	58121	4293.62
36668.3	58115	4296.38
36668.3	58108.7	4298.07
36668.3	58102.2	4298.64
36668.3	58095.7	4298.07
36668.3	58089.4	4296.38
36668.3	58083.5	4293.62
36668.3	58078.1	4289.87
36668.3	58073.5	4285.25
36668.3	58069.7	4279.89
36668.3	58067	4273.97
36668.3	58065.3	4267.65
36668.3	58064.7	4261.14
36668.3	58065.3	4254.63
36668.3	58067	4248.32
36668.3	58069.7	4242.39
36668.3	58073.5	4237.04
36668.3	58078.1	4232.41
36668.3	58083.5	4228.67
36668.3	58089.4	4225.9

#	Triangle	78
0	2	1	3	2	0	88	8	91	7	8	88	92	12	95	11	12	92
4	3	5	4	11	3	11	7	3	7	6	3	6	2	3	11	10	7	10	14	7	14	49	7	49	48	7	48	47	7	47	50	7	50	85	7	85	84	7	84	83	7	83	8	7	9	2	6	4	12	11	13	14	10	13	15	14	13	16	15	13	17	16	13	18	17	46	50	47	13	19	18	45	50	46	13	20	19	44	50	45	44	51	50	44	52	51	44	53	52	13	21	20	43	53	44	43	54	53	82	8	83	43	55	54	81	8	82	43	56	55	80	8	81	13	22	21	42	56	43	42	57	56	79	8	80	42	58	57	78	8	79	13	23	22	41	58	42	41	59	58	77	8	78	41	60	59	76	8	77	13	24	23	40	60	41	40	61	60	75	8	76	13	25	24	39	61	40	39	62	61	74	8	75	39	63	62	73	8	74	39	64	63	72	8	73	13	26	25	38	64	39	38	65	64	71	8	72	38	66	65	70	8	71	38	67	66	69	8	70	13	27	26	37	67	38	37	68	67	68	8	69	37	8	68	13	28	27	36	8	37	13	29	28	35	8	36	13	30	29	34	8	35	13	31	30	33	8	34	13	32	31	32	8	33	13	8	32	4	13	12	4	8	13	4	9	8	4	2	9
5	86	4	87	86	5	90	6	89	9	6	90	94	10	93	13	10	94
1	89	0	89	87	0	89	88	87	88	93	87	93	92	87	92	86	87	1	90	89	91	136	88	136	135	88	135	134	88	134	133	88	133	100	88	100	99	88	99	98	88	98	97	88	97	93	88	97	94	93	95	86	92	96	94	97	131	94	96	130	94	131	133	101	100	129	94	130	133	102	101	128	94	129	133	103	102	127	94	128	132	103	133	167	103	132	166	103	167	166	104	103	126	94	127	91	137	136	165	104	166	91	138	137	164	104	165	91	139	138	163	104	164	163	105	104	125	94	126	91	140	139	162	105	163	91	141	140	161	105	162	161	106	105	124	94	125	91	142	141	160	106	161	91	143	142	159	106	160	159	107	106	123	94	124	91	144	143	158	107	159	158	108	107	122	94	123	91	145	144	157	108	158	91	146	145	156	108	157	91	147	146	155	108	156	155	109	108	121	94	122	91	148	147	154	109	155	91	149	148	153	109	154	91	150	149	152	109	153	152	110	109	120	94	121	91	151	150	151	110	152	91	110	151	91	111	110	119	94	120	91	112	111	118	94	119	91	113	112	117	94	118	91	114	113	116	94	117	91	115	114	115	94	116	91	94	115	91	95	94	91	86	95	1	91	90	1	86	91
0	5	3	87	5	0	91	9	90	8	9	91	95	13	94	12	13	95
2	86	1	4	86	2	89	7	88	6	7	89	93	11	92	10	11	93
97	15	96	14	15	97
96	16	131	15	16	96
131	17	130	16	17	131
130	18	129	17	18	130
129	19	128	18	19	129
128	20	127	19	20	128
127	21	126	20	21	127
126	22	125	21	22	126
125	23	124	22	23	125
124	24	123	23	24	124
123	25	122	24	25	123
122	26	121	25	26	122
121	27	120	26	27	121
120	28	119	27	28	120
119	29	118	28	29	119
118	30	117	29	30	118
117	31	116	30	31	117
116	32	115	31	32	116
115	33	114	32	33	115
114	34	113	33	34	114
113	35	112	34	35	113
112	36	111	35	36	112
111	37	110	36	37	111
110	38	109	37	38	110
109	39	108	38	39	109
108	40	107	39	40	108
107	41	106	40	41	107
106	42	105	41	42	106
105	43	104	42	43	105
104	44	103	43	44	104
103	45	102	44	45	103
102	46	101	45	46	102
101	47	100	46	47	101
100	48	99	47	48	100
99	49	98	48	49	99
98	14	97	49	14	98
133	51	132	50	51	133
132	52	167	51	52	132
167	53	166	52	53	167
166	54	165	53	54	166
165	55	164	54	55	165
164	56	163	55	56	164
163	57	162	56	57	163
162	58	161	57	58	162
161	59	160	58	59	161
160	60	159	59	60	160
159	61	158	60	61	159
158	62	157	61	62	158
157	63	156	62	63	157
156	64	155	63	64	156
155	65	154	64	65	155
154	66	153	65	66	154
153	67	152	66	67	153
152	68	151	67	68	152
151	69	150	68	69	151
150	70	149	69	70	150
149	71	148	70	71	149
148	72	147	71	72	148
147	73	146	72	73	147
146	74	145	73	74	146
145	75	144	74	75	145
144	76	143	75	76	144
143	77	142	76	77	143
142	78	141	77	78	142
141	79	140	78	79	141
140	80	139	79	80	140
139	81	138	80	81	139
138	82	137	81	82	138
137	83	136	82	83	137
136	84	135	83	84	136
135	85	134	84	85	135
134	50	133	85	50	134

#	Normal	78
-0	-1	-0
1	0	0
-0	1	0
-1	0	0
-0	0	1
-0	-0	-1
-0	-0.0871511	-0.996195
-0	-0.258811	-0.965928
-0	-0.42262	-0.906307
-0	-0.573559	-0.819164
-0	-0.707067	-0.707147
-0	-0.8191	-0.57365
-0	-0.906322	-0.422588
-0	-0.965963	-0.258679
-0	-0.996201	-0.0870786
0	-0.996201	0.0870786
0	-0.965963	0.258679
0	-0.906322	0.422588
0	-0.8191	0.57365
0	-0.707067	0.707147
0	-0.573532	0.819183
0	-0.42262	0.906307
0	-0.258848	0.965918
0	-0.0871511	0.996195
0	0.0871789	0.996193
0	0.258768	0.965939
0	0.42262	0.906307
0	0.573683	0.819078
0	0.707067	0.707147
0	0.8191	0.57365
0	0.906322	0.422588
0	0.965963	0.258679
0	0.996174	0.0873963
0	0.996174	-0.0873963
0	0.965963	-0.258679
0	0.906322	-0.422588
0	0.8191	-0.57365
0	0.707067	-0.707147
0	0.573709	-0.819059
0	0.42262	-0.906307
0	0.258731	-0.965949
0	0.0871789	-0.996193
-0	-0.0871744	-0.996193
-0	-0.258885	-0.965908
-0	-0.42255	-0.90634
-0	-0.573763	-0.819021
-0	-0.706883	-0.707331
-0	-0.819099	-0.573653
-0	-0.906357	-0.422513
-0	-0.965942	-0.25876
-0	-0.996187	-0.0872485
0	-0.996187	0.087242
0	-0.965942	0.25876
0	-0.906343	0.422542
0	-0.819123	0.573618
0	-0.706883	0.707331
0	-0.573763	0.819021
0	-0.42255	0.90634
0	-0.258885	0.965908
0	-0.0871002	0.9962
0	0.0871002	0.9962
0	0.258736	0.965948
0	0.422779	0.906233
0	0.573482	0.819218
0	0.707181	0.707032
0	0.819123	0.573618
0	0.906343	0.422542
0	0.965942	0.25876
0	0.996187	0.087242
0	0.996187	-0.0872485
0	0.965942	-0.25876
0	0.906357	-0.422513
0	0.819099	-0.573653
0	0.707181	-0.707032
0	0.573482	-0.819218
0	0.422779	-0.906233
0	0.258736	-0.965948
0	0.0871744	-0.996193

#	Mesh	0	End

