#	Mesh	0	Begin

#	Vertex	40
40718.3	66164.5	-50
40718.3	66164.5	5230
40718.3	65964.5	5230
40718.3	65964.5	-50
47418.3	65964.5	5230
47418.3	65964.5	-50
43718.3	65964.5	2100
42518.3	65964.5	2100
42518.3	65964.5	200
43718.3	65964.5	200
47068.3	65964.5	2100
45868.3	65964.5	2100
45868.3	65964.5	200
47068.3	65964.5	200
43811	65964.5	3750
44111	65964.5	3750
44111	65964.5	3950
43811	65964.5	3950
43511	65964.5	3950
43211	65964.5	3950
43211	65964.5	3750
43511	65964.5	3750
47418.3	66164.5	5230
47418.3	66164.5	-50
42518.3	66164.5	2100
43718.3	66164.5	2100
43718.3	66164.5	200
42518.3	66164.5	200
45868.3	66164.5	2100
47068.3	66164.5	2100
47068.3	66164.5	200
45868.3	66164.5	200
44111	66164.5	3750
43811	66164.5	3750
43511	66164.5	3750
43211	66164.5	3750
43211	66164.5	3950
43511	66164.5	3950
43811	66164.5	3950
44111	66164.5	3950

#	Triangle	6
0	2	1	3	2	0	32	16	39	15	16	32	9	25	26	6	25	9	13	29	30	10	29	13
4	13	5	13	3	5	13	12	3	12	9	3	9	8	3	8	2	3	4	10	13	11	9	12	11	6	9	7	2	8	4	11	10	4	6	11	4	7	6	4	15	7	15	14	7	14	21	7	21	20	7	20	2	7	4	16	15	19	2	20	4	17	16	4	18	17	4	19	18	4	2	19
5	22	4	23	22	5	36	20	35	19	20	36	7	27	24	8	27	7	11	31	28	12	31	11
1	27	0	27	23	0	27	26	23	26	31	23	31	30	23	30	22	23	1	24	27	25	31	26	25	28	31	29	22	30	1	25	24	1	28	25	1	35	28	35	29	28	35	34	29	34	33	29	33	32	29	32	22	29	1	36	35	39	22	32	1	37	36	1	38	37	1	39	38	1	22	39
0	5	3	23	5	0	39	17	38	16	17	39	37	19	36	18	19	37	38	18	37	17	18	38	6	24	25	7	24	6	10	28	29	11	28	10
2	22	1	4	22	2	33	15	32	14	15	33	35	21	34	20	21	35	34	14	33	21	14	34	8	26	27	9	26	8	12	30	31	13	30	12

#	Normal	6
1	0	0
0	1	-0
-1	0	0
0	-1	0
0	0	1
0	0	-1

#	Mesh	0	End

