#	Mesh	0	Begin

#	Vertex	344
62118.3	64564.5	-50
62118.3	64564.5	5230
62118.3	64764.5	5230
62118.3	64764.5	-50
36668.3	64764.5	5230
36668.3	64764.5	-50
57418.3	64764.5	2100
58418.3	64764.5	2100
58418.3	64764.5	0
57418.3	64764.5	0
48668.3	64764.5	2100
50168.3	64764.5	2100
50168.3	64764.5	0
48668.3	64764.5	0
54118.3	64764.5	2100
55318.3	64764.5	2100
55318.3	64764.5	200
54118.3	64764.5	200
44111	64764.5	3750
43811	64764.5	3750
43511	64764.5	3750
43211	64764.5	3750
43211	64764.5	3950
43511	64764.5	3950
43811	64764.5	3950
44111	64764.5	3950
53054.2	64764.5	3950
51704.2	64764.5	3950
51704.2	64764.5	4550
53054.2	64764.5	4550
55755	64764.5	3709.65
55747.2	64764.5	3710.33
55739.6	64764.5	3712.36
55732.5	64764.5	3715.68
55726.1	64764.5	3720.18
55720.5	64764.5	3725.72
55716	64764.5	3732.15
55712.7	64764.5	3739.26
55710.7	64764.5	3746.84
55710	64764.5	3754.65
55710.7	64764.5	3762.46
55712.7	64764.5	3770.04
55716	64764.5	3777.15
55720.5	64764.5	3783.57
55726.1	64764.5	3789.12
55732.5	64764.5	3793.62
55739.6	64764.5	3796.94
55747.2	64764.5	3798.97
55755	64764.5	3799.65
55762.8	64764.5	3798.97
55770.4	64764.5	3796.94
55777.5	64764.5	3793.62
55783.9	64764.5	3789.12
55789.5	64764.5	3783.57
55794	64764.5	3777.15
55797.3	64764.5	3770.04
55799.3	64764.5	3762.46
55800	64764.5	3754.65
55799.3	64764.5	3746.84
55797.3	64764.5	3739.26
55794	64764.5	3732.15
55789.5	64764.5	3725.72
55783.9	64764.5	3720.18
55777.5	64764.5	3715.68
55770.4	64764.5	3712.36
55762.8	64764.5	3710.33
56648.1	64764.5	3873.66
56641.6	64764.5	3874.23
56635.3	64764.5	3875.93
56629.4	64764.5	3878.69
56624	64764.5	3882.44
56619.4	64764.5	3887.06
56615.6	64764.5	3892.41
56612.9	64764.5	3898.34
56611.2	64764.5	3904.65
56610.6	64764.5	3911.16
56611.2	64764.5	3917.68
56612.9	64764.5	3923.99
56615.6	64764.5	3929.91
56619.4	64764.5	3935.27
56624	64764.5	3939.89
56629.4	64764.5	3943.64
56635.3	64764.5	3946.4
56641.6	64764.5	3948.09
56648.1	64764.5	3948.66
56654.6	64764.5	3948.09
56660.9	64764.5	3946.4
56666.9	64764.5	3943.64
56672.2	64764.5	3939.89
56676.8	64764.5	3935.27
56680.6	64764.5	3929.91
56683.4	64764.5	3923.99
56685	64764.5	3917.68
56685.6	64764.5	3911.16
56685	64764.5	3904.65
56683.4	64764.5	3898.34
56680.6	64764.5	3892.41
56676.8	64764.5	3887.06
56672.2	64764.5	3882.44
56666.9	64764.5	3878.69
56660.9	64764.5	3875.93
56654.6	64764.5	3874.23
55998.4	64764.5	3699.76
55984.5	64764.5	3700.97
55971.1	64764.5	3704.58
55958.4	64764.5	3710.48
55947	64764.5	3718.47
55937.1	64764.5	3728.33
55929.1	64764.5	3739.76
55923.3	64764.5	3752.4
55919.6	64764.5	3765.87
55918.4	64764.5	3779.76
55919.6	64764.5	3793.65
55923.3	64764.5	3807.12
55929.1	64764.5	3819.76
55937.1	64764.5	3831.18
55947	64764.5	3841.04
55958.4	64764.5	3849.04
55971.1	64764.5	3854.93
55984.5	64764.5	3858.54
55998.4	64764.5	3859.76
56012.3	64764.5	3858.54
56025.8	64764.5	3854.93
56038.4	64764.5	3849.04
56049.8	64764.5	3841.04
56059.7	64764.5	3831.18
56067.7	64764.5	3819.76
56073.6	64764.5	3807.12
56077.2	64764.5	3793.65
56078.4	64764.5	3779.76
56077.2	64764.5	3765.87
56073.6	64764.5	3752.4
56067.7	64764.5	3739.76
56059.7	64764.5	3728.33
56049.8	64764.5	3718.47
56038.4	64764.5	3710.48
56025.8	64764.5	3704.58
56012.3	64764.5	3700.97
57006.6	64764.5	3825.74
56994.4	64764.5	3826.8
56982.6	64764.5	3829.96
56971.6	64764.5	3835.12
56961.6	64764.5	3842.12
56952.9	64764.5	3850.74
56945.9	64764.5	3860.74
56940.8	64764.5	3871.8
56937.6	64764.5	3883.58
56936.6	64764.5	3895.74
56937.6	64764.5	3907.89
56940.8	64764.5	3919.68
56945.9	64764.5	3930.74
56952.9	64764.5	3940.73
56961.6	64764.5	3949.36
56971.6	64764.5	3956.36
56982.6	64764.5	3961.52
56994.4	64764.5	3964.68
57006.6	64764.5	3965.74
57018.7	64764.5	3964.68
57030.5	64764.5	3961.52
57041.6	64764.5	3956.36
57051.6	64764.5	3949.36
57060.2	64764.5	3940.73
57067.2	64764.5	3930.74
57072.3	64764.5	3919.68
57075.5	64764.5	3907.89
57076.6	64764.5	3895.74
57075.5	64764.5	3883.58
57072.3	64764.5	3871.8
57067.2	64764.5	3860.74
57060.2	64764.5	3850.74
57051.6	64764.5	3842.12
57041.6	64764.5	3835.12
57030.5	64764.5	3829.96
57018.7	64764.5	3826.8
36668.3	64564.5	5230
36668.3	64564.5	-50
58418.3	64564.5	2100
57418.3	64564.5	2100
57418.3	64564.5	0
58418.3	64564.5	0
50168.3	64564.5	2100
48668.3	64564.5	2100
48668.3	64564.5	0
50168.3	64564.5	0
55318.3	64564.5	2100
54118.3	64564.5	2100
54118.3	64564.5	200
55318.3	64564.5	200
43811	64564.5	3750
44111	64564.5	3750
44111	64564.5	3950
43811	64564.5	3950
43511	64564.5	3950
43211	64564.5	3950
43211	64564.5	3750
43511	64564.5	3750
51704.2	64564.5	3950
53054.2	64564.5	3950
53054.2	64564.5	4550
51704.2	64564.5	4550
55747.2	64564.5	3710.33
55755	64564.5	3709.65
55762.8	64564.5	3710.33
55770.4	64564.5	3712.36
55777.5	64564.5	3715.68
55783.9	64564.5	3720.18
55789.5	64564.5	3725.72
55794	64564.5	3732.15
55797.3	64564.5	3739.26
55799.3	64564.5	3746.84
55800	64564.5	3754.65
55799.3	64564.5	3762.46
55797.3	64564.5	3770.04
55794	64564.5	3777.15
55789.5	64564.5	3783.57
55783.9	64564.5	3789.12
55777.5	64564.5	3793.62
55770.4	64564.5	3796.94
55762.8	64564.5	3798.97
55755	64564.5	3799.65
55747.2	64564.5	3798.97
55739.6	64564.5	3796.94
55732.5	64564.5	3793.62
55726.1	64564.5	3789.12
55720.5	64564.5	3783.57
55716	64564.5	3777.15
55712.7	64564.5	3770.04
55710.7	64564.5	3762.46
55710	64564.5	3754.65
55710.7	64564.5	3746.84
55712.7	64564.5	3739.26
55716	64564.5	3732.15
55720.5	64564.5	3725.72
55726.1	64564.5	3720.18
55732.5	64564.5	3715.68
55739.6	64564.5	3712.36
56641.6	64564.5	3874.23
56648.1	64564.5	3873.66
56654.6	64564.5	3874.23
56660.9	64564.5	3875.93
56666.9	64564.5	3878.69
56672.2	64564.5	3882.44
56676.8	64564.5	3887.06
56680.6	64564.5	3892.41
56683.4	64564.5	3898.34
56685	64564.5	3904.65
56685.6	64564.5	3911.16
56685	64564.5	3917.68
56683.4	64564.5	3923.99
56680.6	64564.5	3929.91
56676.8	64564.5	3935.27
56672.2	64564.5	3939.89
56666.9	64564.5	3943.64
56660.9	64564.5	3946.4
56654.6	64564.5	3948.09
56648.1	64564.5	3948.66
56641.6	64564.5	3948.09
56635.3	64564.5	3946.4
56629.4	64564.5	3943.64
56624	64564.5	3939.89
56619.4	64564.5	3935.27
56615.6	64564.5	3929.91
56612.9	64564.5	3923.99
56611.2	64564.5	3917.68
56610.6	64564.5	3911.16
56611.2	64564.5	3904.65
56612.9	64564.5	3898.34
56615.6	64564.5	3892.41
56619.4	64564.5	3887.06
56624	64564.5	3882.44
56629.4	64564.5	3878.69
56635.3	64564.5	3875.93
55984.5	64564.5	3700.97
55998.4	64564.5	3699.76
56012.3	64564.5	3700.97
56025.8	64564.5	3704.58
56038.4	64564.5	3710.48
56049.8	64564.5	3718.47
56059.7	64564.5	3728.33
56067.7	64564.5	3739.76
56073.6	64564.5	3752.4
56077.2	64564.5	3765.87
56078.4	64564.5	3779.76
56077.2	64564.5	3793.65
56073.6	64564.5	3807.12
56067.7	64564.5	3819.76
56059.7	64564.5	3831.18
56049.8	64564.5	3841.04
56038.4	64564.5	3849.04
56025.8	64564.5	3854.93
56012.3	64564.5	3858.54
55998.4	64564.5	3859.76
55984.5	64564.5	3858.54
55971.1	64564.5	3854.93
55958.4	64564.5	3849.04
55947	64564.5	3841.04
55937.1	64564.5	3831.18
55929.1	64564.5	3819.76
55923.3	64564.5	3807.12
55919.6	64564.5	3793.65
55918.4	64564.5	3779.76
55919.6	64564.5	3765.87
55923.3	64564.5	3752.4
55929.1	64564.5	3739.76
55937.1	64564.5	3728.33
55947	64564.5	3718.47
55958.4	64564.5	3710.48
55971.1	64564.5	3704.58
56994.4	64564.5	3826.8
57006.6	64564.5	3825.74
57018.7	64564.5	3826.8
57030.5	64564.5	3829.96
57041.6	64564.5	3835.12
57051.6	64564.5	3842.12
57060.2	64564.5	3850.74
57067.2	64564.5	3860.74
57072.3	64564.5	3871.8
57075.5	64564.5	3883.58
57076.6	64564.5	3895.74
57075.5	64564.5	3907.89
57072.3	64564.5	3919.68
57067.2	64564.5	3930.74
57060.2	64564.5	3940.73
57051.6	64564.5	3949.36
57041.6	64564.5	3956.36
57030.5	64564.5	3961.52
57018.7	64564.5	3964.68
57006.6	64564.5	3965.74
56994.4	64564.5	3964.68
56982.6	64564.5	3961.52
56971.6	64564.5	3956.36
56961.6	64564.5	3949.36
56952.9	64564.5	3940.73
56945.9	64564.5	3930.74
56940.8	64564.5	3919.68
56937.6	64564.5	3907.89
56936.6	64564.5	3895.74
56937.6	64564.5	3883.58
56940.8	64564.5	3871.8
56945.9	64564.5	3860.74
56952.9	64564.5	3850.74
56961.6	64564.5	3842.12
56971.6	64564.5	3835.12
56982.6	64564.5	3829.96

#	Triangle	150
0	2	1	3	2	0	194	22	193	21	22	194	177	9	6	178	9	177	181	13	10	182	13	181	17	185	186	14	185	17	196	28	199	27	28	196
4	13	5	13	3	5	13	12	3	12	9	3	9	8	3	8	2	3	4	10	13	11	17	12	17	9	12	17	16	9	16	6	9	7	2	8	11	14	17	15	6	16	4	11	10	4	21	11	21	14	11	21	15	14	21	6	15	21	7	6	21	102	7	102	137	7	137	138	7	138	173	7	173	172	7	172	2	7	21	103	102	21	104	103	136	138	137	21	30	104	30	105	104	135	138	136	21	31	30	65	105	30	21	32	31	64	105	65	64	106	105	134	138	135	21	33	32	63	106	64	21	34	33	62	106	63	62	107	106	133	138	134	21	35	34	61	107	62	21	36	35	60	107	61	60	108	107	132	138	133	21	37	36	59	108	60	21	38	37	58	108	59	58	109	108	131	138	132	21	20	38	20	19	38	19	18	38	18	39	38	57	109	58	4	22	21	25	39	18	57	110	109	130	138	131	25	40	39	56	110	57	25	41	40	55	110	56	55	111	110	129	138	130	25	42	41	54	111	55	25	43	42	53	111	54	53	112	111	128	138	129	25	44	43	52	112	53	25	45	44	51	112	52	25	46	45	50	112	51	50	113	112	127	138	128	25	47	46	49	113	50	25	48	47	48	113	49	25	113	48	25	114	113	126	138	127	25	115	114	125	138	126	125	139	138	125	140	139	125	141	140	171	2	172	25	116	115	124	141	125	124	142	141	170	2	171	25	117	116	123	142	124	123	143	142	169	2	170	25	118	117	122	143	123	122	144	143	168	2	169	25	119	118	121	144	122	25	120	119	120	144	121	25	144	120	25	145	144	167	2	168	25	66	145	66	146	145	166	2	167	25	67	66	101	146	66	25	68	67	100	146	101	25	69	68	99	146	100	25	70	69	98	146	99	25	71	70	97	146	98	97	147	146	165	2	166	25	72	71	96	147	97	25	73	72	95	147	96	95	148	147	164	2	165	25	74	73	94	148	95	25	75	74	93	148	94	93	149	148	163	2	164	25	76	75	92	149	93	25	77	76	91	149	92	91	150	149	162	2	163	25	78	77	90	150	91	25	79	78	89	150	90	89	151	150	161	2	162	25	80	79	88	151	89	25	81	80	87	151	88	87	152	151	160	2	161	25	82	81	86	152	87	25	83	82	85	152	86	25	84	83	84	152	85	25	152	84	25	27	152	27	26	152	26	153	152	159	2	160	4	23	22	4	24	23	4	25	24	4	27	25	4	28	27	29	153	26	29	154	153	158	2	159	29	155	154	157	2	158	29	156	155	156	2	157	29	2	156	4	29	28	4	2	29
5	174	4	175	174	5	190	18	189	25	18	190	179	7	8	176	7	179	183	11	12	180	11	183	15	187	184	16	187	15	198	26	197	29	26	198
1	179	0	179	175	0	179	178	175	178	183	175	183	182	175	182	174	175	1	176	179	177	187	178	187	183	178	187	186	183	186	180	183	181	174	182	177	184	187	185	180	186	1	177	176	1	184	177	1	185	184	1	311	185	311	310	185	310	309	185	309	180	185	309	181	180	309	274	181	274	273	181	273	201	181	201	189	181	189	188	181	188	195	181	195	194	181	194	174	181	272	201	273	309	275	274	307	201	272	309	276	275	306	201	307	306	202	201	200	189	201	306	203	202	235	189	200	309	277	276	305	203	306	305	204	203	234	189	235	305	205	204	233	189	234	309	278	277	304	205	305	304	206	205	232	189	233	304	207	206	231	189	232	309	279	278	303	207	304	303	208	207	230	189	231	303	209	208	229	189	230	309	280	279	302	209	303	302	210	209	228	189	229	228	190	189	193	174	194	309	281	280	301	210	302	301	211	210	227	190	228	301	212	211	226	190	227	309	282	281	300	212	301	300	213	212	225	190	226	300	214	213	224	190	225	309	283	282	299	214	300	299	215	214	223	190	224	299	216	215	222	190	223	299	217	216	221	190	222	309	284	283	298	217	299	298	218	217	220	190	221	298	219	218	219	190	220	298	190	219	309	285	284	297	190	298	309	286	285	296	190	297	308	286	309	343	286	308	1	312	311	342	286	343	342	287	286	295	190	296	1	313	312	341	287	342	341	288	287	294	190	295	1	314	313	340	288	341	340	289	288	293	190	294	1	315	314	339	289	340	339	290	289	292	190	293	339	291	290	291	190	292	339	190	291	1	316	315	338	190	339	1	317	316	337	237	338	237	190	338	337	238	237	236	190	237	337	239	238	271	190	236	337	240	239	270	190	271	337	241	240	269	190	270	337	242	241	268	190	269	1	318	317	336	242	337	336	243	242	267	190	268	336	244	243	266	190	267	1	319	318	335	244	336	335	245	244	265	190	266	335	246	245	264	190	265	1	320	319	334	246	335	334	247	246	263	190	264	334	248	247	262	190	263	1	321	320	333	248	334	333	249	248	261	190	262	333	250	249	260	190	261	1	322	321	332	250	333	332	251	250	259	190	260	332	252	251	258	190	259	1	323	322	331	252	332	331	253	252	257	190	258	331	254	253	256	190	257	331	255	254	255	190	256	331	190	255	1	324	323	330	197	331	197	196	331	196	190	331	330	198	197	199	190	196	199	191	190	199	192	191	199	193	192	199	174	193	1	325	324	329	198	330	1	326	325	328	198	329	1	327	326	327	198	328	1	198	327	1	199	198	1	174	199
0	5	3	175	5	0	191	25	190	24	25	191	193	23	192	22	23	193	192	24	191	23	24	192	176	6	7	177	6	176	180	10	11	181	10	180	14	184	185	15	184	14	199	29	198	28	29	199
2	174	1	4	174	2	189	19	188	18	19	189	195	21	194	20	21	195	188	20	195	19	20	188	178	8	9	179	8	178	182	12	13	183	12	182	16	186	187	17	186	16	197	27	196	26	27	197
201	31	200	30	31	201
200	32	235	31	32	200
235	33	234	32	33	235
234	34	233	33	34	234
233	35	232	34	35	233
232	36	231	35	36	232
231	37	230	36	37	231
230	38	229	37	38	230
229	39	228	38	39	229
228	40	227	39	40	228
227	41	226	40	41	227
226	42	225	41	42	226
225	43	224	42	43	225
224	44	223	43	44	224
223	45	222	44	45	223
222	46	221	45	46	222
221	47	220	46	47	221
220	48	219	47	48	220
219	49	218	48	49	219
218	50	217	49	50	218
217	51	216	50	51	217
216	52	215	51	52	216
215	53	214	52	53	215
214	54	213	53	54	214
213	55	212	54	55	213
212	56	211	55	56	212
211	57	210	56	57	211
210	58	209	57	58	210
209	59	208	58	59	209
208	60	207	59	60	208
207	61	206	60	61	207
206	62	205	61	62	206
205	63	204	62	63	205
204	64	203	63	64	204
203	65	202	64	65	203
202	30	201	65	30	202
237	67	236	66	67	237
236	68	271	67	68	236
271	69	270	68	69	271
270	70	269	69	70	270
269	71	268	70	71	269
268	72	267	71	72	268
267	73	266	72	73	267
266	74	265	73	74	266
265	75	264	74	75	265
264	76	263	75	76	264
263	77	262	76	77	263
262	78	261	77	78	262
261	79	260	78	79	261
260	80	259	79	80	260
259	81	258	80	81	259
258	82	257	81	82	258
257	83	256	82	83	257
256	84	255	83	84	256
255	85	254	84	85	255
254	86	253	85	86	254
253	87	252	86	87	253
252	88	251	87	88	252
251	89	250	88	89	251
250	90	249	89	90	250
249	91	248	90	91	249
248	92	247	91	92	248
247	93	246	92	93	247
246	94	245	93	94	246
245	95	244	94	95	245
244	96	243	95	96	244
243	97	242	96	97	243
242	98	241	97	98	242
241	99	240	98	99	241
240	100	239	99	100	240
239	101	238	100	101	239
238	66	237	101	66	238
273	103	272	102	103	273
272	104	307	103	104	272
307	105	306	104	105	307
306	106	305	105	106	306
305	107	304	106	107	305
304	108	303	107	108	304
303	109	302	108	109	303
302	110	301	109	110	302
301	111	300	110	111	301
300	112	299	111	112	300
299	113	298	112	113	299
298	114	297	113	114	298
297	115	296	114	115	297
296	116	295	115	116	296
295	117	294	116	117	295
294	118	293	117	118	294
293	119	292	118	119	293
292	120	291	119	120	292
291	121	290	120	121	291
290	122	289	121	122	290
289	123	288	122	123	289
288	124	287	123	124	288
287	125	286	124	125	287
286	126	285	125	126	286
285	127	284	126	127	285
284	128	283	127	128	284
283	129	282	128	129	283
282	130	281	129	130	282
281	131	280	130	131	281
280	132	279	131	132	280
279	133	278	132	133	279
278	134	277	133	134	278
277	135	276	134	135	277
276	136	275	135	136	276
275	137	274	136	137	275
274	102	273	137	102	274
309	139	308	138	139	309
308	140	343	139	140	308
343	141	342	140	141	343
342	142	341	141	142	342
341	143	340	142	143	341
340	144	339	143	144	340
339	145	338	144	145	339
338	146	337	145	146	338
337	147	336	146	147	337
336	148	335	147	148	336
335	149	334	148	149	335
334	150	333	149	150	334
333	151	332	150	151	333
332	152	331	151	152	332
331	153	330	152	153	331
330	154	329	153	154	330
329	155	328	154	155	329
328	156	327	155	156	328
327	157	326	156	157	327
326	158	325	157	158	326
325	159	324	158	159	325
324	160	323	159	160	324
323	161	322	160	161	323
322	162	321	161	162	322
321	163	320	162	163	321
320	164	319	163	164	320
319	165	318	164	165	319
318	166	317	165	166	318
317	167	316	166	167	317
316	168	315	167	168	316
315	169	314	168	169	315
314	170	313	169	170	314
313	171	312	170	171	313
312	172	311	171	172	312
311	173	310	172	173	311
310	138	309	173	138	310

#	Normal	150
-1	0	0
0	-1	0
1	0	0
0	1	-0
0	0	1
0	0	-1
-0.087167	0	-0.996194
-0.258786	0	-0.965935
-0.422596	0	-0.906318
-0.573567	0	-0.819159
-0.707325	0	-0.706889
-0.819105	0	-0.573644
-0.906241	0	-0.422761
-0.965891	0	-0.258949
-0.996195	0	-0.087148
-0.996195	0	0.087148
-0.965891	0	0.258949
-0.906241	0	0.422761
-0.819105	0	0.573644
-0.707325	0	0.706889
-0.573567	0	0.819159
-0.422596	0	0.906318
-0.258786	0	0.965935
-0.087167	0	0.996194
0.0871237	-0	0.996197
0.25891	-0	0.965901
0.422596	-0	0.906318
0.573567	-0	0.819159
0.707076	-0	0.707138
0.819105	-0	0.573644
0.906241	-0	0.422761
0.966016	-0	0.258484
0.996195	-0	0.087148
0.996195	0	-0.087148
0.966016	0	-0.258484
0.906241	0	-0.422761
0.819105	0	-0.573644
0.707076	0	-0.707138
0.573567	0	-0.819159
0.422596	0	-0.906318
0.25891	0	-0.965901
0.0871237	0	-0.996197
-0.0871744	0	-0.996193
-0.258851	0	-0.965917
-0.42255	0	-0.90634
-0.573788	0	-0.819004
-0.706883	0	-0.707331
-0.819379	0	-0.573252
-0.906128	0	-0.423004
-0.965942	0	-0.25876
-0.996187	0	-0.0872485
-0.996187	0	0.0872485
-0.965942	0	0.25876
-0.906128	0	0.423004
-0.819379	0	0.573252
-0.706901	0	0.707312
-0.573788	0	0.819004
-0.42252	0	0.906354
-0.258885	0	0.965908
-0.0871373	0	0.996196
0.0871373	-0	0.996196
0.258736	-0	0.965948
0.422748	-0	0.906247
0.573507	-0	0.8192
0.7072	-0	0.707013
0.819099	-0	0.573653
0.906357	-0	0.422513
0.965792	-0	0.259317
0.996238	-0	0.0866554
0.996238	0	-0.0866554
0.965792	0	-0.259317
0.906357	0	-0.422513
0.819099	0	-0.573653
0.707181	0	-0.707032
0.573507	0	-0.8192
0.422779	0	-0.906233
0.258701	0	-0.965957
0.0871744	0	-0.996193
-0.08716	0	-0.996194
-0.258832	0	-0.965922
-0.422567	0	-0.906332
-0.573606	0	-0.819132
-0.707151	0	-0.707063
-0.819103	0	-0.573647
-0.906277	0	-0.422685
-0.965923	0	-0.258831
-0.996198	0	-0.0871176
-0.996198	0	0.0871176
-0.965923	0	0.258831
-0.906277	0	0.422685
-0.819103	0	0.573647
-0.707142	0	0.707072
-0.573617	0	0.819123
-0.422553	0	0.906338
-0.258848	0	0.965918
-0.08716	0	0.996194
0.08716	-0	0.996194
0.258778	-0	0.965937
0.42266	-0	0.906288
0.573617	-0	0.819123
0.707002	-0	0.707212
0.819234	-0	0.573459
0.906277	-0	0.422685
0.965923	-0	0.258831
0.996198	-0	0.0871176
0.996198	0	-0.0871176
0.965923	0	-0.258831
0.906277	0	-0.422685
0.819234	0	-0.573459
0.70701	0	-0.707203
0.573606	0	-0.819132
0.422675	0	-0.906282
0.258762	0	-0.965941
0.08716	0	-0.996194
-0.0871789	0	-0.996193
-0.258768	0	-0.965939
-0.42262	0	-0.906307
-0.573683	0	-0.819078
-0.707067	0	-0.707147
-0.8191	0	-0.57365
-0.906322	0	-0.422588
-0.965963	0	-0.258679
-0.996174	0	-0.0873963
-0.996174	0	0.0873945
-0.965962	0	0.258684
-0.906322	0	0.422588
-0.819107	0	0.573641
-0.707067	0	0.707147
-0.573683	0	0.819078
-0.42262	0	0.906307
-0.258768	0	0.965939
-0.087159	0	0.996194
0.0871312	-0	0.996197
0.258848	-0	0.965918
0.42262	-0	0.906307
0.573532	-0	0.819183
0.707067	-0	0.707147
0.819107	-0	0.573641
0.906322	-0	0.422588
0.965962	-0	0.258684
0.996202	-0	0.0870769
0.996201	0	-0.0870786
0.965963	0	-0.258679
0.906322	0	-0.422588
0.8191	0	-0.57365
0.707067	0	-0.707147
0.573532	0	-0.819183
0.42262	0	-0.906307
0.258848	0	-0.965918
0.0871511	0	-0.996195

#	Mesh	0	End

