#	Mesh	0	Begin

#	Vertex	232
53718.3	59564.5	-50
53718.3	59564.5	4550
53518.3	59564.5	4550
53518.3	59564.5	-50
53518.3	51864.5	4550
53518.3	58246.2	4550
53518.3	58246.2	3950
53518.3	56896.2	3950
53518.3	56896.2	4550
53518.3	51864.5	-50
53518.3	58102.2	3736.95
53518.3	58095.7	3737.52
53518.3	58089.4	3739.21
53518.3	58083.5	3741.97
53518.3	58078.1	3745.72
53518.3	58073.5	3750.35
53518.3	58069.7	3755.7
53518.3	58067	3761.62
53518.3	58065.3	3767.94
53518.3	58064.7	3774.45
53518.3	58065.3	3780.96
53518.3	58067	3787.28
53518.3	58069.7	3793.2
53518.3	58073.5	3798.55
53518.3	58078.1	3803.18
53518.3	58083.5	3806.93
53518.3	58089.4	3809.69
53518.3	58095.7	3811.38
53518.3	58102.2	3811.95
53518.3	58108.7	3811.38
53518.3	58115	3809.69
53518.3	58121	3806.93
53518.3	58126.3	3803.18
53518.3	58130.9	3798.55
53518.3	58134.7	3793.2
53518.3	58137.4	3787.28
53518.3	58139.1	3780.96
53518.3	58139.7	3774.45
53518.3	58139.1	3767.94
53518.3	58137.4	3761.62
53518.3	58134.7	3755.7
53518.3	58130.9	3750.35
53518.3	58126.3	3745.72
53518.3	58121	3741.97
53518.3	58115	3739.21
53518.3	58108.7	3737.52
53518.3	57863.1	3727.3
53518.3	57849.2	3728.52
53518.3	57835.7	3732.13
53518.3	57823.1	3738.02
53518.3	57811.7	3746.02
53518.3	57801.8	3755.88
53518.3	57793.8	3767.3
53518.3	57787.9	3779.94
53518.3	57784.3	3793.41
53518.3	57783.1	3807.3
53518.3	57784.3	3821.19
53518.3	57787.9	3834.66
53518.3	57793.8	3847.3
53518.3	57801.8	3858.72
53518.3	57811.7	3868.59
53518.3	57823.1	3876.58
53518.3	57835.7	3882.48
53518.3	57849.2	3886.09
53518.3	57863.1	3887.3
53518.3	57877	3886.09
53518.3	57890.5	3882.48
53518.3	57903.1	3876.58
53518.3	57914.5	3868.59
53518.3	57924.4	3858.72
53518.3	57932.4	3847.3
53518.3	57938.3	3834.66
53518.3	57941.9	3821.19
53518.3	57943.1	3807.3
53518.3	57941.9	3793.41
53518.3	57938.3	3779.94
53518.3	57932.4	3767.3
53518.3	57924.4	3755.88
53518.3	57914.5	3746.02
53518.3	57903.1	3738.02
53518.3	57890.5	3732.13
53518.3	57877	3728.52
53518.3	57629.7	3726.46
53518.3	57615.9	3727.67
53518.3	57602.4	3731.28
53518.3	57589.7	3737.18
53518.3	57578.3	3745.18
53518.3	57568.5	3755.04
53518.3	57560.5	3766.46
53518.3	57554.6	3779.1
53518.3	57551	3792.57
53518.3	57549.7	3806.46
53518.3	57551	3820.35
53518.3	57554.6	3833.82
53518.3	57560.5	3846.46
53518.3	57568.5	3857.88
53518.3	57578.3	3867.74
53518.3	57589.7	3875.74
53518.3	57602.4	3881.63
53518.3	57615.9	3885.24
53518.3	57629.7	3886.46
53518.3	57643.6	3885.24
53518.3	57657.1	3881.63
53518.3	57669.7	3875.74
53518.3	57681.2	3867.74
53518.3	57691	3857.88
53518.3	57699	3846.46
53518.3	57704.9	3833.82
53518.3	57708.5	3820.35
53518.3	57709.7	3806.46
53518.3	57708.5	3792.57
53518.3	57704.9	3779.1
53518.3	57699	3766.46
53518.3	57691	3755.04
53518.3	57681.2	3745.18
53518.3	57669.7	3737.18
53518.3	57657.1	3731.28
53518.3	57643.6	3727.67
53718.3	51864.5	4550
53718.3	51864.5	-50
53718.3	56896.2	4550
53718.3	56896.2	3950
53718.3	58246.2	3950
53718.3	58246.2	4550
53718.3	58095.7	3737.52
53718.3	58102.2	3736.95
53718.3	58108.7	3737.52
53718.3	58115	3739.21
53718.3	58121	3741.97
53718.3	58126.3	3745.72
53718.3	58130.9	3750.35
53718.3	58134.7	3755.7
53718.3	58137.4	3761.62
53718.3	58139.1	3767.94
53718.3	58139.7	3774.45
53718.3	58139.1	3780.96
53718.3	58137.4	3787.28
53718.3	58134.7	3793.2
53718.3	58130.9	3798.55
53718.3	58126.3	3803.18
53718.3	58121	3806.93
53718.3	58115	3809.69
53718.3	58108.7	3811.38
53718.3	58102.2	3811.95
53718.3	58095.7	3811.38
53718.3	58089.4	3809.69
53718.3	58083.5	3806.93
53718.3	58078.1	3803.18
53718.3	58073.5	3798.55
53718.3	58069.7	3793.2
53718.3	58067	3787.28
53718.3	58065.3	3780.96
53718.3	58064.7	3774.45
53718.3	58065.3	3767.94
53718.3	58067	3761.62
53718.3	58069.7	3755.7
53718.3	58073.5	3750.35
53718.3	58078.1	3745.72
53718.3	58083.5	3741.97
53718.3	58089.4	3739.21
53718.3	57849.2	3728.52
53718.3	57863.1	3727.3
53718.3	57877	3728.52
53718.3	57890.5	3732.13
53718.3	57903.1	3738.02
53718.3	57914.5	3746.02
53718.3	57924.4	3755.88
53718.3	57932.4	3767.3
53718.3	57938.3	3779.94
53718.3	57941.9	3793.41
53718.3	57943.1	3807.3
53718.3	57941.9	3821.19
53718.3	57938.3	3834.66
53718.3	57932.4	3847.3
53718.3	57924.4	3858.72
53718.3	57914.5	3868.59
53718.3	57903.1	3876.58
53718.3	57890.5	3882.48
53718.3	57877	3886.09
53718.3	57863.1	3887.3
53718.3	57849.2	3886.09
53718.3	57835.7	3882.48
53718.3	57823.1	3876.58
53718.3	57811.7	3868.59
53718.3	57801.8	3858.72
53718.3	57793.8	3847.3
53718.3	57787.9	3834.66
53718.3	57784.3	3821.19
53718.3	57783.1	3807.3
53718.3	57784.3	3793.41
53718.3	57787.9	3779.94
53718.3	57793.8	3767.3
53718.3	57801.8	3755.88
53718.3	57811.7	3746.02
53718.3	57823.1	3738.02
53718.3	57835.7	3732.13
53718.3	57615.9	3727.67
53718.3	57629.7	3726.46
53718.3	57643.6	3727.67
53718.3	57657.1	3731.28
53718.3	57669.7	3737.18
53718.3	57681.2	3745.18
53718.3	57691	3755.04
53718.3	57699	3766.46
53718.3	57704.9	3779.1
53718.3	57708.5	3792.57
53718.3	57709.7	3806.46
53718.3	57708.5	3820.35
53718.3	57704.9	3833.82
53718.3	57699	3846.46
53718.3	57691	3857.88
53718.3	57681.2	3867.74
53718.3	57669.7	3875.74
53718.3	57657.1	3881.63
53718.3	57643.6	3885.24
53718.3	57629.7	3886.46
53718.3	57615.9	3885.24
53718.3	57602.4	3881.63
53718.3	57589.7	3875.74
53718.3	57578.3	3867.74
53718.3	57568.5	3857.88
53718.3	57560.5	3846.46
53718.3	57554.6	3833.82
53718.3	57551	3820.35
53718.3	57549.7	3806.46
53718.3	57551	3792.57
53718.3	57554.6	3779.1
53718.3	57560.5	3766.46
53718.3	57568.5	3755.04
53718.3	57578.3	3745.18
53718.3	57589.7	3737.18
53718.3	57602.4	3731.28

#	Triangle	104
0	2	1	3	2	0	121	8	120	7	8	121
4	3	9	4	83	3	83	82	3	82	46	3	46	81	3	81	80	3	80	10	3	10	45	3	45	44	3	44	43	3	43	2	3	117	46	82	117	47	46	4	84	83	116	47	117	116	48	47	4	85	84	115	48	116	115	49	48	79	10	80	79	11	10	4	86	85	114	49	115	79	12	11	114	50	49	78	12	79	78	13	12	78	14	13	42	2	43	4	87	86	113	50	114	78	15	14	41	2	42	113	51	50	77	15	78	77	16	15	40	2	41	4	88	87	112	51	113	77	17	16	39	2	40	112	52	51	76	17	77	76	18	17	38	2	39	4	89	88	111	52	112	111	53	52	75	18	76	75	19	18	37	2	38	75	20	19	36	2	37	4	90	89	110	53	111	110	54	53	74	20	75	74	21	20	35	2	36	74	22	21	34	2	35	4	91	90	109	54	110	74	23	22	33	2	34	109	55	54	73	23	74	73	24	23	32	2	33	73	25	24	31	2	32	4	92	91	108	55	109	73	26	25	30	2	31	108	56	55	72	26	73	72	27	26	29	2	30	72	28	27	28	2	29	72	6	28	6	2	28	4	93	92	107	56	108	107	57	56	71	6	72	4	94	93	106	57	107	106	58	57	70	6	71	4	95	94	105	58	106	105	59	58	69	6	70	4	96	95	104	59	105	104	60	59	68	6	69	4	7	96	7	97	96	103	60	104	103	61	60	67	6	68	7	98	97	102	61	103	102	62	61	66	6	67	7	99	98	101	62	102	101	63	62	65	6	66	7	100	99	100	63	101	100	64	63	64	6	65	7	64	100	7	6	64	4	8	7	5	2	6
9	118	4	119	118	9	123	6	122	5	6	123
1	119	0	1	128	119	128	127	119	127	126	119	126	125	119	125	163	119	163	162	119	162	161	119	161	197	119	197	196	119	196	118	119	161	198	197	160	198	161	160	199	198	231	118	196	195	199	160	195	200	199	230	118	231	125	164	163	194	200	195	124	164	125	194	201	200	229	118	230	159	164	124	159	165	164	193	201	194	158	165	159	1	129	128	157	165	158	193	202	201	228	118	229	1	130	129	156	165	157	156	166	165	192	202	193	1	131	130	155	166	156	192	203	202	227	118	228	1	132	131	154	166	155	154	167	166	191	203	192	1	133	132	153	167	154	191	204	203	226	118	227	153	168	167	190	204	191	1	134	133	152	168	153	1	135	134	151	168	152	190	205	204	225	118	226	151	169	168	189	205	190	1	136	135	150	169	151	1	137	136	149	169	150	189	206	205	224	118	225	1	138	137	148	169	149	148	170	169	188	206	189	1	139	138	147	170	148	1	140	139	146	170	147	188	207	206	223	118	224	1	141	140	145	170	146	145	171	170	187	207	188	1	142	141	144	171	145	1	143	142	143	171	144	1	122	143	122	171	143	187	208	207	222	118	223	122	172	171	186	208	187	186	209	208	221	118	222	122	173	172	185	209	186	185	210	209	220	118	221	122	174	173	184	210	185	184	211	210	219	118	220	122	175	174	183	211	184	183	212	211	218	121	219	121	118	219	122	176	175	182	212	183	182	213	212	217	121	218	122	177	176	181	213	182	181	214	213	216	121	217	122	178	177	180	214	181	180	215	214	215	121	216	122	179	178	179	215	180	179	121	215	122	121	179	1	123	122	120	118	121
0	9	3	119	9	0
8	118	120	4	118	8	123	2	5	1	2	123	122	7	121	6	7	122
125	11	124	10	11	125
124	12	159	11	12	124
159	13	158	12	13	159
158	14	157	13	14	158
157	15	156	14	15	157
156	16	155	15	16	156
155	17	154	16	17	155
154	18	153	17	18	154
153	19	152	18	19	153
152	20	151	19	20	152
151	21	150	20	21	151
150	22	149	21	22	150
149	23	148	22	23	149
148	24	147	23	24	148
147	25	146	24	25	147
146	26	145	25	26	146
145	27	144	26	27	145
144	28	143	27	28	144
143	29	142	28	29	143
142	30	141	29	30	142
141	31	140	30	31	141
140	32	139	31	32	140
139	33	138	32	33	139
138	34	137	33	34	138
137	35	136	34	35	137
136	36	135	35	36	136
135	37	134	36	37	135
134	38	133	37	38	134
133	39	132	38	39	133
132	40	131	39	40	132
131	41	130	40	41	131
130	42	129	41	42	130
129	43	128	42	43	129
128	44	127	43	44	128
127	45	126	44	45	127
126	10	125	45	10	126
161	47	160	46	47	161	197	83	196	82	83	197
160	48	195	47	48	160
195	49	194	48	49	195
194	50	193	49	50	194
193	51	192	50	51	193	229	87	228	86	87	229
192	52	191	51	52	192
191	53	190	52	53	191
190	54	189	53	54	190	226	90	225	89	90	226
189	55	188	54	55	189
188	56	187	55	56	188
187	57	186	56	57	187	223	93	222	92	93	223
186	58	185	57	58	186
185	59	184	58	59	185	221	95	220	94	95	221
184	60	183	59	60	184
183	61	182	60	61	183
182	62	181	61	62	182
181	63	180	62	63	181
180	64	179	63	64	180	216	100	215	99	100	216
179	65	178	64	65	179
178	66	177	65	66	178
177	67	176	66	67	177
176	68	175	67	68	176
175	69	174	68	69	175
174	70	173	69	70	174
173	71	172	70	71	173
172	72	171	71	72	172	208	108	207	107	108	208
171	73	170	72	73	171	207	109	206	108	109	207
170	74	169	73	74	170	206	110	205	109	110	206
169	75	168	74	75	169	205	111	204	110	111	205
168	76	167	75	76	168
167	77	166	76	77	167
166	78	165	77	78	166
165	79	164	78	79	165
164	80	163	79	80	164
163	81	162	80	81	163
162	46	161	81	46	162
196	84	231	83	84	196
231	85	230	84	85	231
230	86	229	85	86	230
228	88	227	87	88	228
227	89	226	88	89	227
225	91	224	90	91	225
224	92	223	91	92	224
222	94	221	93	94	222
220	96	219	95	96	220
219	97	218	96	97	219
218	98	217	97	98	218
217	99	216	98	99	217
215	101	214	100	101	215
214	102	213	101	102	214
213	103	212	102	103	213
212	104	211	103	104	212
211	105	210	104	105	211
210	106	209	105	106	210
209	107	208	106	107	209
204	112	203	111	112	204
203	113	202	112	113	203
202	114	201	113	114	202
201	115	200	114	115	201
200	116	199	115	116	200
199	117	198	116	117	199
198	82	197	117	82	198

#	Normal	104
-0	-1	-0
1	0	0
-0	1	0
-1	0	0
-0	0	1
-0	-0	-1
-0	-0.0871373	-0.996196
-0	-0.258885	-0.965908
-0	-0.42252	-0.906354
-0	-0.573507	-0.8192
-0	-0.707181	-0.707032
-0	-0.819111	-0.573635
-0	-0.90635	-0.422528
-0	-0.965942	-0.25876
-0	-0.996187	-0.0872452
0	-0.996187	0.0872485
0	-0.965942	0.25876
0	-0.906357	0.422513
0	-0.819099	0.573653
0	-0.707181	0.707032
0	-0.573507	0.8192
0	-0.42252	0.906354
0	-0.258885	0.965908
0	-0.0871744	0.996193
0	0.0871744	0.996193
0	0.258736	0.965948
0	0.422748	0.906247
0	0.573507	0.8192
0	0.707181	0.707032
0	0.819099	0.573653
0	0.906357	0.422513
0	0.965942	0.25876
0	0.996187	0.0872485
0	0.996187	-0.0872452
0	0.965942	-0.25876
0	0.90635	-0.422528
0	0.819111	-0.573635
0	0.707181	-0.707032
0	0.573507	-0.8192
0	0.422748	-0.906247
0	0.258736	-0.965948
0	0.0871373	-0.996196
-0	-0.08716	-0.996194
-0	-0.258848	-0.965918
-0	-0.422553	-0.906338
-0	-0.573617	-0.819123
-0	-0.707151	-0.707063
-0	-0.819097	-0.573655
-0	-0.906277	-0.422685
-0	-0.965923	-0.258831
-0	-0.996198	-0.0871176
0	-0.996198	0.0871176
0	-0.965923	0.258831
0	-0.906277	0.422685
0	-0.819103	0.573647
0	-0.707151	0.707063
0	-0.573606	0.819132
0	-0.422567	0.906332
0	-0.258832	0.965922
0	-0.08716	0.996194
0	0.08716	0.996194
0	0.258762	0.965941
0	0.422675	0.906282
0	0.573606	0.819132
0	0.70701	0.707203
0	0.819234	0.573459
0	0.906277	0.422685
0	0.965923	0.258831
0	0.996198	0.0871176
0	0.996198	-0.0871176
0	0.965923	-0.258831
0	0.906277	-0.422685
0	0.819229	-0.573467
0	0.70701	-0.707203
0	0.573617	-0.819123
0	0.42266	-0.906288
0	0.258778	-0.965937
0	0.08716	-0.996194
-0	-0.258832	-0.965922
-0	-0.422567	-0.906332
-0	-0.573606	-0.819132
-0	-0.819103	-0.573647
-0	-0.906384	-0.422455
-0	-0.996174	-0.0873956
0	-0.996174	0.0873956
0	-0.906384	0.422455
0	-0.707142	0.707072
0	-0.573617	0.819123
0	-0.422553	0.906338
0	-0.258848	0.965918
0	0.0871357	0.996196
0	0.258848	0.965918
0	0.42266	0.906288
0	0.573486	0.819215
0	0.707142	0.707072
0	0.819103	0.573647
0	0.906384	0.422455
0	0.906384	-0.422455
0	0.819103	-0.573647
0	0.707151	-0.707063
0	0.573474	-0.819224
0	0.422675	-0.906282
0	0.258832	-0.965922
0	0.0871357	-0.996196

#	Mesh	0	End

