#	Mesh	0	Begin

#	Vertex	80
53268.3	18264.5	-50
53268.3	18264.5	5230
53468.3	18264.5	5230
53468.3	18264.5	-50
53468.3	25964.5	5230
53468.3	25964.5	-50
53468.3	25064.6	4479.34
53468.3	25071.1	4479.91
53468.3	25077.4	4481.6
53468.3	25083.3	4484.36
53468.3	25088.7	4488.11
53468.3	25093.3	4492.73
53468.3	25097.1	4498.09
53468.3	25099.8	4504.01
53468.3	25101.5	4510.33
53468.3	25102.1	4516.84
53468.3	25101.5	4523.35
53468.3	25099.8	4529.66
53468.3	25097.1	4535.59
53468.3	25093.3	4540.94
53468.3	25088.7	4545.56
53468.3	25083.3	4549.31
53468.3	25077.4	4552.08
53468.3	25071.1	4553.77
53468.3	25064.6	4554.34
53468.3	25058.1	4553.77
53468.3	25051.8	4552.08
53468.3	25045.8	4549.31
53468.3	25040.5	4545.56
53468.3	25035.9	4540.94
53468.3	25032.1	4535.59
53468.3	25029.4	4529.66
53468.3	25027.7	4523.35
53468.3	25027.1	4516.84
53468.3	25027.7	4510.33
53468.3	25029.4	4504.01
53468.3	25032.1	4498.09
53468.3	25035.9	4492.73
53468.3	25040.5	4488.11
53468.3	25045.8	4484.36
53468.3	25051.8	4481.6
53468.3	25058.1	4479.91
53268.3	25964.5	5230
53268.3	25964.5	-50
53268.3	25071.1	4479.91
53268.3	25064.6	4479.34
53268.3	25058.1	4479.91
53268.3	25051.8	4481.6
53268.3	25045.8	4484.36
53268.3	25040.5	4488.11
53268.3	25035.9	4492.73
53268.3	25032.1	4498.09
53268.3	25029.4	4504.01
53268.3	25027.7	4510.33
53268.3	25027.1	4516.84
53268.3	25027.7	4523.35
53268.3	25029.4	4529.66
53268.3	25032.1	4535.59
53268.3	25035.9	4540.94
53268.3	25040.5	4545.56
53268.3	25045.8	4549.31
53268.3	25051.8	4552.08
53268.3	25058.1	4553.77
53268.3	25064.6	4554.34
53268.3	25071.1	4553.77
53268.3	25077.4	4552.08
53268.3	25083.3	4549.31
53268.3	25088.7	4545.56
53268.3	25093.3	4540.94
53268.3	25097.1	4535.59
53268.3	25099.8	4529.66
53268.3	25101.5	4523.35
53268.3	25102.1	4516.84
53268.3	25101.5	4510.33
53268.3	25099.8	4504.01
53268.3	25097.1	4498.09
53268.3	25093.3	4492.73
53268.3	25088.7	4488.11
53268.3	25083.3	4484.36
53268.3	25077.4	4481.6

#	Triangle	42
0	2	1	3	2	0
4	10	5	10	9	5	9	8	5	8	7	5	7	6	5	6	3	5	6	41	3	41	2	3	40	2	41	39	2	40	38	2	39	4	11	10	37	2	38	4	12	11	36	2	37	4	13	12	35	2	36	4	14	13	34	2	35	4	15	14	33	2	34	4	16	15	32	2	33	4	17	16	31	2	32	4	18	17	30	2	31	4	19	18	29	2	30	4	20	19	28	2	29	4	21	20	27	2	28	4	22	21	26	2	27	4	23	22	25	2	26	4	24	23	24	2	25	4	2	24
5	42	4	43	42	5
1	43	0	1	46	43	46	45	43	45	44	43	44	79	43	79	78	43	78	77	43	77	42	43	1	47	46	1	48	47	1	49	48	1	50	49	76	42	77	1	51	50	75	42	76	1	52	51	74	42	75	1	53	52	73	42	74	1	54	53	72	42	73	1	55	54	71	42	72	1	56	55	70	42	71	1	57	56	69	42	70	1	58	57	68	42	69	1	59	58	67	42	68	1	60	59	66	42	67	1	61	60	65	42	66	1	62	61	64	42	65	1	63	62	63	42	64	1	42	63
0	5	3	43	5	0
2	42	1	4	42	2
45	7	44	6	7	45
44	8	79	7	8	44
79	9	78	8	9	79
78	10	77	9	10	78
77	11	76	10	11	77
76	12	75	11	12	76
75	13	74	12	13	75
74	14	73	13	14	74
73	15	72	14	15	73
72	16	71	15	16	72
71	17	70	16	17	71
70	18	69	17	18	70
69	19	68	18	19	69
68	20	67	19	20	68
67	21	66	20	21	67
66	22	65	21	22	66
65	23	64	22	23	65
64	24	63	23	24	64
63	25	62	24	25	63
62	26	61	25	26	62
61	27	60	26	27	61
60	28	59	27	28	60
59	29	58	28	29	59
58	30	57	29	30	58
57	31	56	30	31	57
56	32	55	31	32	56
55	33	54	32	33	55
54	34	53	33	34	54
53	35	52	34	35	53
52	36	51	35	36	52
51	37	50	36	37	51
50	38	49	37	38	50
49	39	48	38	39	49
48	40	47	39	40	48
47	41	46	40	41	47
46	6	45	41	6	46

#	Normal	42
-0	1	0
-1	0	0
-0	-1	-0
1	0	0
0	-0	1
0	0	-1
0	0.0871744	-0.996193
0	0.258811	-0.965928
0	0.422603	-0.906315
0	0.573673	-0.819084
0	0.707032	-0.707181
0	0.819099	-0.573653
0	0.906357	-0.422513
0	0.965942	-0.25876
0	0.996187	-0.0872485
-0	0.996187	0.0872485
-0	0.965942	0.25876
-0	0.906357	0.422513
-0	0.819099	0.573653
-0	0.707032	0.707181
-0	0.573673	0.819084
-0	0.422603	0.906315
-0	0.258811	0.965928
-0	0.0871744	0.996193
0	-0.0871744	0.996193
0	-0.258811	0.965928
0	-0.422603	0.906315
0	-0.573533	0.819183
0	-0.707181	0.707032
0	-0.819099	0.573653
0	-0.906357	0.422513
0	-0.965942	0.25876
0	-0.996187	0.0872485
0	-0.996187	-0.0872485
0	-0.965942	-0.25876
0	-0.906357	-0.422513
0	-0.819099	-0.573653
0	-0.707181	-0.707032
0	-0.573533	-0.819183
0	-0.422603	-0.906315
0	-0.258811	-0.965928
0	-0.0871744	-0.996193

#	Mesh	0	End

