#	Mesh	0	Begin

#	Vertex	456
53268.3	9914.52	-50
53268.3	9914.52	5230
53468.3	9914.52	5230
53468.3	9914.52	-50
53468.3	17564.5	5230
53468.3	17564.5	-50
53468.3	14814.5	2100
53468.3	13014.5	2100
53468.3	13014.5	0
53468.3	14814.5	0
53468.3	13149.5	3850
53468.3	13849.5	3850
53468.3	13849.5	4050
53468.3	13149.5	4050
53468.3	12973.9	3765.22
53468.3	12981.7	3765.9
53468.3	12989.3	3767.93
53468.3	12996.4	3771.25
53468.3	13002.9	3775.74
53468.3	13008.4	3781.29
53468.3	13012.9	3787.72
53468.3	13016.2	3794.83
53468.3	13018.2	3802.4
53468.3	13018.9	3810.22
53468.3	13018.2	3818.03
53468.3	13016.2	3825.61
53468.3	13012.9	3832.72
53468.3	13008.4	3839.14
53468.3	13002.9	3844.69
53468.3	12996.4	3849.19
53468.3	12989.3	3852.5
53468.3	12981.7	3854.53
53468.3	12973.9	3855.22
53468.3	12966.1	3854.53
53468.3	12958.5	3852.5
53468.3	12951.4	3849.19
53468.3	12945	3844.69
53468.3	12939.5	3839.14
53468.3	12935	3832.72
53468.3	12931.6	3825.61
53468.3	12929.6	3818.03
53468.3	12928.9	3810.22
53468.3	12929.6	3802.4
53468.3	12931.6	3794.83
53468.3	12935	3787.72
53468.3	12939.5	3781.29
53468.3	12945	3775.74
53468.3	12951.4	3771.25
53468.3	12958.5	3767.93
53468.3	12966.1	3765.9
53468.3	15193.7	4039.14
53468.3	15205.8	4040.21
53468.3	15217.6	4043.37
53468.3	15228.7	4048.52
53468.3	15238.7	4055.52
53468.3	15247.3	4064.15
53468.3	15254.3	4074.14
53468.3	15259.4	4085.2
53468.3	15262.6	4096.99
53468.3	15263.7	4109.14
53468.3	15262.6	4121.3
53468.3	15259.4	4133.09
53468.3	15254.3	4144.14
53468.3	15247.3	4154.14
53468.3	15238.7	4162.77
53468.3	15228.7	4169.77
53468.3	15217.6	4174.92
53468.3	15205.8	4178.08
53468.3	15193.7	4179.14
53468.3	15181.5	4178.08
53468.3	15169.7	4174.92
53468.3	15158.7	4169.77
53468.3	15148.7	4162.77
53468.3	15140	4154.14
53468.3	15133	4144.14
53468.3	15127.9	4133.09
53468.3	15124.7	4121.3
53468.3	15123.7	4109.14
53468.3	15124.7	4096.99
53468.3	15127.9	4085.2
53468.3	15133	4074.14
53468.3	15140	4064.15
53468.3	15148.7	4055.52
53468.3	15158.7	4048.52
53468.3	15169.7	4043.37
53468.3	15181.5	4040.21
53468.3	12366.6	3742.84
53468.3	12378.8	3743.9
53468.3	12390.6	3747.06
53468.3	12401.6	3752.21
53468.3	12411.6	3759.21
53468.3	12420.3	3767.84
53468.3	12427.3	3777.84
53468.3	12432.4	3788.9
53468.3	12435.6	3800.68
53468.3	12436.6	3812.84
53468.3	12435.6	3824.99
53468.3	12432.4	3836.78
53468.3	12427.3	3847.84
53468.3	12420.3	3857.83
53468.3	12411.6	3866.46
53468.3	12401.6	3873.46
53468.3	12390.6	3878.61
53468.3	12378.8	3881.77
53468.3	12366.6	3882.84
53468.3	12354.5	3881.77
53468.3	12342.7	3878.61
53468.3	12331.6	3873.46
53468.3	12321.6	3866.46
53468.3	12313	3857.83
53468.3	12306	3847.84
53468.3	12300.9	3836.78
53468.3	12297.7	3824.99
53468.3	12296.6	3812.84
53468.3	12297.7	3800.68
53468.3	12300.9	3788.9
53468.3	12306	3777.84
53468.3	12313	3767.84
53468.3	12321.6	3759.21
53468.3	12331.6	3752.21
53468.3	12342.7	3747.06
53468.3	12354.5	3743.9
53468.3	12708.2	3741.98
53468.3	12720.3	3743.05
53468.3	12732.1	3746.21
53468.3	12743.2	3751.36
53468.3	12753.2	3758.36
53468.3	12761.8	3766.99
53468.3	12768.8	3776.98
53468.3	12774	3788.04
53468.3	12777.1	3799.83
53468.3	12778.2	3811.98
53468.3	12777.1	3824.14
53468.3	12774	3835.93
53468.3	12768.8	3846.98
53468.3	12761.8	3856.98
53468.3	12753.2	3865.61
53468.3	12743.2	3872.61
53468.3	12732.1	3877.76
53468.3	12720.3	3880.92
53468.3	12708.2	3881.98
53468.3	12696	3880.92
53468.3	12684.2	3877.76
53468.3	12673.2	3872.61
53468.3	12663.2	3865.61
53468.3	12654.6	3856.98
53468.3	12647.6	3846.98
53468.3	12642.4	3835.93
53468.3	12639.2	3824.14
53468.3	12638.2	3811.98
53468.3	12639.2	3799.83
53468.3	12642.4	3788.04
53468.3	12647.6	3776.98
53468.3	12654.6	3766.99
53468.3	12663.2	3758.36
53468.3	12673.2	3751.36
53468.3	12684.2	3746.21
53468.3	12696	3743.05
53468.3	14878.5	4066.25
53468.3	14886.3	4066.94
53468.3	14893.8	4068.97
53468.3	14901	4072.28
53468.3	14907.4	4076.78
53468.3	14912.9	4082.33
53468.3	14917.4	4088.75
53468.3	14920.7	4095.86
53468.3	14922.8	4103.44
53468.3	14923.5	4111.25
53468.3	14922.8	4119.07
53468.3	14920.7	4126.64
53468.3	14917.4	4133.75
53468.3	14912.9	4140.18
53468.3	14907.4	4145.73
53468.3	14901	4150.22
53468.3	14893.8	4153.54
53468.3	14886.3	4155.57
53468.3	14878.5	4156.25
53468.3	14870.6	4155.57
53468.3	14863.1	4153.54
53468.3	14856	4150.22
53468.3	14849.5	4145.73
53468.3	14844	4140.18
53468.3	14839.5	4133.75
53468.3	14836.2	4126.64
53468.3	14834.1	4119.07
53468.3	14833.5	4111.25
53468.3	14834.1	4103.44
53468.3	14836.2	4095.86
53468.3	14839.5	4088.75
53468.3	14844	4082.33
53468.3	14849.5	4076.78
53468.3	14856	4072.28
53468.3	14863.1	4068.97
53468.3	14870.6	4066.94
53468.3	15454.7	3974.42
53468.3	15466.8	3975.48
53468.3	15478.6	3978.64
53468.3	15489.7	3983.8
53468.3	15499.7	3990.8
53468.3	15508.3	3999.43
53468.3	15515.3	4009.42
53468.3	15520.4	4020.48
53468.3	15523.6	4032.27
53468.3	15524.7	4044.42
53468.3	15523.6	4056.58
53468.3	15520.4	4068.36
53468.3	15515.3	4079.42
53468.3	15508.3	4089.42
53468.3	15499.7	4098.04
53468.3	15489.7	4105.04
53468.3	15478.6	4110.2
53468.3	15466.8	4113.36
53468.3	15454.7	4114.42
53468.3	15442.5	4113.36
53468.3	15430.7	4110.2
53468.3	15419.7	4105.04
53468.3	15409.7	4098.04
53468.3	15401	4089.42
53468.3	15394	4079.42
53468.3	15388.9	4068.36
53468.3	15385.7	4056.58
53468.3	15384.7	4044.42
53468.3	15385.7	4032.27
53468.3	15388.9	4020.48
53468.3	15394	4009.42
53468.3	15401	3999.43
53468.3	15409.7	3990.8
53468.3	15419.7	3983.8
53468.3	15430.7	3978.64
53468.3	15442.5	3975.48
53268.3	17564.5	5230
53268.3	17564.5	-50
53268.3	13014.5	2100
53268.3	14814.5	2100
53268.3	14814.5	0
53268.3	13014.5	0
53268.3	13849.5	3850
53268.3	13149.5	3850
53268.3	13149.5	4050
53268.3	13849.5	4050
53268.3	12981.7	3765.9
53268.3	12973.9	3765.22
53268.3	12966.1	3765.9
53268.3	12958.5	3767.93
53268.3	12951.4	3771.25
53268.3	12945	3775.74
53268.3	12939.5	3781.29
53268.3	12935	3787.72
53268.3	12931.6	3794.83
53268.3	12929.6	3802.4
53268.3	12928.9	3810.22
53268.3	12929.6	3818.03
53268.3	12931.6	3825.61
53268.3	12935	3832.72
53268.3	12939.5	3839.14
53268.3	12945	3844.69
53268.3	12951.4	3849.19
53268.3	12958.5	3852.5
53268.3	12966.1	3854.53
53268.3	12973.9	3855.22
53268.3	12981.7	3854.53
53268.3	12989.3	3852.5
53268.3	12996.4	3849.19
53268.3	13002.9	3844.69
53268.3	13008.4	3839.14
53268.3	13012.9	3832.72
53268.3	13016.2	3825.61
53268.3	13018.2	3818.03
53268.3	13018.9	3810.22
53268.3	13018.2	3802.4
53268.3	13016.2	3794.83
53268.3	13012.9	3787.72
53268.3	13008.4	3781.29
53268.3	13002.9	3775.74
53268.3	12996.4	3771.25
53268.3	12989.3	3767.93
53268.3	15205.8	4040.21
53268.3	15193.7	4039.14
53268.3	15181.5	4040.21
53268.3	15169.7	4043.37
53268.3	15158.7	4048.52
53268.3	15148.7	4055.52
53268.3	15140	4064.15
53268.3	15133	4074.14
53268.3	15127.9	4085.2
53268.3	15124.7	4096.99
53268.3	15123.7	4109.14
53268.3	15124.7	4121.3
53268.3	15127.9	4133.09
53268.3	15133	4144.14
53268.3	15140	4154.14
53268.3	15148.7	4162.77
53268.3	15158.7	4169.77
53268.3	15169.7	4174.92
53268.3	15181.5	4178.08
53268.3	15193.7	4179.14
53268.3	15205.8	4178.08
53268.3	15217.6	4174.92
53268.3	15228.7	4169.77
53268.3	15238.7	4162.77
53268.3	15247.3	4154.14
53268.3	15254.3	4144.14
53268.3	15259.4	4133.09
53268.3	15262.6	4121.3
53268.3	15263.7	4109.14
53268.3	15262.6	4096.99
53268.3	15259.4	4085.2
53268.3	15254.3	4074.14
53268.3	15247.3	4064.15
53268.3	15238.7	4055.52
53268.3	15228.7	4048.52
53268.3	15217.6	4043.37
53268.3	12378.8	3743.9
53268.3	12366.6	3742.84
53268.3	12354.5	3743.9
53268.3	12342.7	3747.06
53268.3	12331.6	3752.21
53268.3	12321.6	3759.21
53268.3	12313	3767.84
53268.3	12306	3777.84
53268.3	12300.9	3788.9
53268.3	12297.7	3800.68
53268.3	12296.6	3812.84
53268.3	12297.7	3824.99
53268.3	12300.9	3836.78
53268.3	12306	3847.84
53268.3	12313	3857.83
53268.3	12321.6	3866.46
53268.3	12331.6	3873.46
53268.3	12342.7	3878.61
53268.3	12354.5	3881.77
53268.3	12366.6	3882.84
53268.3	12378.8	3881.77
53268.3	12390.6	3878.61
53268.3	12401.6	3873.46
53268.3	12411.6	3866.46
53268.3	12420.3	3857.83
53268.3	12427.3	3847.84
53268.3	12432.4	3836.78
53268.3	12435.6	3824.99
53268.3	12436.6	3812.84
53268.3	12435.6	3800.68
53268.3	12432.4	3788.9
53268.3	12427.3	3777.84
53268.3	12420.3	3767.84
53268.3	12411.6	3759.21
53268.3	12401.6	3752.21
53268.3	12390.6	3747.06
53268.3	12720.3	3743.05
53268.3	12708.2	3741.98
53268.3	12696	3743.05
53268.3	12684.2	3746.21
53268.3	12673.2	3751.36
53268.3	12663.2	3758.36
53268.3	12654.6	3766.99
53268.3	12647.6	3776.98
53268.3	12642.4	3788.04
53268.3	12639.2	3799.83
53268.3	12638.2	3811.98
53268.3	12639.2	3824.14
53268.3	12642.4	3835.93
53268.3	12647.6	3846.98
53268.3	12654.6	3856.98
53268.3	12663.2	3865.61
53268.3	12673.2	3872.61
53268.3	12684.2	3877.76
53268.3	12696	3880.92
53268.3	12708.2	3881.98
53268.3	12720.3	3880.92
53268.3	12732.1	3877.76
53268.3	12743.2	3872.61
53268.3	12753.2	3865.61
53268.3	12761.8	3856.98
53268.3	12768.8	3846.98
53268.3	12774	3835.93
53268.3	12777.1	3824.14
53268.3	12778.2	3811.98
53268.3	12777.1	3799.83
53268.3	12774	3788.04
53268.3	12768.8	3776.98
53268.3	12761.8	3766.99
53268.3	12753.2	3758.36
53268.3	12743.2	3751.36
53268.3	12732.1	3746.21
53268.3	14886.3	4066.94
53268.3	14878.5	4066.25
53268.3	14870.6	4066.94
53268.3	14863.1	4068.97
53268.3	14856	4072.28
53268.3	14849.5	4076.78
53268.3	14844	4082.33
53268.3	14839.5	4088.75
53268.3	14836.2	4095.86
53268.3	14834.1	4103.44
53268.3	14833.5	4111.25
53268.3	14834.1	4119.07
53268.3	14836.2	4126.64
53268.3	14839.5	4133.75
53268.3	14844	4140.18
53268.3	14849.5	4145.73
53268.3	14856	4150.22
53268.3	14863.1	4153.54
53268.3	14870.6	4155.57
53268.3	14878.5	4156.25
53268.3	14886.3	4155.57
53268.3	14893.8	4153.54
53268.3	14901	4150.22
53268.3	14907.4	4145.73
53268.3	14912.9	4140.18
53268.3	14917.4	4133.75
53268.3	14920.7	4126.64
53268.3	14922.8	4119.07
53268.3	14923.5	4111.25
53268.3	14922.8	4103.44
53268.3	14920.7	4095.86
53268.3	14917.4	4088.75
53268.3	14912.9	4082.33
53268.3	14907.4	4076.78
53268.3	14901	4072.28
53268.3	14893.8	4068.97
53268.3	15466.8	3975.48
53268.3	15454.7	3974.42
53268.3	15442.5	3975.48
53268.3	15430.7	3978.64
53268.3	15419.7	3983.8
53268.3	15409.7	3990.8
53268.3	15401	3999.43
53268.3	15394	4009.42
53268.3	15388.9	4020.48
53268.3	15385.7	4032.27
53268.3	15384.7	4044.42
53268.3	15385.7	4056.58
53268.3	15388.9	4068.36
53268.3	15394	4079.42
53268.3	15401	4089.42
53268.3	15409.7	4098.04
53268.3	15419.7	4105.04
53268.3	15430.7	4110.2
53268.3	15442.5	4113.36
53268.3	15454.7	4114.42
53268.3	15466.8	4113.36
53268.3	15478.6	4110.2
53268.3	15489.7	4105.04
53268.3	15499.7	4098.04
53268.3	15508.3	4089.42
53268.3	15515.3	4079.42
53268.3	15520.4	4068.36
53268.3	15523.6	4056.58
53268.3	15524.7	4044.42
53268.3	15523.6	4032.27
53268.3	15520.4	4020.48
53268.3	15515.3	4009.42
53268.3	15508.3	3999.43
53268.3	15499.7	3990.8
53268.3	15489.7	3983.8
53268.3	15478.6	3978.64

#	Triangle	211
0	2	1	3	2	0	233	9	6	234	9	233	236	12	239	11	12	236
4	9	5	8	2	3	4	6	9	7	2	8	197	196	7	196	195	7	195	194	7	194	11	7	11	16	7	16	15	7	15	14	7	14	124	7	124	123	7	123	122	7	122	86	7	86	121	7	121	120	7	120	119	7	119	2	7	157	86	122	157	87	86	156	87	157	156	88	87	14	125	124	155	88	156	155	89	88	14	126	125	154	89	155	154	90	89	118	2	119	14	127	126	153	90	154	153	91	90	117	2	118	49	127	14	48	127	49	48	128	127	152	91	153	152	92	91	116	2	117	11	17	16	47	128	48	11	18	17	46	128	47	11	19	18	45	128	46	45	129	128	151	92	152	151	93	92	115	2	116	11	20	19	44	129	45	11	21	20	43	129	44	43	130	129	150	93	151	150	94	93	114	2	115	11	22	21	42	130	43	42	131	130	149	94	150	149	95	94	113	2	114	11	23	22	41	131	42	11	24	23	40	131	41	40	132	131	148	95	149	148	96	95	112	2	113	11	25	24	39	132	40	39	133	132	147	96	148	147	97	96	111	2	112	11	26	25	38	133	39	11	27	26	37	133	38	37	134	133	146	97	147	146	98	97	110	2	111	11	28	27	36	134	37	11	29	28	35	134	36	35	135	134	145	98	146	145	99	98	109	2	110	11	10	29	10	30	29	34	135	35	194	12	11	13	30	10	13	31	30	33	135	34	13	32	31	32	135	33	13	135	32	13	136	135	144	99	145	144	100	99	108	2	109	13	137	136	143	100	144	143	101	100	107	2	108	13	138	137	142	101	143	142	102	101	106	2	107	13	139	138	141	102	142	141	103	102	105	2	106	13	140	139	140	103	141	140	104	103	104	2	105	13	104	140	13	2	104	229	12	194	228	12	229	227	12	228	226	12	227	225	12	226	224	12	225	223	12	224	222	12	223	221	50	222	50	12	222	221	51	50	85	12	50	221	52	51	84	12	85	221	53	52	83	12	84	220	53	221	220	54	53	82	12	83	82	13	12	82	158	13	158	193	13	193	2	13	220	55	54	81	158	82	219	55	220	219	56	55	80	158	81	80	159	158	80	160	159	192	2	193	218	56	219	80	161	160	191	2	192	80	162	161	190	2	191	218	57	56	79	162	80	79	163	162	189	2	190	217	57	218	79	164	163	188	2	189	217	58	57	78	164	79	78	165	164	187	2	188	216	58	217	78	166	165	186	2	187	216	59	58	77	166	78	215	59	216	77	167	166	185	2	186	214	59	215	214	60	59	76	167	77	213	60	214	76	168	167	184	2	185	212	60	213	76	169	168	183	2	184	75	169	76	75	170	169	182	2	183	74	170	75	74	171	170	181	2	182	74	172	171	180	2	181	73	172	74	73	173	172	179	2	180	73	174	173	178	2	179	73	175	174	177	2	178	72	175	73	72	176	175	176	2	177	72	2	176	71	2	72	70	2	71	69	2	70	68	2	69
9	3	5
9	8	3
4	7	6
4	197	7
4	198	197
4	199	198
4	200	199
4	201	200
4	202	201
4	203	202	4	204	203	4	205	204	4	61	60
4	206	205
4	207	206	4	208	207	4	62	61	4	63	62	4	64	63	4	65	64
4	209	208	4	210	209	4	211	210	4	66	65	4	67	66
4	212	211	4	60	212	4	68	67
4	2	68
5	230	4	231	230	5	235	7	8	232	7	235	238	10	237	13	10	238
1	235	0	234	230	231	1	232	235	233	230	234	313	350	349	312	350	313	312	351	350	347	351	312	347	352	351	382	241	383	346	352	347	346	353	352	381	241	382	1	317	316	345	353	346	345	354	353	380	241	381	1	318	317	344	354	345	380	242	241	380	243	242	344	355	354	379	243	380	1	319	318	343	355	344	379	244	243	274	236	275	379	245	244	273	236	274	379	246	245	272	236	273	343	356	355	378	246	379	1	320	319	342	356	343	378	247	246	271	236	272	378	248	247	270	236	271	342	357	356	377	248	378	1	321	320	341	357	342	377	249	248	269	236	270	341	358	357	376	249	377	1	322	321	340	358	341	376	250	249	268	236	269	376	251	250	267	236	268	340	359	358	375	251	376	1	323	322	339	359	340	375	252	251	266	236	267	339	360	359	374	252	375	1	324	323	338	360	339	374	253	252	265	236	266	374	254	253	264	236	265	338	361	360	373	254	374	1	325	324	337	361	338	373	255	254	263	236	264	373	256	255	262	236	263	337	362	361	372	256	373	1	326	325	336	362	337	372	257	256	261	237	262	237	236	262	261	238	237	239	421	236	372	258	257	260	238	261	372	259	258	259	238	260	372	238	259	336	363	362	371	238	372	1	327	326	335	363	336	335	364	363	370	238	371	1	328	327	334	364	335	334	365	364	369	238	370	1	329	328	333	365	334	333	366	365	368	238	369	1	330	329	332	366	333	332	367	366	367	238	368	1	331	330	331	367	332	331	238	367	1	238	331	239	422	421	239	423	422	239	424	423	239	425	424	239	426	425	239	427	426	239	428	427	239	429	428	239	277	429	277	430	429	239	278	277	276	430	277	239	279	278	311	430	276	239	280	279	310	430	311	310	431	430	239	281	280	309	431	310	1	239	238	1	386	239	386	385	239	385	281	239	385	282	281	308	431	309	308	432	431	385	283	282	307	432	308	384	283	385	1	387	386	419	283	384	307	433	432	1	388	387	418	283	419	1	389	388	417	283	418	417	284	283	306	433	307	1	390	389	416	284	417	306	434	433	1	391	390	415	284	416	415	285	284	305	434	306	1	392	391	414	285	415	305	435	434	1	393	392	413	285	414	413	286	285	304	435	305	304	436	435	1	394	393	412	286	413	304	437	436	412	287	286	303	437	304	303	438	437	1	395	394	411	287	412	303	439	438	1	396	395	410	287	411	410	288	287	1	397	396	409	288	410	409	289	288	1	398	397	408	289	409	1	399	398	407	289	408	407	290	289	1	400	399	406	290	407	1	401	400	405	290	406	1	402	401	404	290	405	404	291	290	1	403	402	403	291	404	1	291	403	1	292	291	1	293	292	1	294	293	1	295	294
235	231	0
235	234	231
1	233	232
1	316	233
316	315	233
315	314	233
314	313	233
313	349	233	349	348	233	348	383	233	383	241	233	241	240	233	240	275	233	275	236	233	236	421	233	421	420	233
420	455	233	455	454	233
454	230	233
453	230	454
452	230	453
451	230	452
450	230	451
449	230	450
448	230	449	447	230	448	446	230	447	302	230	303
445	230	446
444	230	445	443	230	444	301	230	302	300	230	301	299	230	300	298	230	299
442	230	443	441	230	442	440	230	441	297	230	298	296	230	297
439	230	440	303	230	439	295	230	296
1	230	295
0	5	3	231	5	0	233	7	232	6	7	233	239	13	238	12	13	239
2	230	1	4	230	2	235	9	234	8	9	235	237	11	236	10	11	237
241	15	240	14	15	241	385	159	384	158	159	385
240	16	275	87	88	312	195	196	420
15	16	240
275	17	274	419	161	418	160	161	419
16	17	275
274	18	273	17	18	274
273	19	272	18	19	273
272	20	271	19	20	272
271	21	270	20	21	271
270	22	269	21	22	270	342	94	341	414	166	413	165	166	414
269	23	268	22	23	269
268	24	267	23	24	268
267	25	266	24	25	267	375	133	374	132	133	375	411	169	410	168	169	411
266	26	265	25	26	266
265	27	264	26	27	265
264	28	263	27	28	264
263	29	262	28	29	263
262	30	261
29	30	262
261	31	260	102	103	333	405	175	404	174	175	405	210	211	441
30	31	261
260	32	259	31	32	260	404	176	403	175	176	404
259	33	258	403	177	402	176	177	403
32	33	259
258	34	257	402	178	401	177	178	402
33	34	258
257	35	256	34	35	257	401	179	400	178	179	401
256	36	255	35	36	256
255	37	254	36	37	255
254	38	253	37	38	254
253	39	252	38	39	253
252	40	251	39	40	252	396	184	395	183	184	396	432	220	431	219	220	432
251	41	250	40	41	251
250	42	249	41	42	250
249	43	248	42	43	249	321	115	320	114	115	321	393	187	392	186	187	393
248	44	247	43	44	248	392	188	391	187	188	392
247	45	246	44	45	247	391	189	390	188	189	391
246	46	245	45	46	246
245	47	244	46	47	245
244	48	243	47	48	244	388	192	387	191	192	388
243	49	242	279	85	278	351	157	350
48	49	243
242	14	241	386	158	385	193	158	386
49	14	242
277	51	276	50	51	277	349	123	348	122	123	349	421	195	420
276	52	311	51	52	276	312	88	347	348	124	383	123	124	348	420	196	455
311	53	310	52	53	311	347	89	346	88	89	347
310	54	309	53	54	310	346	90	345	89	90	346
309	55	308	54	55	309	381	127	380	126	127	381
308	56	307	55	56	308	380	128	379	127	128	380
307	57	306	56	57	307	92	93	343	379	129	378	128	129	379	200	201	451
306	58	305	57	58	306	378	130	377	129	130	378	450	202	449
305	59	304	58	59	305	377	131	376	130	131	377	449	203	448	202	203	449
304	60	303	59	60	304	340	96	339	95	96	340
303	61	302	60	61	303
302	62	301	61	62	302	374	134	373	133	134	374
301	63	300	62	63	301	98	99	337	373	135	372	134	135	373	206	207	445
300	64	299	63	64	300	336	100	335	444	208	443
299	65	298	64	65	299	443	209	442	208	209	443
298	66	297	65	66	298	334	102	333	101	102	334	370	138	369	137	138	370
297	67	296	66	67	297
296	68	295	67	68	296	332	104	331	368	140	367	139	140	368	440	212	439
295	69	294	367	141	366
68	69	295	331	105	330	104	105	331	140	141	367	439	213	438	212	213	439
294	70	293
69	70	294
293	71	292	70	71	293	329	107	328	106	107	329	365	143	364	142	143	365
292	72	291	71	72	292	436	216	435	215	216	436
291	73	290
72	73	291	327	109	326	108	109	327	435	217	434	216	217	435
290	74	289	326	110	325	109	110	326	434	218	433	217	218	434
73	74	290
289	75	288	361	147	360
74	75	289	146	147	361
288	76	287
75	76	288
287	77	286	76	77	287	323	113	322	112	113	323
286	78	285	77	78	286	358	150	357	149	150	358	430	222	429	221	222	430
285	79	284	357	151	356
78	79	285	150	151	357	429	223	428	222	223	429
284	80	283	320	116	319	115	116	320	356	152	355	428	224	427	223	224	428
79	80	284	151	152	356
283	81	282
80	81	283	355	153	354	152	153	355
282	82	281
81	82	282
281	83	280	82	83	281	317	119	316	118	119	317
280	84	279	83	84	280	316	120	315	119	120	316
84	85	279	315	121	314	120	121	315	156	157	351	423	229	422	228	229	423
278	50	277	350	122	349
85	50	278	157	122	350	422	194	421	229	194	422
313	87	312
86	87	313
345	91	344
90	91	345
344	92	343	452	200	451
91	92	344	199	200	452
343	93	342	451	201	450
93	94	342
341	95	340	94	95	341
339	97	338
96	97	339
338	98	337	446	206	445
97	98	338	205	206	446
337	99	336	445	207	444
99	100	336	207	208	444
335	101	334	100	101	335	371	137	370	136	137	371
333	103	332	441	211	440
103	104	332	211	212	440
330	106	329	105	106	330	438	214	437	213	214	438
328	108	327	107	108	328	364	144	363	143	144	364
325	111	324	110	111	325	433	219	432	218	219	433
324	112	323	111	112	324
322	114	321	113	114	322
319	117	318	116	117	319	427	225	426	224	225	427
318	118	317	117	118	318
314	86	313	121	86	314
383	125	382	124	125	383	455	197	454	196	197	455
382	126	381	125	126	382	454	198	453	197	198	454
376	132	375	131	132	376	448	204	447	203	204	448
372	136	371	135	136	372
369	139	368	138	139	369
366	142	365
141	142	366
363	145	362	144	145	363
362	146	361	145	146	362
360	148	359
147	148	360
359	149	358	148	149	359	431	221	430	220	221	431
354	154	353	153	154	354	426	226	425	225	226	426
353	155	352	154	155	353	425	227	424	226	227	425
352	156	351	155	156	352	424	228	423	227	228	424
384	160	419	159	160	384
418	162	417	161	162	418
417	163	416
162	163	417
416	164	415	163	164	416
415	165	414
164	165	415
413	167	412	166	167	413
412	168	411	167	168	412
410	170	409
169	170	410
409	171	408	170	171	409
408	172	407
171	172	408
407	173	406	172	173	407
406	174	405	173	174	406
400	180	399
179	180	400
399	181	398
180	181	399
398	182	397	181	182	398
397	183	396	182	183	397
395	185	394	184	185	395
394	186	393	185	186	394
390	190	389
189	190	390
389	191	388
190	191	389
387	193	386	192	193	387
194	195	421
453	199	452
198	199	453
201	202	450
447	205	446
204	205	447
442	210	441	209	210	442
437	215	436	214	215	437

#	Normal	211
-0	1	0
-1	0	0
-1	-5.10621e-007	-2.80841e-005
-1	-2.17014e-006	0.000134549
-1	-2.17014e-006	1.90667e-006
-1	-8.9294e-006	1.17324e-005
-1	-1.32358e-005	1.89023e-005
-1	-4.73187e-006	4.73241e-006
-1	-3.26979e-006	2.28933e-006
-1	-2.63934e-006	1.23087e-006
-1	-2.27098e-006	6.08341e-007
-1	-2.01756e-006	1.76518e-007
-1	-1.51065e-006	-7.04498e-007
-1	-1.36831e-006	-9.58015e-007
-1	-1.06108e-006	-1.51531e-006
-1	-2.62841e-007	-3.00444e-006
-1	-5.10621e-007	-2.56518e-006
-0	-1	-0
1	0	0
1	5.10621e-007	-3.16585e-005
1	2.17014e-006	0.000119358
1	2.17014e-006	2.14934e-006
1	-1.77943e-005	-2.91049e-005
1	-3.68419e-006	-7.90073e-006
1	-1.06297e-006	-3.96691e-006
1	-2.39154e-007	-2.7341e-006
1	-5.95567e-009	-2.38662e-006
1	6.15463e-007	-2.29685e-006
1	3.98617e-006	-3.50223e-006
1	1.32358e-005	-1.89023e-005
1	4.73107e-006	-4.73107e-006
1	3.27011e-006	-2.28988e-006
1	2.63915e-006	-1.23055e-006
1	2.27111e-006	-6.08564e-007
1	2.01756e-006	-1.76518e-007
1	1.51071e-006	7.04392e-007
1	1.36825e-006	9.58111e-007
1	1.06108e-006	1.51531e-006
1	2.62859e-007	3.00441e-006
1	5.10621e-007	2.56518e-006
0	0	1
0	0	-1
0	0.0871453	-0.996196
-1.26391e-006	0.258848	-0.965918
0	0.258817	-0.965926
0	0.422596	-0.906318
-2.06369e-006	0.422643	-0.906296
0	0.573567	-0.819159
0	0.707076	-0.707138
0	0.819163	-0.573561
0	0.906337	-0.422557
0	0.965922	-0.258833
0	0.996195	-0.087148
-0	0.996195	0.087148
-0	0.965922	0.258833
-0	0.906337	0.422557
-0	0.819163	0.573561
-0	0.707076	0.707138
-0	0.573567	0.819159
-2.06346e-006	0.422596	0.906318
-0	0.422643	0.906296
-0	0.258848	0.965918
-1.26375e-006	0.258817	0.965926
-0	0.0871453	0.996196
4.25514e-007	-0.0871453	0.996196
0	-0.0871561	0.996195
0	-0.258848	0.965918
1.26375e-006	-0.258817	0.965926
0	-0.422596	0.906318
0	-0.573625	0.819118
0	-0.707076	0.707138
0	-0.819163	0.573561
0	-0.906289	0.422659
0	-0.965922	0.258833
0	-0.996195	0.087148
0	-0.996195	-0.087148
0	-0.965922	-0.258833
0	-0.906289	-0.422659
0	-0.819163	-0.573561
0	-0.707076	-0.707138
0	-0.573625	-0.819118
0	-0.422596	-0.906318
1.26391e-006	-0.258848	-0.965918
0	-0.258817	-0.965926
0	-0.0871453	-0.996196
4.25567e-007	-0.0871561	-0.996195
0	0.087158	-0.996194
0	0.258828	-0.965923
0	0.42262	-0.906307
0	0.57357	-0.819157
0	0.707107	-0.707107
0	0.819176	-0.573543
0	0.906291	-0.422653
0	0.965923	-0.258828
0	0.996194	-0.087158
-0	0.996194	0.087158
-0	0.965923	0.258828
-0	0.906291	0.422653
-0	0.819176	0.573543
-0	0.707107	0.707107
-0	0.573597	0.819138
-0	0.42262	0.906307
-0	0.258791	0.965933
-0	0.087158	0.996194
4.25542e-007	-0.0871511	0.996195
0	-0.087158	0.996194
0	-0.258811	0.965928
1.26363e-006	-0.258791	0.965933
0	-0.42262	0.906307
0	-0.573597	0.819138
3.45247e-006	-0.707067	0.707147
0	-0.707107	0.707107
0	-0.819176	0.573543
3.9997e-006	-0.819138	0.573597
4.42525e-006	-0.906291	0.422653
0	-0.906322	0.422588
0	-0.965943	0.258753
4.71642e-006	-0.965923	0.258828
0	-0.996194	0.087158
0	-0.996194	-0.087158
4.71652e-006	-0.965943	-0.258753
0	-0.965923	-0.258828
0	-0.906291	-0.422653
4.4254e-006	-0.906322	-0.422588
3.99988e-006	-0.819176	-0.573543
0	-0.819138	-0.573597
0	-0.707067	-0.707147
3.45267e-006	-0.707107	-0.707107
0	-0.57357	-0.819157
0	-0.42262	-0.906307
0	-0.258828	-0.965923
0	-0.0871511	-0.996195
4.25576e-007	-0.087158	-0.996194
-4.25479e-007	0.0871382	-0.996196
0	0.0871312	-0.996197
-3.45272e-006	0.707117	-0.707097
0	0.707077	-0.707137
0	0.819138	-0.573597
-3.99988e-006	0.819176	-0.573543
-4.4254e-006	0.906322	-0.422588
-4.71651e-006	0.965942	-0.258758
0	0.996195	-0.0871563
-4.71642e-006	0.965923	0.258828
-0	0.965943	0.258753
-0	0.906322	0.422588
-4.42525e-006	0.906291	0.422653
-3.9997e-006	0.819138	0.573597
-3.45247e-006	0.707067	0.707147
-0	0.57357	0.819157
-1.26381e-006	0.258828	0.965923
-4.25542e-007	0.0871511	0.996195
0	-0.258828	0.965923
0	-0.57357	0.819157
0	-0.906291	0.422653
0	-0.965923	0.258828
0	-0.996195	-0.0871563
0	-0.819176	-0.573543
0	-0.707117	-0.707097
0	-0.0871382	-0.996196
0	0.422604	-0.906314
0	0.573583	-0.819147
-0	0.996195	0.0871563
-0	0.707117	0.707097
-0	0.258809	0.965928
0	-0.258829	0.965923
1.26372e-006	-0.258809	0.965928
0	-0.707117	0.707097
0	-0.819138	0.573597
0	-0.965942	0.258758
4.71642e-006	-0.965922	0.258833
0	-0.996195	0.0871563
0	-0.707107	-0.707107
0	-0.573583	-0.819147
0	-0.422604	-0.906314
0	0.258848	-0.965918
0	0.573546	-0.819173
-3.4529e-006	0.707153	-0.70706
0	0.707091	-0.707122
-3.99982e-006	0.819163	-0.573561
0	0.906289	-0.422659
-4.42547e-006	0.906337	-0.422557
0	0.996195	-0.0871507
-0	0.996196	0.0871453
-4.42521e-006	0.906283	0.422671
-0	0.906331	0.422568
-3.99987e-006	0.819173	0.573546
-0	0.707138	0.707076
-3.45252e-006	0.707076	0.707138
-0	0.573546	0.819173
-0	0.422596	0.906318
2.80052e-006	-0.573546	0.819173
0	-0.573604	0.819132
0	-0.707138	0.707076
3.45252e-006	-0.707076	0.707138
0	-0.819173	0.573546
0	-0.906283	0.422671
0	-0.996196	0.0871453
0	-0.996195	-0.0871507
3.4529e-006	-0.707153	-0.70706
0	-0.707091	-0.707122
0	-0.573546	-0.819173
2.8008e-006	-0.573604	-0.819132
0	-0.258848	-0.965918
0	0.0871511	-0.996195
-3.45267e-006	0.707107	-0.707107
0	0.707067	-0.707147
-4.71652e-006	0.965943	-0.258753
-4.71642e-006	0.965922	0.258833
-0	0.965942	0.258758
-0	0.422588	0.906322
0	-0.422588	0.906322

#	Mesh	0	End

