#	Mesh	0	Begin

#	Vertex	152
53268.3	-40485.5	-50
53268.3	-40485.5	5230
53468.3	-40485.5	5230
53468.3	-40485.5	-50
53468.3	-32785.5	5230
53468.3	-32785.5	-50
53468.3	-37434	4277.32
53468.3	-37419.2	4278.61
53468.3	-37404.9	4282.45
53468.3	-37391.5	4288.71
53468.3	-37379.3	4297.21
53468.3	-37368.8	4307.68
53468.3	-37360.3	4319.82
53468.3	-37354.1	4333.25
53468.3	-37350.3	4347.56
53468.3	-37349	4362.32
53468.3	-37350.3	4377.08
53468.3	-37354.1	4391.39
53468.3	-37360.3	4404.82
53468.3	-37368.8	4416.96
53468.3	-37379.3	4427.43
53468.3	-37391.5	4435.93
53468.3	-37404.9	4442.19
53468.3	-37419.2	4446.03
53468.3	-37434	4447.32
53468.3	-37448.7	4446.03
53468.3	-37463	4442.19
53468.3	-37476.5	4435.93
53468.3	-37488.6	4427.43
53468.3	-37499.1	4416.96
53468.3	-37507.6	4404.82
53468.3	-37513.8	4391.39
53468.3	-37517.7	4377.08
53468.3	-37519	4362.32
53468.3	-37517.7	4347.56
53468.3	-37513.8	4333.25
53468.3	-37507.6	4319.82
53468.3	-37499.1	4307.68
53468.3	-37488.6	4297.21
53468.3	-37476.5	4288.71
53468.3	-37463	4282.45
53468.3	-37448.7	4278.61
53468.3	-37834.1	4277.89
53468.3	-37819.3	4279.18
53468.3	-37805	4283.01
53468.3	-37791.6	4289.28
53468.3	-37779.4	4297.77
53468.3	-37768.9	4308.25
53468.3	-37760.4	4320.39
53468.3	-37754.2	4333.82
53468.3	-37750.4	4348.13
53468.3	-37749.1	4362.89
53468.3	-37750.4	4377.65
53468.3	-37754.2	4391.96
53468.3	-37760.4	4405.39
53468.3	-37768.9	4417.53
53468.3	-37779.4	4428
53468.3	-37791.6	4436.5
53468.3	-37805	4442.76
53468.3	-37819.3	4446.6
53468.3	-37834.1	4447.89
53468.3	-37848.8	4446.6
53468.3	-37863.1	4442.76
53468.3	-37876.6	4436.5
53468.3	-37888.7	4428
53468.3	-37899.2	4417.53
53468.3	-37907.7	4405.39
53468.3	-37913.9	4391.96
53468.3	-37917.8	4377.65
53468.3	-37919.1	4362.89
53468.3	-37917.8	4348.13
53468.3	-37913.9	4333.82
53468.3	-37907.7	4320.39
53468.3	-37899.2	4308.25
53468.3	-37888.7	4297.77
53468.3	-37876.6	4289.28
53468.3	-37863.1	4283.01
53468.3	-37848.8	4279.18
53268.3	-32785.5	5230
53268.3	-32785.5	-50
53268.3	-37419.2	4278.61
53268.3	-37434	4277.32
53268.3	-37448.7	4278.61
53268.3	-37463	4282.45
53268.3	-37476.5	4288.71
53268.3	-37488.6	4297.21
53268.3	-37499.1	4307.68
53268.3	-37507.6	4319.82
53268.3	-37513.8	4333.25
53268.3	-37517.7	4347.56
53268.3	-37519	4362.32
53268.3	-37517.7	4377.08
53268.3	-37513.8	4391.39
53268.3	-37507.6	4404.82
53268.3	-37499.1	4416.96
53268.3	-37488.6	4427.43
53268.3	-37476.5	4435.93
53268.3	-37463	4442.19
53268.3	-37448.7	4446.03
53268.3	-37434	4447.32
53268.3	-37419.2	4446.03
53268.3	-37404.9	4442.19
53268.3	-37391.5	4435.93
53268.3	-37379.3	4427.43
53268.3	-37368.8	4416.96
53268.3	-37360.3	4404.82
53268.3	-37354.1	4391.39
53268.3	-37350.3	4377.08
53268.3	-37349	4362.32
53268.3	-37350.3	4347.56
53268.3	-37354.1	4333.25
53268.3	-37360.3	4319.82
53268.3	-37368.8	4307.68
53268.3	-37379.3	4297.21
53268.3	-37391.5	4288.71
53268.3	-37404.9	4282.45
53268.3	-37819.3	4279.18
53268.3	-37834.1	4277.89
53268.3	-37848.8	4279.18
53268.3	-37863.1	4283.01
53268.3	-37876.6	4289.28
53268.3	-37888.7	4297.77
53268.3	-37899.2	4308.25
53268.3	-37907.7	4320.39
53268.3	-37913.9	4333.82
53268.3	-37917.8	4348.13
53268.3	-37919.1	4362.89
53268.3	-37917.8	4377.65
53268.3	-37913.9	4391.96
53268.3	-37907.7	4405.39
53268.3	-37899.2	4417.53
53268.3	-37888.7	4428
53268.3	-37876.6	4436.5
53268.3	-37863.1	4442.76
53268.3	-37848.8	4446.6
53268.3	-37834.1	4447.89
53268.3	-37819.3	4446.6
53268.3	-37805	4442.76
53268.3	-37791.6	4436.5
53268.3	-37779.4	4428
53268.3	-37768.9	4417.53
53268.3	-37760.4	4405.39
53268.3	-37754.2	4391.96
53268.3	-37750.4	4377.65
53268.3	-37749.1	4362.89
53268.3	-37750.4	4348.13
53268.3	-37754.2	4333.82
53268.3	-37760.4	4320.39
53268.3	-37768.9	4308.25
53268.3	-37779.4	4297.77
53268.3	-37791.6	4289.28
53268.3	-37805	4283.01

#	Triangle	69
0	2	1	3	2	0
4	3	5	4	7	3	7	6	3	6	42	3	42	77	3	77	76	3	76	2	3	41	42	6	41	43	42	4	8	7	40	43	41	40	44	43	4	9	8	39	44	40	39	45	44	75	2	76	4	10	9	38	45	39	38	46	45	74	2	75	4	11	10	37	46	38	37	47	46	73	2	74	4	12	11	36	47	37	36	48	47	72	2	73	4	13	12	35	48	36	35	49	48	71	2	72	4	14	13	34	49	35	34	50	49	70	2	71	4	15	14	33	50	34	33	51	50	69	2	70	4	16	15	32	51	33	32	52	51	68	2	69	4	17	16	31	52	32	31	53	52	67	2	68	4	18	17	30	53	31	30	54	53	66	2	67	4	19	18	29	54	30	29	55	54	65	2	66	4	20	19	28	55	29	28	56	55	64	2	65	4	21	20	27	56	28	27	57	56	63	2	64	4	22	21	26	57	27	26	58	57	62	2	63	4	23	22	25	58	26	25	59	58	61	2	62	4	24	23	24	59	25	24	60	59	60	2	61	4	60	24	4	2	60
5	78	4	79	78	5
1	79	0	1	119	79	119	118	79	118	117	79	117	81	79	81	80	79	80	78	79	117	82	81	116	82	117	116	83	82	115	78	80	151	83	116	151	84	83	114	78	115	1	120	119	150	84	151	150	85	84	113	78	114	1	121	120	149	85	150	149	86	85	112	78	113	1	122	121	148	86	149	148	87	86	111	78	112	1	123	122	147	87	148	147	88	87	110	78	111	1	124	123	146	88	147	146	89	88	109	78	110	1	125	124	145	89	146	145	90	89	108	78	109	1	126	125	144	90	145	144	91	90	107	78	108	1	127	126	143	91	144	143	92	91	106	78	107	1	128	127	142	92	143	142	93	92	105	78	106	1	129	128	141	93	142	141	94	93	104	78	105	1	130	129	140	94	141	140	95	94	103	78	104	1	131	130	139	95	140	139	96	95	102	78	103	1	132	131	138	96	139	138	97	96	101	78	102	1	133	132	137	97	138	137	98	97	100	78	101	1	134	133	136	98	137	136	99	98	99	78	100	1	135	134	135	99	136	135	78	99	1	78	135
0	5	3	79	5	0
2	78	1	4	78	2
81	7	80	6	7	81
80	8	115	7	8	80
115	9	114	8	9	115
114	10	113	9	10	114
113	11	112	10	11	113
112	12	111	11	12	112
111	13	110	12	13	111	147	49	146	48	49	147
110	14	109	13	14	110
109	15	108	14	15	109
108	16	107	15	16	108
107	17	106	16	17	107
106	18	105	17	18	106	142	54	141	53	54	142
105	19	104	18	19	105
104	20	103	19	20	104
103	21	102	20	21	103	139	57	138	56	57	139
102	22	101	21	22	102
101	23	100	22	23	101
100	24	99	23	24	100
99	25	98	24	25	99
98	26	97	25	26	98
97	27	96	26	27	97	133	63	132	62	63	133
96	28	95	27	28	96	132	64	131	63	64	132
95	29	94	28	29	95
94	30	93	29	30	94
93	31	92	30	31	93	129	67	128	66	67	129
92	32	91	31	32	92	128	68	127	67	68	128
91	33	90	32	33	91
90	34	89	33	34	90
89	35	88	34	35	89
88	36	87	35	36	88	124	72	123	71	72	124
87	37	86	36	37	87
86	38	85	37	38	86
85	39	84	38	39	85
84	40	83	39	40	84	120	76	119	75	76	120
83	41	82	40	41	83
82	6	81	41	6	82
117	43	116	42	43	117
116	44	151	43	44	116
151	45	150	44	45	151
150	46	149	45	46	150
149	47	148	46	47	149
148	48	147	47	48	148
146	50	145	49	50	146
145	51	144	50	51	145
144	52	143	51	52	144
143	53	142	52	53	143
141	55	140	54	55	141
140	56	139	55	56	140
138	58	137	57	58	138
137	59	136	58	59	137
136	60	135	59	60	136
135	61	134	60	61	135
134	62	133	61	62	134
131	65	130	64	65	131
130	66	129	65	66	130
127	69	126	68	69	127
126	70	125	69	70	126
125	71	124	70	71	125
123	73	122	72	73	123
122	74	121	73	74	122
121	75	120	74	75	121
119	77	118	76	77	119
118	42	117	77	42	118

#	Normal	69
-0	1	0
-1	0	0
-0	-1	-0
1	0	0
0	-0	1
0	0	-1
0	0.08718	-0.996193
0	0.258815	-0.965927
0	0.422582	-0.906325
0	0.573569	-0.819158
0	0.707123	-0.70709
0	0.819096	-0.573657
0	0.906307	-0.42262
0	0.965974	-0.258639
0	0.996185	-0.0872667
-0	0.996185	0.0872638
-0	0.965972	0.258647
-0	0.906307	0.42262
-0	0.819107	0.573641
-0	0.707107	0.707107
-0	0.573591	0.819142
-0	0.422582	0.906325
-0	0.258815	0.965927
-0	0.0871473	0.996195
0	-0.0871244	0.996197
0	-0.258881	0.965909
0	-0.422582	0.906325
0	-0.573591	0.819142
0	-0.707107	0.707107
0	-0.819107	0.573641
0	-0.906307	0.42262
0	-0.965906	0.258893
0	-0.996208	0.0870022
0	-0.996208	-0.0870051
0	-0.965908	-0.258885
0	-0.906307	-0.42262
0	-0.819096	-0.573657
0	-0.707123	-0.70709
0	-0.573569	-0.819158
0	-0.422582	-0.906325
0	-0.258881	-0.965909
0	-0.0871571	-0.996195
0	0.0871571	-0.996195
0	0.258784	-0.965935
0	0.422683	-0.906277
0	0.573591	-0.819142
0	0.707107	-0.707107
0	0.819107	-0.573641
0	0.965906	-0.258893
0	0.996208	-0.0870022
-0	0.996208	0.0870022
-0	0.965906	0.258893
-0	0.819096	0.573657
-0	0.707123	0.70709
-0	0.422683	0.906277
-0	0.258784	0.965935
-0	0.0871571	0.996195
0	-0.08718	0.996193
0	-0.258784	0.965935
0	-0.707123	0.70709
0	-0.81922	0.57348
0	-0.996185	0.0872638
0	-0.996185	-0.0872638
0	-0.965906	-0.258893
0	-0.81923	-0.573465
0	-0.707107	-0.707107
0	-0.573591	-0.819142
0	-0.258784	-0.965935
0	-0.08718	-0.996193

#	Mesh	0	End

