#	Mesh	0	Begin

#	Vertex	152
45263.3	-40485.5	-50
45263.3	-40485.5	5230
45568.3	-40485.5	5230
45568.3	-40485.5	-50
45568.3	-32785.5	5230
45568.3	-32785.5	-50
45568.3	-34578.3	4120
45568.3	-34564.4	4121.22
45568.3	-34550.9	4124.82
45568.3	-34538.3	4130.72
45568.3	-34526.8	4138.72
45568.3	-34517	4148.58
45568.3	-34509	4160
45568.3	-34503.1	4172.64
45568.3	-34499.5	4186.11
45568.3	-34498.3	4200
45568.3	-34499.5	4213.89
45568.3	-34503.1	4227.36
45568.3	-34509	4240
45568.3	-34517	4251.42
45568.3	-34526.8	4261.28
45568.3	-34538.3	4269.28
45568.3	-34550.9	4275.18
45568.3	-34564.4	4278.78
45568.3	-34578.3	4280
45568.3	-34592.1	4278.78
45568.3	-34605.6	4275.18
45568.3	-34618.3	4269.28
45568.3	-34629.7	4261.28
45568.3	-34639.5	4251.42
45568.3	-34647.5	4240
45568.3	-34653.4	4227.36
45568.3	-34657	4213.89
45568.3	-34658.3	4200
45568.3	-34657	4186.11
45568.3	-34653.4	4172.64
45568.3	-34647.5	4160
45568.3	-34639.5	4148.58
45568.3	-34629.7	4138.72
45568.3	-34618.3	4130.72
45568.3	-34605.6	4124.82
45568.3	-34592.1	4121.22
45568.3	-34959.4	4120
45568.3	-34945.5	4121.22
45568.3	-34932	4124.82
45568.3	-34919.4	4130.72
45568.3	-34907.9	4138.72
45568.3	-34898.1	4148.58
45568.3	-34890.1	4160
45568.3	-34884.2	4172.64
45568.3	-34880.6	4186.11
45568.3	-34879.4	4200
45568.3	-34880.6	4213.89
45568.3	-34884.2	4227.36
45568.3	-34890.1	4240
45568.3	-34898.1	4251.42
45568.3	-34907.9	4261.28
45568.3	-34919.4	4269.28
45568.3	-34932	4275.18
45568.3	-34945.5	4278.78
45568.3	-34959.4	4280
45568.3	-34973.2	4278.78
45568.3	-34986.7	4275.18
45568.3	-34999.4	4269.28
45568.3	-35010.8	4261.28
45568.3	-35020.6	4251.42
45568.3	-35028.6	4240
45568.3	-35034.5	4227.36
45568.3	-35038.1	4213.89
45568.3	-35039.4	4200
45568.3	-35038.1	4186.11
45568.3	-35034.5	4172.64
45568.3	-35028.6	4160
45568.3	-35020.6	4148.58
45568.3	-35010.8	4138.72
45568.3	-34999.4	4130.72
45568.3	-34986.7	4124.82
45568.3	-34973.2	4121.22
45263.3	-32785.5	5230
45263.3	-32785.5	-50
45263.3	-34564.4	4121.22
45263.3	-34578.3	4120
45263.3	-34592.1	4121.22
45263.3	-34605.6	4124.82
45263.3	-34618.3	4130.72
45263.3	-34629.7	4138.72
45263.3	-34639.5	4148.58
45263.3	-34647.5	4160
45263.3	-34653.4	4172.64
45263.3	-34657	4186.11
45263.3	-34658.3	4200
45263.3	-34657	4213.89
45263.3	-34653.4	4227.36
45263.3	-34647.5	4240
45263.3	-34639.5	4251.42
45263.3	-34629.7	4261.28
45263.3	-34618.3	4269.28
45263.3	-34605.6	4275.18
45263.3	-34592.1	4278.78
45263.3	-34578.3	4280
45263.3	-34564.4	4278.78
45263.3	-34550.9	4275.18
45263.3	-34538.3	4269.28
45263.3	-34526.8	4261.28
45263.3	-34517	4251.42
45263.3	-34509	4240
45263.3	-34503.1	4227.36
45263.3	-34499.5	4213.89
45263.3	-34498.3	4200
45263.3	-34499.5	4186.11
45263.3	-34503.1	4172.64
45263.3	-34509	4160
45263.3	-34517	4148.58
45263.3	-34526.8	4138.72
45263.3	-34538.3	4130.72
45263.3	-34550.9	4124.82
45263.3	-34945.5	4121.22
45263.3	-34959.4	4120
45263.3	-34973.2	4121.22
45263.3	-34986.7	4124.82
45263.3	-34999.4	4130.72
45263.3	-35010.8	4138.72
45263.3	-35020.6	4148.58
45263.3	-35028.6	4160
45263.3	-35034.5	4172.64
45263.3	-35038.1	4186.11
45263.3	-35039.4	4200
45263.3	-35038.1	4213.89
45263.3	-35034.5	4227.36
45263.3	-35028.6	4240
45263.3	-35020.6	4251.42
45263.3	-35010.8	4261.28
45263.3	-34999.4	4269.28
45263.3	-34986.7	4275.18
45263.3	-34973.2	4278.78
45263.3	-34959.4	4280
45263.3	-34945.5	4278.78
45263.3	-34932	4275.18
45263.3	-34919.4	4269.28
45263.3	-34907.9	4261.28
45263.3	-34898.1	4251.42
45263.3	-34890.1	4240
45263.3	-34884.2	4227.36
45263.3	-34880.6	4213.89
45263.3	-34879.4	4200
45263.3	-34880.6	4186.11
45263.3	-34884.2	4172.64
45263.3	-34890.1	4160
45263.3	-34898.1	4148.58
45263.3	-34907.9	4138.72
45263.3	-34919.4	4130.72
45263.3	-34932	4124.82

#	Triangle	118
0	2	1	3	2	0
4	3	5	77	2	3	71	2	72	70	2	71	69	2	70	68	2	69	67	2	68	66	2	67	65	2	66
4	9	3
9	8	3
8	7	3
7	6	3	6	42	3	42	77	3
41	42	6	41	43	42	40	43	41	40	44	43	39	44	40	39	45	44	38	45	39	38	46	45	37	46	38	37	47	46	36	47	37	36	48	47	35	48	36	35	49	48	34	49	35	34	50	49	33	50	34	33	51	50	32	51	33	32	52	51	31	52	32	31	53	52	30	53	31	30	54	53	29	54	30	29	55	54	28	55	29	28	56	55	27	56	28	27	57	56	26	57	27	26	58	57	25	58	26	25	59	58	24	59	25	24	60	59
76	2	77
75	2	76	4	23	22
4	10	9
74	2	75	73	2	74	72	2	73	4	20	19
4	11	10
4	12	11
4	13	12	4	14	13
4	15	14	4	16	15
4	17	16	4	18	17	4	19	18
64	2	65	63	2	64	62	2	63
4	21	20	4	22	21	4	2	60
61	2	62
4	24	23	4	60	24
60	2	61
5	78	4	79	78	5
1	79	0	1	124	123	1	125	124	1	126	125	1	127	126	1	128	127	1	129	128	1	130	129
1	118	79	1	131	130	1	132	131	1	133	132
118	117	79	117	81	79	81	80	79	80	115	79	115	114	79
114	78	79	108	78	109	107	78	108
116	81	117	116	82	81	151	82	116	151	83	82	150	83	151	150	84	83	149	84	150	149	85	84	148	85	149	148	86	85	147	86	148	147	87	86	146	87	147	146	88	87	145	88	146	145	89	88	144	89	145	144	90	89	143	90	144	143	91	90	142	91	143	142	92	91	141	92	142	141	93	92	140	93	141	140	94	93	139	94	140	139	95	94	138	95	139	138	96	95	137	96	138	137	97	96	136	97	137	136	98	97	135	98	136	135	99	98
1	119	118
1	120	119	100	78	101
1	121	120	1	122	121	1	123	122	103	78	104
113	78	114
112	78	113
111	78	112
110	78	111	109	78	110
106	78	107	105	78	106	104	78	105
102	78	103	101	78	102	1	78	99
1	134	133
1	135	134
99	78	100
1	99	135
0	5	3	79	5	0
2	78	1	4	78	2
81	7	80	42	43	117
6	7	81	117	43	116
80	8	115
7	8	80
115	9	114	8	9	115
114	10	113	45	46	150
9	10	114	150	46	149
113	11	112
10	11	113
112	12	111
11	12	112	148	48	147	47	48	148
111	13	110
12	13	111
110	14	109	13	14	110	146	50	145	49	50	146
109	15	108	14	15	109
108	16	107	15	16	108	144	52	143
107	17	106	16	17	107	143	53	142	52	53	143
106	18	105
17	18	106	142	54	141	53	54	142
105	19	104
18	19	105
104	20	103
19	20	104	140	56	139	55	56	140
103	21	102	56	57	139
20	21	103	139	57	138
102	22	101	21	22	102	138	58	137
101	23	100
22	23	101	137	59	136	58	59	137
100	24	99	59	60	136
23	24	100	136	60	135
99	25	98	24	25	99	135	61	134
98	26	97	25	26	98	134	62	133	61	62	134
97	27	96	26	27	97
96	28	95	27	28	96	132	64	131
95	29	94	28	29	95	131	65	130	64	65	131
94	30	93	29	30	94	130	66	129	65	66	130
93	31	92	30	31	93
92	32	91	31	32	92
91	33	90	32	33	91	68	69	127
90	34	89	33	34	90
89	35	88	34	35	89	70	71	125
88	36	87	35	36	88	124	72	123
87	37	86	36	37	87	123	73	122	72	73	123
86	38	85	37	38	86	122	74	121	73	74	122
85	39	84	38	39	85
84	40	83	39	40	84	120	76	119
83	41	82	40	41	83	119	77	118	76	77	119
82	6	81	41	6	82
116	44	151	43	44	116
151	45	150
44	45	151
149	47	148	46	47	149
147	49	146	48	49	147
145	51	144
50	51	145
51	52	144
141	55	140	54	55	141
57	58	138
60	61	135
133	63	132
62	63	133
63	64	132
129	67	128
66	67	129
128	68	127
67	68	128
127	69	126
126	70	125
69	70	126
125	71	124
71	72	124
121	75	120
74	75	121
75	76	120
118	42	117
77	42	118

#	Normal	118
-1.28074e-005	1	0
-1	-1.01461e-006	0
-1	-1.52328e-005	2.07349e-005
-1	1.29447e-006	-2.77578e-006
-1	4.05036e-007	-1.51143e-006
-1	9.35245e-008	-1.06924e-006
-1	0	0
-1	-2.84156e-006	-1.06036e-005
-1	-1.24845e-006	-2.67709e-006
-1	-2.14076e-005	3.05805e-005
-1	-9.97558e-007	-1.425e-006
-1	-6.00749e-006	6.0066e-006
-1	-4.01004e-006	2.80843e-006
-1	-3.18938e-006	1.48656e-006
-1	-2.40725e-006	2.1051e-007
-1	-1.96663e-006	-5.26981e-007
-1	-6.06253e-007	6.06163e-007
-1	-1.24994e-006	-1.78552e-006
-1	-4.31069e-007	1.60858e-006
-1	-3.08701e-007	-3.52928e-006
-1	-2.38372e-007	2.72524e-006
1.28074e-005	-1	0
1	1.01461e-006	-0
1	5.81643e-007	-6.3141e-007
1	-8.5876e-008	-9.81519e-007
1	2.22861e-006	-0
1	0	0
1	2.84155e-006	1.06035e-005
1	1.24874e-006	2.67854e-006
1	9.97421e-007	1.42431e-006
1	2.13453e-005	-3.0481e-005
1	6.01149e-006	-6.01297e-006
1	4.00854e-006	-2.80601e-006
1	3.19024e-006	-1.48795e-006
1	1.96663e-006	5.26982e-007
1	1.25013e-006	1.78518e-006
1	4.31068e-007	-1.60858e-006
1	2.38417e-007	-2.72498e-006
1	3.08775e-007	3.52914e-006
1	0	-4.11184e-006
0	0	1
0	0	-1
-1.11629e-006	0.08716	-0.996194
0	0.0871357	-0.996196
0	0.258778	-0.965937
-3.31517e-006	0.258848	-0.965918
0	0.422646	-0.906295
-7.34653e-006	0.573617	-0.819123
0	0.573486	-0.819215
0	0.707019	-0.707194
-9.05686e-006	0.707159	-0.707054
-1.04922e-005	0.819229	-0.573467
0	0.819097	-0.573655
0	0.906273	-0.422692
-1.16084e-005	0.906381	-0.422462
0	0.965923	-0.258831
0	0.996198	-0.0871161
-0	0.996198	0.0871161
-0	0.965923	0.258831
-1.1607e-005	0.906273	0.422692
-0	0.906381	0.422462
-0	0.819229	0.573467
-1.04905e-005	0.819097	0.573655
-9.05506e-006	0.707019	0.707194
-0	0.707159	0.707054
-0	0.573617	0.819123
-7.34485e-006	0.573486	0.819215
-0	0.422646	0.906295
-3.31427e-006	0.258778	0.965937
-0	0.258848	0.965918
-0	0.08716	0.996194
-1.11598e-006	0.0871357	0.996196
0	-0.08716	0.996194
0	-0.258848	0.965918
0	-0.422539	0.906345
0	-0.573617	0.819123
0	-0.707159	0.707054
0	-0.819097	0.573655
0	-0.906273	0.422692
0	-0.965923	0.258831
0	-0.996198	0.0871161
0	-0.996198	-0.0871161
0	-0.965923	-0.258831
0	-0.906273	-0.422692
0	-0.819097	-0.573655
0	-0.707159	-0.707054
0	-0.573617	-0.819123
0	-0.422539	-0.906345
0	-0.258848	-0.965918
0	-0.08716	-0.996194
0	0.258848	-0.965918
-5.41298e-006	0.422646	-0.906295
0	0.422539	-0.906345
0	0.707159	-0.707054
0	0.906381	-0.422462
-1.27587e-005	0.996198	-0.0871161
0	0.996174	-0.0873941
-1.27584e-005	0.996174	0.0873941
-0	0.819097	0.573655
-5.41161e-006	0.422539	0.906345
1.11598e-006	-0.0871357	0.996196
5.41161e-006	-0.422539	0.906345
0	-0.422646	0.906295
7.34485e-006	-0.573486	0.819215
1.1607e-005	-0.906273	0.422692
0	-0.906381	0.422462
0	-0.965993	0.258569
1.23709e-005	-0.965923	0.258831
1.27584e-005	-0.996174	0.0873941
0	-0.996174	-0.0873941
1.27587e-005	-0.996198	-0.0871161
1.23718e-005	-0.965993	-0.258569
1.16084e-005	-0.906381	-0.422462
7.34653e-006	-0.573617	-0.819123
0	-0.573486	-0.819215
5.41298e-006	-0.422646	-0.906295
1.11629e-006	-0.08716	-0.996194
0	-0.0871357	-0.996196

#	Mesh	0	End

