#	Mesh	0	Begin

#	Vertex	232
11518.3	18264.5	-50
11518.3	18264.5	4650
11718.3	18264.5	4650
11718.3	18264.5	-50
11718.3	25964.5	4650
11718.3	25964.5	-50
11718.3	18835	4130
11718.3	19935	4130
11718.3	19935	4550
11718.3	18835	4550
11718.3	25205.4	4226.2
11718.3	25220.2	4227.5
11718.3	25234.5	4231.33
11718.3	25247.9	4237.59
11718.3	25260.1	4246.09
11718.3	25270.5	4256.57
11718.3	25279	4268.7
11718.3	25285.3	4282.13
11718.3	25289.1	4296.44
11718.3	25290.4	4311.2
11718.3	25289.1	4325.96
11718.3	25285.3	4340.28
11718.3	25279	4353.7
11718.3	25270.5	4365.84
11718.3	25260.1	4376.32
11718.3	25247.9	4384.82
11718.3	25234.5	4391.08
11718.3	25220.2	4394.91
11718.3	25205.4	4396.2
11718.3	25190.7	4394.91
11718.3	25176.4	4391.08
11718.3	25162.9	4384.82
11718.3	25150.8	4376.32
11718.3	25140.3	4365.84
11718.3	25131.8	4353.7
11718.3	25125.5	4340.28
11718.3	25121.7	4325.96
11718.3	25120.4	4311.2
11718.3	25121.7	4296.44
11718.3	25125.5	4282.13
11718.3	25131.8	4268.7
11718.3	25140.3	4256.57
11718.3	25150.8	4246.09
11718.3	25162.9	4237.59
11718.3	25176.4	4231.33
11718.3	25190.7	4227.5
11718.3	25064.6	4279.57
11718.3	25070.1	4280.05
11718.3	25075.4	4281.47
11718.3	25080.3	4283.79
11718.3	25084.8	4286.94
11718.3	25088.7	4290.83
11718.3	25091.9	4295.32
11718.3	25094.2	4300.3
11718.3	25095.6	4305.6
11718.3	25096.1	4311.07
11718.3	25095.6	4316.54
11718.3	25094.2	4321.85
11718.3	25091.9	4326.82
11718.3	25088.7	4331.32
11718.3	25084.8	4335.2
11718.3	25080.3	4338.35
11718.3	25075.4	4340.67
11718.3	25070.1	4342.1
11718.3	25064.6	4342.57
11718.3	25059.1	4342.1
11718.3	25053.8	4340.67
11718.3	25048.8	4338.35
11718.3	25044.3	4335.2
11718.3	25040.5	4331.32
11718.3	25037.3	4326.82
11718.3	25035	4321.85
11718.3	25033.6	4316.54
11718.3	25033.1	4311.07
11718.3	25033.6	4305.6
11718.3	25035	4300.3
11718.3	25037.3	4295.32
11718.3	25040.5	4290.83
11718.3	25044.3	4286.94
11718.3	25048.8	4283.79
11718.3	25053.8	4281.47
11718.3	25059.1	4280.05
11718.3	25384.6	4226.13
11718.3	25399.3	4227.42
11718.3	25413.7	4231.25
11718.3	25427.1	4237.51
11718.3	25439.2	4246.01
11718.3	25449.7	4256.49
11718.3	25458.2	4268.63
11718.3	25464.5	4282.05
11718.3	25468.3	4296.37
11718.3	25469.6	4311.13
11718.3	25468.3	4325.89
11718.3	25464.5	4340.2
11718.3	25458.2	4353.63
11718.3	25449.7	4365.76
11718.3	25439.2	4376.24
11718.3	25427.1	4384.74
11718.3	25413.7	4391
11718.3	25399.3	4394.83
11718.3	25384.6	4396.13
11718.3	25369.8	4394.83
11718.3	25355.5	4391
11718.3	25342.1	4384.74
11718.3	25329.9	4376.24
11718.3	25319.5	4365.76
11718.3	25311	4353.63
11718.3	25304.7	4340.2
11718.3	25300.9	4325.89
11718.3	25299.6	4311.13
11718.3	25300.9	4296.37
11718.3	25304.7	4282.05
11718.3	25311	4268.63
11718.3	25319.5	4256.49
11718.3	25329.9	4246.01
11718.3	25342.1	4237.51
11718.3	25355.5	4231.25
11718.3	25369.8	4227.42
11518.3	25964.5	4650
11518.3	25964.5	-50
11518.3	19935	4130
11518.3	18835	4130
11518.3	18835	4550
11518.3	19935	4550
11518.3	25220.2	4227.5
11518.3	25205.4	4226.2
11518.3	25190.7	4227.5
11518.3	25176.4	4231.33
11518.3	25162.9	4237.59
11518.3	25150.8	4246.09
11518.3	25140.3	4256.57
11518.3	25131.8	4268.7
11518.3	25125.5	4282.13
11518.3	25121.7	4296.44
11518.3	25120.4	4311.2
11518.3	25121.7	4325.96
11518.3	25125.5	4340.28
11518.3	25131.8	4353.7
11518.3	25140.3	4365.84
11518.3	25150.8	4376.32
11518.3	25162.9	4384.82
11518.3	25176.4	4391.08
11518.3	25190.7	4394.91
11518.3	25205.4	4396.2
11518.3	25220.2	4394.91
11518.3	25234.5	4391.08
11518.3	25247.9	4384.82
11518.3	25260.1	4376.32
11518.3	25270.5	4365.84
11518.3	25279	4353.7
11518.3	25285.3	4340.28
11518.3	25289.1	4325.96
11518.3	25290.4	4311.2
11518.3	25289.1	4296.44
11518.3	25285.3	4282.13
11518.3	25279	4268.7
11518.3	25270.5	4256.57
11518.3	25260.1	4246.09
11518.3	25247.9	4237.59
11518.3	25234.5	4231.33
11518.3	25070.1	4280.05
11518.3	25064.6	4279.57
11518.3	25059.1	4280.05
11518.3	25053.8	4281.47
11518.3	25048.8	4283.79
11518.3	25044.3	4286.94
11518.3	25040.5	4290.83
11518.3	25037.3	4295.32
11518.3	25035	4300.3
11518.3	25033.6	4305.6
11518.3	25033.1	4311.07
11518.3	25033.6	4316.54
11518.3	25035	4321.85
11518.3	25037.3	4326.82
11518.3	25040.5	4331.32
11518.3	25044.3	4335.2
11518.3	25048.8	4338.35
11518.3	25053.8	4340.67
11518.3	25059.1	4342.1
11518.3	25064.6	4342.57
11518.3	25070.1	4342.1
11518.3	25075.4	4340.67
11518.3	25080.3	4338.35
11518.3	25084.8	4335.2
11518.3	25088.7	4331.32
11518.3	25091.9	4326.82
11518.3	25094.2	4321.85
11518.3	25095.6	4316.54
11518.3	25096.1	4311.07
11518.3	25095.6	4305.6
11518.3	25094.2	4300.3
11518.3	25091.9	4295.32
11518.3	25088.7	4290.83
11518.3	25084.8	4286.94
11518.3	25080.3	4283.79
11518.3	25075.4	4281.47
11518.3	25399.3	4227.42
11518.3	25384.6	4226.13
11518.3	25369.8	4227.42
11518.3	25355.5	4231.25
11518.3	25342.1	4237.51
11518.3	25329.9	4246.01
11518.3	25319.5	4256.49
11518.3	25311	4268.63
11518.3	25304.7	4282.05
11518.3	25300.9	4296.37
11518.3	25299.6	4311.13
11518.3	25300.9	4325.89
11518.3	25304.7	4340.2
11518.3	25311	4353.63
11518.3	25319.5	4365.76
11518.3	25329.9	4376.24
11518.3	25342.1	4384.74
11518.3	25355.5	4391
11518.3	25369.8	4394.83
11518.3	25384.6	4396.13
11518.3	25399.3	4394.83
11518.3	25413.7	4391
11518.3	25427.1	4384.74
11518.3	25439.2	4376.24
11518.3	25449.7	4365.76
11518.3	25458.2	4353.63
11518.3	25464.5	4340.2
11518.3	25468.3	4325.89
11518.3	25469.6	4311.13
11518.3	25468.3	4296.37
11518.3	25464.5	4282.05
11518.3	25458.2	4268.63
11518.3	25449.7	4256.49
11518.3	25439.2	4246.01
11518.3	25427.1	4237.51
11518.3	25413.7	4231.25

#	Triangle	105
0	2	1	3	2	0	120	8	123	7	8	120
4	86	5	86	85	5	85	84	5	84	83	5	83	82	5	82	3	5	82	7	3	7	6	3	6	2	3	82	10	7	10	8	7	9	2	6	117	10	82	117	11	10	45	8	10	116	11	117	116	12	11	44	8	45	115	12	116	115	13	12	43	8	44	114	13	115	114	14	13	42	8	43	4	87	86	113	14	114	113	15	14	41	8	42	4	88	87	112	15	113	112	16	15	40	8	41	4	89	88	111	16	112	111	17	16	39	46	40	46	8	40	39	47	46	81	8	46	39	48	47	80	8	81	39	49	48	79	8	80	4	90	89	110	17	111	110	18	17	38	49	39	38	50	49	78	8	79	38	51	50	77	8	78	38	52	51	76	8	77	38	53	52	75	8	76	4	91	90	109	18	110	109	19	18	37	53	38	37	54	53	74	8	75	37	55	54	73	8	74	37	56	55	72	8	73	4	92	91	108	19	109	108	20	19	36	56	37	36	57	56	71	8	72	36	58	57	70	8	71	4	93	92	107	20	108	107	21	20	35	58	36	35	59	58	69	8	70	35	60	59	68	8	69	35	61	60	67	8	68	35	62	61	66	8	67	4	94	93	106	21	107	106	22	21	34	62	35	34	63	62	65	8	66	34	64	63	64	8	65	34	8	64	4	95	94	105	22	106	105	23	22	33	8	34	4	96	95	104	23	105	104	24	23	32	8	33	4	97	96	103	24	104	103	25	24	31	8	32	4	98	97	102	25	103	102	26	25	30	8	31	4	99	98	101	26	102	101	27	26	29	8	30	4	100	99	100	27	101	100	28	27	28	8	29	4	28	100	4	8	28	4	9	8	4	2	9
5	118	4	119	118	5	122	6	121	9	6	122
1	121	0	121	119	0	121	120	119	120	197	119	197	196	119	196	231	119	231	230	119	230	229	119	229	118	119	1	122	121	123	125	120	125	197	120	125	198	197	123	126	125	124	198	125	124	199	198	123	127	126	159	199	124	159	200	199	123	128	127	158	200	159	158	201	200	123	129	128	157	201	158	157	202	201	228	118	229	123	130	129	156	202	157	156	203	202	227	118	228	123	131	130	155	203	156	155	204	203	226	118	227	123	161	131	161	132	131	154	204	155	123	162	161	160	132	161	123	163	162	195	132	160	123	164	163	194	132	195	154	205	204	225	118	226	194	133	132	153	205	154	123	165	164	193	133	194	123	166	165	192	133	193	123	167	166	191	133	192	123	168	167	190	133	191	153	206	205	224	118	225	190	134	133	152	206	153	123	169	168	189	134	190	123	170	169	188	134	189	123	171	170	187	134	188	152	207	206	223	118	224	187	135	134	151	207	152	123	172	171	186	135	187	123	173	172	185	135	186	151	208	207	222	118	223	185	136	135	150	208	151	123	174	173	184	136	185	123	175	174	183	136	184	123	176	175	182	136	183	123	177	176	181	136	182	150	209	208	221	118	222	181	137	136	149	209	150	123	178	177	180	137	181	123	179	178	179	137	180	123	137	179	149	210	209	220	118	221	123	138	137	148	210	149	148	211	210	219	118	220	123	139	138	147	211	148	147	212	211	218	118	219	123	140	139	146	212	147	146	213	212	217	118	218	123	141	140	145	213	146	145	214	213	216	118	217	123	142	141	144	214	145	144	215	214	215	118	216	123	143	142	143	215	144	143	118	215	123	118	143	1	123	122	1	118	123
0	5	3	119	5	0	123	9	122	8	9	123
2	118	1	4	118	2	121	7	120	6	7	121
125	11	124	10	11	125
124	12	159	11	12	124
159	13	158	12	13	159
158	14	157	13	14	158
157	15	156	14	15	157
156	16	155	15	16	156
155	17	154	16	17	155
154	18	153	17	18	154
153	19	152	18	19	153
152	20	151	19	20	152
151	21	150	20	21	151
150	22	149	21	22	150	222	94	221	93	94	222
149	23	148	22	23	149
148	24	147	23	24	148	184	60	183	59	60	184
147	25	146	24	25	147
146	26	145	25	26	146
145	27	144	26	27	145
144	28	143	27	28	144	180	64	179	63	64	180
143	29	142	28	29	143
142	30	141	29	30	142
141	31	140	30	31	141	213	103	212	102	103	213
140	32	139	31	32	140
139	33	138	32	33	139	175	69	174	68	69	175
138	34	137	33	34	138
137	35	136	34	35	137	209	107	208	106	107	209
136	36	135	35	36	136
135	37	134	36	37	135
134	38	133	37	38	134
133	39	132	38	39	133
132	40	131	39	40	132
131	41	130	40	41	131
130	42	129	41	42	130
129	43	128	42	43	129
128	44	127	43	44	128	200	116	199	115	116	200
127	45	126	44	45	127
126	10	125	45	10	126
161	47	160	46	47	161	197	83	196	82	83	197
160	48	195	47	48	160
195	49	194	48	49	195
194	50	193	49	50	194
193	51	192	50	51	193
192	52	191	51	52	192
191	53	190	52	53	191
190	54	189	53	54	190
189	55	188	54	55	189
188	56	187	55	56	188
187	57	186	56	57	187
186	58	185	57	58	186
185	59	184	58	59	185
183	61	182	60	61	183
182	62	181	61	62	182
181	63	180	62	63	181
179	65	178	64	65	179
178	66	177	65	66	178
177	67	176	66	67	177
176	68	175	67	68	176
174	70	173	69	70	174
173	71	172	70	71	173
172	72	171	71	72	172
171	73	170	72	73	171
170	74	169	73	74	170
169	75	168	74	75	169
168	76	167	75	76	168
167	77	166	76	77	167
166	78	165	77	78	166
165	79	164	78	79	165
164	80	163	79	80	164
163	81	162	80	81	163
162	46	161	81	46	162	198	82	197	117	82	198
196	84	231	83	84	196
231	85	230	84	85	231
230	86	229	85	86	230
229	87	228	86	87	229
228	88	227	87	88	228
227	89	226	88	89	227
226	90	225	89	90	226
225	91	224	90	91	225
224	92	223	91	92	224
223	93	222	92	93	223
221	95	220	94	95	221
220	96	219	95	96	220
219	97	218	96	97	219
218	98	217	97	98	218
217	99	216	98	99	217
216	100	215	99	100	216
215	101	214	100	101	215
214	102	213	101	102	214
212	104	211	103	104	212
211	105	210	104	105	211
210	106	209	105	106	210
208	108	207	107	108	208
207	109	206	108	109	207
206	110	205	109	110	206
205	111	204	110	111	205
204	112	203	111	112	204
203	113	202	112	113	203
202	114	201	113	114	202
201	115	200	114	115	201
199	117	198	116	117	199

#	Normal	105
-0	1	0
-1	0	0
-0	-1	-0
1	0	0
0	-0	1
0	0	-1
0	0.0871686	-0.996194
0	0.258848	-0.965918
0	0.422582	-0.906325
0	0.573569	-0.819158
0	0.707123	-0.70709
0	0.819158	-0.573569
0	0.906313	-0.422608
0	0.965939	-0.25877
0	0.996185	-0.0872667
-0	0.996185	0.0872638
-0	0.965939	0.25877
-0	0.906307	0.42262
-0	0.819168	0.573553
-0	0.707107	0.707107
-0	0.573591	0.819142
-0	0.422582	0.906325
-0	0.258848	0.965918
-0	0.0871359	0.996196
0	-0.0871244	0.996197
0	-0.258848	0.965918
0	-0.422633	0.906301
0	-0.573529	0.819185
0	-0.707107	0.707107
0	-0.819168	0.573553
0	-0.906307	0.42262
0	-0.965939	0.25877
0	-0.996197	0.087133
0	-0.996196	-0.0871359
0	-0.965939	-0.25877
0	-0.906313	-0.422608
0	-0.819158	-0.573569
0	-0.707123	-0.70709
0	-0.573507	-0.819201
0	-0.422633	-0.906301
0	-0.258848	-0.965918
0	-0.0871571	-0.996195
0	0.0871361	-0.996196
0	0.258825	-0.965924
0	0.422647	-0.906294
0	0.573558	-0.819165
0	0.707062	-0.707151
0	0.819249	-0.573438
0	0.906328	-0.422574
0	0.965892	-0.258946
0	0.996195	-0.0871515
-0	0.996195	0.0871515
-0	0.965892	0.258946
-0	0.906328	0.422574
-0	0.819219	0.57348
-0	0.573558	0.819165
-0	0.422574	0.906328
-0	0.258908	0.965902
0	-0.0871361	0.996196
0	-0.258908	0.965902
0	-0.422574	0.906328
0	-0.573558	0.819165
0	-0.819219	0.57348
0	-0.906328	0.422574
0	-0.965892	0.258946
0	-0.996195	0.0871515
0	-0.996195	-0.0871515
0	-0.965892	-0.258946
0	-0.906328	-0.422574
0	-0.819249	-0.573438
0	-0.707062	-0.707151
0	-0.573558	-0.819165
0	-0.422647	-0.906294
0	-0.258825	-0.965924
0	-0.0871361	-0.996196
0	0.258815	-0.965927
0	0.422633	-0.906301
0	0.573591	-0.819142
0	0.707107	-0.707107
0	0.819168	-0.573553
0	0.906307	-0.42262
0	0.965906	-0.258893
0	0.996197	-0.087133
-0	0.996196	0.0871359
-0	0.965908	0.258885
-0	0.819158	0.573569
-0	0.707123	0.70709
-0	0.573569	0.819158
-0	0.422633	0.906301
-0	0.258815	0.965927
-0	0.0871686	0.996194
0	-0.0871686	0.996194
0	-0.258815	0.965927
0	-0.573569	0.819158
0	-0.707123	0.70709
0	-0.819158	0.573569
0	-0.965908	0.258885
0	-0.996196	0.0871359
0	-0.996197	-0.087133
0	-0.965906	-0.258893
0	-0.906307	-0.42262
0	-0.819168	-0.573553
0	-0.707107	-0.707107
0	-0.573591	-0.819142
0	-0.258815	-0.965927

#	Mesh	0	End

