#	Mesh	0	Begin

#	Vertex	40
20368.3	15714.5	-50
20368.3	15714.5	5230
20368.3	15914.5	5230
20368.3	15914.5	-50
3318.27	15914.5	5230
3318.27	15914.5	-50
12068.3	15914.5	2100
13568.3	15914.5	2100
13568.3	15914.5	0
12068.3	15914.5	0
9668.27	15914.5	2100
11168.3	15914.5	2100
11168.3	15914.5	0
9668.27	15914.5	0
5535.51	15914.5	4500
3835.51	15914.5	4500
3835.51	15914.5	5000
5535.51	15914.5	5000
3318.27	15714.5	5230
3318.27	15714.5	-50
13568.3	15714.5	2100
12068.3	15714.5	2100
12068.3	15714.5	0
13568.3	15714.5	0
11168.3	15714.5	2100
9668.27	15714.5	2100
9668.27	15714.5	0
11168.3	15714.5	0
9514.27	15885.1	1900
9514.27	15714.5	1900
8814.27	15885.1	1900
8814.27	15714.5	1900
8814.27	15885.1	100
8814.27	15714.5	100
9514.27	15885.1	100
9514.27	15714.5	100
3835.51	15714.5	4500
5535.51	15714.5	4500
5535.51	15714.5	5000
3835.51	15714.5	5000

#	Triangle	6
0	2	1	3	2	0	30	33	32	31	33	30	9	21	22	6	21	9	13	25	26	10	25	13	36	16	39	15	16	36
4	15	5	15	13	5	13	3	5	13	12	3	12	9	3	9	8	3	8	2	3	15	10	13	11	9	12	11	6	9	7	2	8	15	11	10	15	6	11	15	7	6	15	14	7	14	2	7	4	16	15	17	2	14	4	17	16	4	2	17
5	18	4	19	18	5	34	29	28	35	29	34	7	23	20	8	23	7	11	27	24	12	27	11	38	14	37	17	14	38
1	23	0	23	19	0	23	22	19	22	27	19	27	26	19	26	35	19	35	33	19	33	36	19	36	18	19	1	20	23	21	27	22	21	24	27	25	35	26	25	29	35	31	36	33	25	31	29	25	36	31	1	21	20	1	24	21	1	25	24	1	37	25	37	36	25	1	38	37	39	18	36	1	39	38	1	18	39	34	30	32	28	30	34
0	5	3	19	5	0	28	31	30	29	31	28	6	20	21	7	20	6	10	24	25	11	24	10	39	17	38	16	17	39
2	18	1	4	18	2	32	35	34	33	35	32	8	22	23	9	22	8	12	26	27	13	26	12	37	15	36	14	15	37

#	Normal	6
-1	0	0
0	-1	0
1	0	0
0	1	-0
0	0	1
0	0	-1

#	Mesh	0	End

