#	Mesh	0	Begin

#	Vertex	240
20368.3	25964.5	-50
20368.3	25964.5	5230
20168.3	25964.5	5230
20168.3	25964.5	-50
20168.3	18264.5	5230
20168.3	18264.5	-50
20168.3	21214.5	2300
20168.3	23014.5	2300
20168.3	23014.5	-5.00222e-012
20168.3	21214.5	-5.00222e-012
20168.3	19935	4130
20168.3	18835	4130
20168.3	18835	4550
20168.3	19935	4550
20168.3	25064.6	4247.62
20168.3	25058.1	4248.19
20168.3	25051.8	4249.89
20168.3	25045.8	4252.65
20168.3	25040.5	4256.4
20168.3	25035.9	4261.02
20168.3	25032.1	4266.37
20168.3	25029.4	4272.3
20168.3	25027.7	4278.61
20168.3	25027.1	4285.12
20168.3	25027.7	4291.64
20168.3	25029.4	4297.95
20168.3	25032.1	4303.87
20168.3	25035.9	4309.23
20168.3	25040.5	4313.85
20168.3	25045.8	4317.6
20168.3	25051.8	4320.36
20168.3	25058.1	4322.05
20168.3	25064.6	4322.62
20168.3	25071.1	4322.05
20168.3	25077.4	4320.36
20168.3	25083.3	4317.6
20168.3	25088.7	4313.85
20168.3	25093.3	4309.23
20168.3	25097.1	4303.87
20168.3	25099.8	4297.95
20168.3	25101.5	4291.64
20168.3	25102.1	4285.12
20168.3	25101.5	4278.61
20168.3	25099.8	4272.3
20168.3	25097.1	4266.37
20168.3	25093.3	4261.02
20168.3	25088.7	4256.4
20168.3	25083.3	4252.65
20168.3	25077.4	4249.89
20168.3	25071.1	4248.19
20168.3	25205.4	4215.25
20168.3	25193.3	4216.32
20168.3	25181.5	4219.48
20168.3	25170.4	4224.63
20168.3	25160.4	4231.63
20168.3	25151.8	4240.26
20168.3	25144.8	4250.25
20168.3	25139.6	4261.31
20168.3	25136.5	4273.1
20168.3	25135.4	4285.25
20168.3	25136.5	4297.41
20168.3	25139.6	4309.2
20168.3	25144.8	4320.25
20168.3	25151.8	4330.25
20168.3	25160.4	4338.88
20168.3	25170.4	4345.88
20168.3	25181.5	4351.03
20168.3	25193.3	4354.19
20168.3	25205.4	4355.25
20168.3	25217.6	4354.19
20168.3	25229.4	4351.03
20168.3	25240.4	4345.88
20168.3	25250.4	4338.88
20168.3	25259	4330.25
20168.3	25266	4320.25
20168.3	25271.2	4309.2
20168.3	25274.4	4297.41
20168.3	25275.4	4285.25
20168.3	25274.4	4273.1
20168.3	25271.2	4261.31
20168.3	25266	4250.25
20168.3	25259	4240.26
20168.3	25250.4	4231.63
20168.3	25240.4	4224.63
20168.3	25229.4	4219.48
20168.3	25217.6	4216.32
20168.3	25384.6	4215.18
20168.3	25372.4	4216.24
20168.3	25360.6	4219.4
20168.3	25349.6	4224.55
20168.3	25339.6	4231.55
20168.3	25331	4240.18
20168.3	25324	4250.18
20168.3	25318.8	4261.23
20168.3	25315.6	4273.02
20168.3	25314.6	4285.18
20168.3	25315.6	4297.33
20168.3	25318.8	4309.12
20168.3	25324	4320.18
20168.3	25331	4330.17
20168.3	25339.6	4338.8
20168.3	25349.6	4345.8
20168.3	25360.6	4350.95
20168.3	25372.4	4354.11
20168.3	25384.6	4355.18
20168.3	25396.7	4354.11
20168.3	25408.5	4350.95
20168.3	25419.6	4345.8
20168.3	25429.6	4338.8
20168.3	25438.2	4330.17
20168.3	25445.2	4320.18
20168.3	25450.4	4309.12
20168.3	25453.5	4297.33
20168.3	25454.6	4285.18
20168.3	25453.5	4273.02
20168.3	25450.4	4261.23
20168.3	25445.2	4250.18
20168.3	25438.2	4240.18
20168.3	25429.6	4231.55
20168.3	25419.6	4224.55
20168.3	25408.5	4219.4
20168.3	25396.7	4216.24
20368.3	18264.5	5230
20368.3	18264.5	-50
20368.3	23014.5	2300
20368.3	21214.5	2300
20368.3	21214.5	-5.00222e-012
20368.3	23014.5	-5.00222e-012
20368.3	18835	4130
20368.3	19935	4130
20368.3	19935	4550
20368.3	18835	4550
20368.3	25058.1	4248.19
20368.3	25064.6	4247.62
20368.3	25071.1	4248.19
20368.3	25077.4	4249.89
20368.3	25083.3	4252.65
20368.3	25088.7	4256.4
20368.3	25093.3	4261.02
20368.3	25097.1	4266.37
20368.3	25099.8	4272.3
20368.3	25101.5	4278.61
20368.3	25102.1	4285.12
20368.3	25101.5	4291.64
20368.3	25099.8	4297.95
20368.3	25097.1	4303.87
20368.3	25093.3	4309.23
20368.3	25088.7	4313.85
20368.3	25083.3	4317.6
20368.3	25077.4	4320.36
20368.3	25071.1	4322.05
20368.3	25064.6	4322.62
20368.3	25058.1	4322.05
20368.3	25051.8	4320.36
20368.3	25045.8	4317.6
20368.3	25040.5	4313.85
20368.3	25035.9	4309.23
20368.3	25032.1	4303.87
20368.3	25029.4	4297.95
20368.3	25027.7	4291.64
20368.3	25027.1	4285.12
20368.3	25027.7	4278.61
20368.3	25029.4	4272.3
20368.3	25032.1	4266.37
20368.3	25035.9	4261.02
20368.3	25040.5	4256.4
20368.3	25045.8	4252.65
20368.3	25051.8	4249.89
20368.3	25193.3	4216.32
20368.3	25205.4	4215.25
20368.3	25217.6	4216.32
20368.3	25229.4	4219.48
20368.3	25240.4	4224.63
20368.3	25250.4	4231.63
20368.3	25259	4240.26
20368.3	25266	4250.25
20368.3	25271.2	4261.31
20368.3	25274.4	4273.1
20368.3	25275.4	4285.25
20368.3	25274.4	4297.41
20368.3	25271.2	4309.2
20368.3	25266	4320.25
20368.3	25259	4330.25
20368.3	25250.4	4338.88
20368.3	25240.4	4345.88
20368.3	25229.4	4351.03
20368.3	25217.6	4354.19
20368.3	25205.4	4355.25
20368.3	25193.3	4354.19
20368.3	25181.5	4351.03
20368.3	25170.4	4345.88
20368.3	25160.4	4338.88
20368.3	25151.8	4330.25
20368.3	25144.8	4320.25
20368.3	25139.6	4309.2
20368.3	25136.5	4297.41
20368.3	25135.4	4285.25
20368.3	25136.5	4273.1
20368.3	25139.6	4261.31
20368.3	25144.8	4250.25
20368.3	25151.8	4240.26
20368.3	25160.4	4231.63
20368.3	25170.4	4224.63
20368.3	25181.5	4219.48
20368.3	25372.4	4216.24
20368.3	25384.6	4215.18
20368.3	25396.7	4216.24
20368.3	25408.5	4219.4
20368.3	25419.6	4224.55
20368.3	25429.6	4231.55
20368.3	25438.2	4240.18
20368.3	25445.2	4250.18
20368.3	25450.4	4261.23
20368.3	25453.5	4273.02
20368.3	25454.6	4285.18
20368.3	25453.5	4297.33
20368.3	25450.4	4309.12
20368.3	25445.2	4320.18
20368.3	25438.2	4330.17
20368.3	25429.6	4338.8
20368.3	25419.6	4345.8
20368.3	25408.5	4350.95
20368.3	25396.7	4354.11
20368.3	25384.6	4355.18
20368.3	25372.4	4354.11
20368.3	25360.6	4350.95
20368.3	25349.6	4345.8
20368.3	25339.6	4338.8
20368.3	25331	4330.17
20368.3	25324	4320.18
20368.3	25318.8	4309.12
20368.3	25315.6	4297.33
20368.3	25314.6	4285.18
20368.3	25315.6	4273.02
20368.3	25318.8	4261.23
20368.3	25324	4250.18
20368.3	25331	4240.18
20368.3	25339.6	4231.55
20368.3	25349.6	4224.55
20368.3	25360.6	4219.4

#	Triangle	102
0	2	1	3	2	0	9	125	126	6	125	9	128	12	131	11	12	128
4	11	5	11	9	5	9	3	5	9	8	3	8	121	3	121	120	3	120	119	3	119	118	3	118	117	3	117	116	3	116	2	3	11	6	9	7	121	8	11	7	6	11	10	7	10	86	7	86	121	7	4	12	11	13	50	10	50	86	10	50	87	86	13	51	50	85	87	50	85	88	87	13	52	51	84	88	85	84	89	88	13	53	52	83	89	84	83	90	89	13	54	53	82	90	83	82	91	90	13	55	54	81	91	82	81	92	91	13	14	55	14	56	55	80	92	81	13	15	14	49	56	14	13	16	15	48	56	49	13	17	16	47	56	48	80	93	92	115	2	116	47	57	56	79	93	80	13	18	17	46	57	47	13	19	18	45	57	46	13	20	19	44	57	45	79	94	93	114	2	115	44	58	57	78	94	79	13	21	20	43	58	44	13	22	21	42	58	43	78	95	94	113	2	114	42	59	58	77	95	78	13	23	22	41	59	42	13	24	23	40	59	41	77	96	95	112	2	113	40	60	59	76	96	77	13	25	24	39	60	40	76	97	96	111	2	112	39	61	60	75	97	76	13	26	25	38	61	39	13	27	26	37	61	38	75	98	97	110	2	111	37	62	61	74	98	75	13	28	27	36	62	37	13	29	28	35	62	36	13	30	29	34	62	35	74	99	98	109	2	110	34	63	62	73	99	74	13	31	30	33	63	34	13	32	31	32	63	33	13	63	32	73	100	99	108	2	109	13	64	63	72	100	73	72	101	100	107	2	108	13	65	64	71	101	72	71	102	101	106	2	107	13	66	65	70	102	71	70	103	102	105	2	106	13	67	66	69	103	70	69	104	103	104	2	105	13	68	67	68	104	69	68	2	104	13	2	68	4	13	12	4	2	13
5	122	4	123	122	5	7	127	124	8	127	7	130	10	129	13	10	130
1	211	0	211	210	0	210	209	0	209	208	0	208	207	0	207	206	0	206	127	0	127	123	0	127	126	123	126	128	123	128	122	123	206	124	127	125	128	126	206	125	124	206	205	125	205	129	125	129	128	125	205	169	129	169	130	129	131	122	128	204	169	205	204	170	169	168	130	169	239	170	204	239	171	170	203	130	168	238	171	239	238	172	171	202	130	203	237	172	238	237	173	172	201	130	202	236	173	237	236	174	173	200	130	201	235	174	236	235	175	174	199	133	200	133	130	200	199	134	133	132	130	133	199	135	134	167	130	132	199	136	135	166	130	167	1	212	211	234	175	235	234	176	175	198	136	199	198	137	136	165	130	166	198	138	137	164	130	165	198	139	138	163	130	164	1	213	212	233	176	234	233	177	176	197	139	198	197	140	139	162	130	163	197	141	140	161	130	162	1	214	213	232	177	233	232	178	177	196	141	197	196	142	141	160	130	161	196	143	142	159	130	160	1	215	214	231	178	232	231	179	178	195	143	196	195	144	143	158	130	159	1	216	215	230	179	231	230	180	179	194	144	195	194	145	144	157	130	158	194	146	145	156	130	157	1	217	216	229	180	230	229	181	180	193	146	194	193	147	146	155	130	156	193	148	147	154	130	155	193	149	148	153	130	154	1	218	217	228	181	229	228	182	181	192	149	193	192	150	149	152	130	153	192	151	150	151	130	152	192	130	151	1	219	218	227	182	228	227	183	182	191	130	192	1	220	219	226	183	227	226	184	183	190	130	191	1	221	220	225	184	226	225	185	184	189	130	190	1	222	221	224	185	225	224	186	185	188	130	189	1	223	222	223	186	224	223	187	186	187	130	188	1	187	223	1	130	187	1	131	130	1	122	131
0	5	3	123	5	0	6	124	125	7	124	6	131	13	130	12	13	131
2	122	1	4	122	2	8	126	127	9	126	8	129	11	128	10	11	129
133	15	132	14	15	133
132	16	167	15	16	132
167	17	166	16	17	167
166	18	165	17	18	166
165	19	164	18	19	165
164	20	163	19	20	164
163	21	162	20	21	163
162	22	161	21	22	162
161	23	160	22	23	161
160	24	159	23	24	160
159	25	158	24	25	159
158	26	157	25	26	158
157	27	156	26	27	157
156	28	155	27	28	156
155	29	154	28	29	155
154	30	153	29	30	154
153	31	152	30	31	153
152	32	151	31	32	152
151	33	150	32	33	151
150	34	149	33	34	150
149	35	148	34	35	149
148	36	147	35	36	148
147	37	146	36	37	147
146	38	145	37	38	146
145	39	144	38	39	145
144	40	143	39	40	144
143	41	142	40	41	143
142	42	141	41	42	142
141	43	140	42	43	141
140	44	139	43	44	140
139	45	138	44	45	139
138	46	137	45	46	138
137	47	136	46	47	137
136	48	135	47	48	136
135	49	134	48	49	135
134	14	133	49	14	134
169	51	168	50	51	169	205	87	204	86	87	205
168	52	203	51	52	168	204	88	239	87	88	204
203	53	202	52	53	203
202	54	201	53	54	202
201	55	200	54	55	201
200	56	199	55	56	200
199	57	198	56	57	199
198	58	197	57	58	198	234	94	233	93	94	234
197	59	196	58	59	197	233	95	232	94	95	233
196	60	195	59	60	196	232	96	231	95	96	232
195	61	194	60	61	195	231	97	230	96	97	231
194	62	193	61	62	194
193	63	192	62	63	193
192	64	191	63	64	192
191	65	190	64	65	191
190	66	189	65	66	190
189	67	188	66	67	189	225	103	224	102	103	225
188	68	187	67	68	188	224	104	223	103	104	224
187	69	186	68	69	187
186	70	185	69	70	186
185	71	184	70	71	185
184	72	183	71	72	184
183	73	182	72	73	183
182	74	181	73	74	182	218	110	217	109	110	218
181	75	180	74	75	181
180	76	179	75	76	180	216	112	215	111	112	216
179	77	178	76	77	179
178	78	177	77	78	178
177	79	176	78	79	177	213	115	212	114	115	213
176	80	175	79	80	176
175	81	174	80	81	175	211	117	210	116	117	211
174	82	173	81	82	174
173	83	172	82	83	173
172	84	171	83	84	172
171	85	170	84	85	171
170	50	169	85	50	170
239	89	238	88	89	239
238	90	237	89	90	238
237	91	236	90	91	237
236	92	235	91	92	236
235	93	234	92	93	235
230	98	229	97	98	230
229	99	228	98	99	229
228	100	227	99	100	228
227	101	226	100	101	227
226	102	225	101	102	226
223	105	222	104	105	223
222	106	221	105	106	222
221	107	220	106	107	221
220	108	219	107	108	220
219	109	218	108	109	219
217	111	216	110	111	217
215	113	214	112	113	215
214	114	213	113	114	214
212	116	211	115	116	212
210	118	209	117	118	210
209	119	208	118	119	209
208	120	207	119	120	208
207	121	206	120	121	207
206	86	205	121	86	206

#	Normal	102
-0	-1	-0
1	0	0
-0	1	0
-1	0	0
-0	0	1
-0	-0	-1
-0	-0.0871744	-0.996193
-0	-0.258811	-0.965928
-0	-0.422665	-0.906286
-0	-0.573482	-0.819218
-0	-0.707181	-0.707032
-0	-0.819099	-0.573653
-0	-0.906357	-0.422513
-0	-0.965942	-0.25876
-0	-0.996187	-0.0872485
0	-0.996187	0.0872485
0	-0.965942	0.25876
0	-0.906357	0.422513
0	-0.819099	0.573653
0	-0.707219	0.706995
0	-0.573482	0.819218
0	-0.422665	0.906286
0	-0.258811	0.965928
0	-0.0871002	0.9962
0	0.0871002	0.9962
0	0.258811	0.965928
0	0.422665	0.906286
0	0.573623	0.81912
0	0.707069	0.707144
0	0.819099	0.573653
0	0.906357	0.422513
0	0.965942	0.25876
0	0.996187	0.0872485
0	0.996187	-0.0872485
0	0.965942	-0.25876
0	0.906357	-0.422513
0	0.819099	-0.573653
0	0.707032	-0.707181
0	0.573623	-0.81912
0	0.422665	-0.906286
0	0.258811	-0.965928
0	0.0871744	-0.996193
-0	-0.0871511	-0.996195
-0	-0.258848	-0.965918
-0	-0.422588	-0.906322
-0	-0.573559	-0.819164
-0	-0.707147	-0.707067
-0	-0.8191	-0.57365
-0	-0.906322	-0.422588
-0	-0.965923	-0.258828
-0	-0.996201	-0.0870786
0	-0.996201	0.0870786
0	-0.965923	0.258828
0	-0.906322	0.422588
0	-0.8191	0.57365
0	-0.707147	0.707067
0	-0.573532	0.819183
0	-0.42262	0.906307
0	-0.258848	0.965918
0	-0.0871511	0.996195
0	0.087165	0.996194
0	0.258808	0.965929
0	0.42262	0.906307
0	0.573607	0.81913
0	0.707067	0.707147
0	0.819176	0.573543
0	0.906322	0.422588
0	0.965923	0.258828
0	0.996188	0.0872374
0	0.996188	-0.0872374
0	0.965923	-0.258828
0	0.906322	-0.422588
0	0.819176	-0.573543
0	0.707067	-0.707147
0	0.573634	-0.819112
0	0.422588	-0.906322
0	0.258808	-0.965929
0	0.087165	-0.996194
-0	-0.42262	-0.906307
-0	-0.573607	-0.81913
-0	-0.707067	-0.707147
-0	-0.819176	-0.573543
-0	-0.906261	-0.422719
0	-0.906261	0.422719
0	-0.819176	0.573543
0	-0.707067	0.707147
0	-0.573634	0.819112
0	-0.422588	0.906322
0	0.0871511	0.996195
0	0.258848	0.965918
0	0.422588	0.906322
0	0.573559	0.819164
0	0.707147	0.707067
0	0.906261	0.422719
0	0.996201	0.0870786
0	0.996201	-0.0870786
0	0.906261	-0.422719
0	0.707147	-0.707067
0	0.573532	-0.819183
0	0.42262	-0.906307
0	0.258848	-0.965918
0	0.0871511	-0.996195

#	Mesh	0	End

