#	Mesh	0	Begin

#	Vertex	232
28068.3	35064.5	-50
28068.3	35064.5	5230
28268.3	35064.5	5230
28268.3	35064.5	-50
28268.3	36914.5	5230
28268.3	36914.5	-50
28268.3	36241.5	4400
28268.3	36741.5	4400
28268.3	36741.5	4600
28268.3	36241.5	4600
28268.3	35433.9	4154.61
28268.3	35441.7	4155.29
28268.3	35449.3	4157.32
28268.3	35456.4	4160.64
28268.3	35462.8	4165.14
28268.3	35468.4	4170.68
28268.3	35472.9	4177.11
28268.3	35476.2	4184.22
28268.3	35478.2	4191.79
28268.3	35478.9	4199.61
28268.3	35478.2	4207.42
28268.3	35476.2	4215
28268.3	35472.9	4222.11
28268.3	35468.4	4228.53
28268.3	35462.8	4234.08
28268.3	35456.4	4238.58
28268.3	35449.3	4241.89
28268.3	35441.7	4243.92
28268.3	35433.9	4244.61
28268.3	35426.1	4243.92
28268.3	35418.5	4241.89
28268.3	35411.4	4238.58
28268.3	35405	4234.08
28268.3	35399.4	4228.53
28268.3	35394.9	4222.11
28268.3	35391.6	4215
28268.3	35389.6	4207.42
28268.3	35388.9	4199.61
28268.3	35389.6	4191.79
28268.3	35391.6	4184.22
28268.3	35394.9	4177.11
28268.3	35399.4	4170.68
28268.3	35405	4165.14
28268.3	35411.4	4160.64
28268.3	35418.5	4157.32
28268.3	35426.1	4155.29
28268.3	35212.2	4163.92
28268.3	35218.7	4164.49
28268.3	35225	4166.18
28268.3	35230.9	4168.94
28268.3	35236.3	4172.69
28268.3	35240.9	4177.32
28268.3	35244.7	4182.67
28268.3	35247.4	4188.59
28268.3	35249.1	4194.91
28268.3	35249.7	4201.42
28268.3	35249.1	4207.93
28268.3	35247.4	4214.25
28268.3	35244.7	4220.17
28268.3	35240.9	4225.53
28268.3	35236.3	4230.15
28268.3	35230.9	4233.9
28268.3	35225	4236.66
28268.3	35218.7	4238.35
28268.3	35212.2	4238.92
28268.3	35205.7	4238.35
28268.3	35199.4	4236.66
28268.3	35193.4	4233.9
28268.3	35188.1	4230.15
28268.3	35183.5	4225.53
28268.3	35179.7	4220.17
28268.3	35176.9	4214.25
28268.3	35175.3	4207.93
28268.3	35174.7	4201.42
28268.3	35175.3	4194.91
28268.3	35176.9	4188.59
28268.3	35179.7	4182.67
28268.3	35183.5	4177.32
28268.3	35188.1	4172.69
28268.3	35193.4	4168.94
28268.3	35199.4	4166.18
28268.3	35205.7	4164.49
28268.3	35655.3	4147.17
28268.3	35663.1	4147.85
28268.3	35670.6	4149.89
28268.3	35677.8	4153.2
28268.3	35684.2	4157.7
28268.3	35689.7	4163.25
28268.3	35694.2	4169.67
28268.3	35697.5	4176.78
28268.3	35699.6	4184.36
28268.3	35700.3	4192.17
28268.3	35699.6	4199.99
28268.3	35697.5	4207.56
28268.3	35694.2	4214.67
28268.3	35689.7	4221.1
28268.3	35684.2	4226.64
28268.3	35677.8	4231.14
28268.3	35670.6	4234.46
28268.3	35663.1	4236.49
28268.3	35655.3	4237.17
28268.3	35647.4	4236.49
28268.3	35639.9	4234.46
28268.3	35632.8	4231.14
28268.3	35626.3	4226.64
28268.3	35620.8	4221.1
28268.3	35616.3	4214.67
28268.3	35613	4207.56
28268.3	35610.9	4199.99
28268.3	35610.3	4192.17
28268.3	35610.9	4184.36
28268.3	35613	4176.78
28268.3	35616.3	4169.67
28268.3	35620.8	4163.25
28268.3	35626.3	4157.7
28268.3	35632.8	4153.2
28268.3	35639.9	4149.89
28268.3	35647.4	4147.85
28068.3	36914.5	5230
28068.3	36914.5	-50
28068.3	36741.5	4400
28068.3	36241.5	4400
28068.3	36241.5	4600
28068.3	36741.5	4600
28068.3	35441.7	4155.29
28068.3	35433.9	4154.61
28068.3	35426.1	4155.29
28068.3	35418.5	4157.32
28068.3	35411.4	4160.64
28068.3	35405	4165.14
28068.3	35399.4	4170.68
28068.3	35394.9	4177.11
28068.3	35391.6	4184.22
28068.3	35389.6	4191.79
28068.3	35388.9	4199.61
28068.3	35389.6	4207.42
28068.3	35391.6	4215
28068.3	35394.9	4222.11
28068.3	35399.4	4228.53
28068.3	35405	4234.08
28068.3	35411.4	4238.58
28068.3	35418.5	4241.89
28068.3	35426.1	4243.92
28068.3	35433.9	4244.61
28068.3	35441.7	4243.92
28068.3	35449.3	4241.89
28068.3	35456.4	4238.58
28068.3	35462.8	4234.08
28068.3	35468.4	4228.53
28068.3	35472.9	4222.11
28068.3	35476.2	4215
28068.3	35478.2	4207.42
28068.3	35478.9	4199.61
28068.3	35478.2	4191.79
28068.3	35476.2	4184.22
28068.3	35472.9	4177.11
28068.3	35468.4	4170.68
28068.3	35462.8	4165.14
28068.3	35456.4	4160.64
28068.3	35449.3	4157.32
28068.3	35218.7	4164.49
28068.3	35212.2	4163.92
28068.3	35205.7	4164.49
28068.3	35199.4	4166.18
28068.3	35193.4	4168.94
28068.3	35188.1	4172.69
28068.3	35183.5	4177.32
28068.3	35179.7	4182.67
28068.3	35176.9	4188.59
28068.3	35175.3	4194.91
28068.3	35174.7	4201.42
28068.3	35175.3	4207.93
28068.3	35176.9	4214.25
28068.3	35179.7	4220.17
28068.3	35183.5	4225.53
28068.3	35188.1	4230.15
28068.3	35193.4	4233.9
28068.3	35199.4	4236.66
28068.3	35205.7	4238.35
28068.3	35212.2	4238.92
28068.3	35218.7	4238.35
28068.3	35225	4236.66
28068.3	35230.9	4233.9
28068.3	35236.3	4230.15
28068.3	35240.9	4225.53
28068.3	35244.7	4220.17
28068.3	35247.4	4214.25
28068.3	35249.1	4207.93
28068.3	35249.7	4201.42
28068.3	35249.1	4194.91
28068.3	35247.4	4188.59
28068.3	35244.7	4182.67
28068.3	35240.9	4177.32
28068.3	35236.3	4172.69
28068.3	35230.9	4168.94
28068.3	35225	4166.18
28068.3	35663.1	4147.85
28068.3	35655.3	4147.17
28068.3	35647.4	4147.85
28068.3	35639.9	4149.89
28068.3	35632.8	4153.2
28068.3	35626.3	4157.7
28068.3	35620.8	4163.25
28068.3	35616.3	4169.67
28068.3	35613	4176.78
28068.3	35610.9	4184.36
28068.3	35610.3	4192.17
28068.3	35610.9	4199.99
28068.3	35613	4207.56
28068.3	35616.3	4214.67
28068.3	35620.8	4221.1
28068.3	35626.3	4226.64
28068.3	35632.8	4231.14
28068.3	35639.9	4234.46
28068.3	35647.4	4236.49
28068.3	35655.3	4237.17
28068.3	35663.1	4236.49
28068.3	35670.6	4234.46
28068.3	35677.8	4231.14
28068.3	35684.2	4226.64
28068.3	35689.7	4221.1
28068.3	35694.2	4214.67
28068.3	35697.5	4207.56
28068.3	35699.6	4199.99
28068.3	35700.3	4192.17
28068.3	35699.6	4184.36
28068.3	35697.5	4176.78
28068.3	35694.2	4169.67
28068.3	35689.7	4163.25
28068.3	35684.2	4157.7
28068.3	35677.8	4153.2
28068.3	35670.6	4149.89

#	Triangle	109
0	2	1	3	2	0	120	8	123	7	8	120
4	7	5	7	3	5	7	83	3	83	82	3	82	117	3	117	116	3	116	115	3	115	10	3	10	45	3	45	44	3	44	43	3	43	46	3	46	81	3	81	80	3	80	79	3	79	78	3	78	77	3	77	76	3	76	75	3	75	74	3	74	2	3	7	84	83	7	85	84	7	86	85	114	10	115	114	11	10	114	12	11	114	13	12	7	87	86	113	13	114	113	14	13	42	46	43	7	88	87	112	14	113	42	47	46	42	48	47	112	15	14	41	48	42	41	49	48	41	50	49	7	89	88	111	15	112	111	16	15	40	50	41	40	51	50	7	90	89	110	16	111	110	17	16	39	51	40	39	52	51	39	53	52	110	18	17	38	53	39	7	91	90	109	18	110	38	54	53	109	19	18	37	54	38	7	92	91	108	19	109	37	55	54	73	2	74	108	20	19	36	55	37	7	93	92	107	20	108	36	56	55	72	2	73	107	21	20	35	56	36	7	94	93	106	21	107	35	57	56	71	2	72	35	58	57	70	2	71	7	95	94	105	21	106	105	22	21	34	58	35	34	59	58	69	2	70	7	96	95	104	22	105	104	23	22	33	59	34	33	60	59	68	2	69	7	97	96	103	23	104	103	24	23	32	60	33	32	61	60	67	2	68	7	98	97	102	24	103	32	62	61	66	2	67	102	25	24	31	62	32	7	99	98	101	25	102	7	100	99	100	25	101	31	63	62	65	2	66	7	25	100	31	64	63	64	2	65	7	26	25	30	64	31	30	2	64	7	27	26	29	2	30	7	28	27	28	2	29	7	6	28	6	2	28	4	8	7	9	2	6	4	9	8	4	2	9
5	118	4	119	118	5	122	6	121	9	6	122
1	169	0	169	168	0	168	167	0	167	166	0	166	165	0	165	164	0	164	163	0	163	162	0	162	161	0	161	128	0	128	127	0	127	126	0	126	125	0	125	119	0	125	197	119	197	196	119	196	231	119	231	230	119	230	229	119	229	121	119	121	120	119	120	118	119	125	198	197	125	199	198	125	200	199	125	201	200	124	201	125	159	201	124	158	201	159	158	202	201	228	121	229	161	129	128	157	202	158	157	203	202	227	121	228	160	129	161	195	129	160	195	130	129	156	203	157	194	130	195	193	130	194	156	204	203	226	121	227	193	131	130	155	204	156	192	131	193	155	205	204	225	121	226	192	132	131	154	205	155	191	132	192	190	132	191	190	133	132	153	205	154	153	206	205	224	121	225	189	133	190	189	134	133	152	206	153	152	207	206	223	121	224	1	170	169	188	134	189	188	135	134	151	207	152	151	208	207	222	121	223	1	171	170	187	135	188	187	136	135	150	208	151	150	209	208	221	121	222	1	172	171	186	136	187	1	173	172	185	136	186	150	210	209	220	121	221	185	137	136	149	210	150	1	174	173	184	137	185	149	211	210	219	121	220	184	138	137	148	211	149	1	175	174	183	138	184	148	212	211	218	121	219	183	139	138	147	212	148	1	176	175	182	139	183	147	213	212	217	121	218	1	177	176	181	139	182	181	140	139	146	213	147	146	214	213	216	121	217	146	215	214	215	121	216	1	178	177	180	140	181	146	121	215	1	179	178	179	140	180	179	141	140	145	121	146	1	141	179	1	142	141	144	121	145	1	143	142	143	121	144	1	121	143	1	122	121	123	118	120	1	123	122	1	118	123
0	5	3	119	5	0	123	9	122	8	9	123
2	118	1	4	118	2	121	7	120	6	7	121
125	11	124	10	11	125
124	12	159	11	12	124
159	13	158	12	13	159	231	85	230	84	85	231
158	14	157	13	14	158
157	15	156	14	15	157	229	87	228	86	87	229
156	16	155	15	16	156
155	17	154	16	17	155
154	18	153	17	18	154
153	19	152	18	19	153
152	20	151	19	20	152
151	21	150	20	21	151
150	22	149	21	22	150
149	23	148	22	23	149
148	24	147	23	24	148	220	96	219	95	96	220
147	25	146	24	25	147
146	26	145	25	26	146	218	98	217	97	98	218
145	27	144	26	27	145
144	28	143	27	28	144
143	29	142	28	29	143
142	30	141	29	30	142
141	31	140	30	31	141
140	32	139	31	32	140
139	33	138	32	33	139
138	34	137	33	34	138
137	35	136	34	35	137
136	36	135	35	36	136
135	37	134	36	37	135
134	38	133	37	38	134
133	39	132	38	39	133
132	40	131	39	40	132
131	41	130	40	41	131
130	42	129	41	42	130
129	43	128	42	43	129
128	44	127	43	44	128
127	45	126	44	45	127	199	117	198	116	117	199
126	10	125	45	10	126
161	47	160	46	47	161
160	48	195	47	48	160
195	49	194	48	49	195
194	50	193	49	50	194
193	51	192	50	51	193
192	52	191	51	52	192
191	53	190	52	53	191
190	54	189	53	54	190
189	55	188	54	55	189
188	56	187	55	56	188
187	57	186	56	57	187
186	58	185	57	58	186
185	59	184	58	59	185
184	60	183	59	60	184
183	61	182	60	61	183
182	62	181	61	62	182
181	63	180	62	63	181
180	64	179	63	64	180
179	65	178	64	65	179
178	66	177	65	66	178
177	67	176	66	67	177
176	68	175	67	68	176
175	69	174	68	69	175
174	70	173	69	70	174
173	71	172	70	71	173
172	72	171	71	72	172
171	73	170	72	73	171
170	74	169	73	74	170
169	75	168	74	75	169
168	76	167	75	76	168
167	77	166	76	77	167
166	78	165	77	78	166
165	79	164	78	79	165
164	80	163	79	80	164
163	81	162	80	81	163
162	46	161	81	46	162
197	83	196	82	83	197
196	84	231	83	84	196
230	86	229	85	86	230
228	88	227	87	88	228
227	89	226	88	89	227
226	90	225	89	90	226
225	91	224	90	91	225
224	92	223	91	92	224
223	93	222	92	93	223
222	94	221	93	94	222
221	95	220	94	95	221
219	97	218	96	97	219
217	99	216	98	99	217
216	100	215	99	100	216
215	101	214	100	101	215
214	102	213	101	102	214
213	103	212	102	103	213
212	104	211	103	104	212
211	105	210	104	105	211
210	106	209	105	106	210
209	107	208	106	107	209
208	108	207	107	108	208
207	109	206	108	109	207
206	110	205	109	110	206
205	111	204	110	111	205
204	112	203	111	112	204
203	113	202	112	113	203
202	114	201	113	114	202
201	115	200	114	115	201
200	116	199	115	116	200
198	82	197	117	82	198

#	Normal	109
-0	1	0
-1	0	0
-0	-1	-0
1	0	0
0	-0	1
0	0	-1
0	0.0871237	-0.996197
0	0.25891	-0.965901
0	0.422596	-0.906318
0	0.573546	-0.819173
0	0.707076	-0.707138
0	0.819115	-0.573629
0	0.906236	-0.422773
0	0.966016	-0.258484
0	0.996196	-0.0871453
-0	0.996195	0.0871507
-0	0.966016	0.258484
-0	0.906247	0.422749
-0	0.819094	0.573659
-0	0.707076	0.707138
-0	0.573588	0.819144
-0	0.422596	0.906318
-0	0.258852	0.965917
-0	0.0871855	0.996192
0	-0.0872287	0.996188
0	-0.258728	0.96595
0	-0.422596	0.906318
0	-0.573588	0.819144
0	-0.707325	0.706889
0	-0.819094	0.573659
0	-0.906247	0.422749
0	-0.965891	0.258949
0	-0.996195	0.0871507
0	-0.996196	-0.0871453
0	-0.965891	-0.258949
0	-0.906236	-0.422773
0	-0.819115	-0.573629
0	-0.707325	-0.706889
0	-0.573546	-0.819173
0	-0.422596	-0.906318
0	-0.258786	-0.965935
0	-0.087167	-0.996194
0	0.0871744	-0.996193
0	0.258885	-0.965908
0	0.42255	-0.90634
0	0.573763	-0.819021
0	0.706883	-0.707331
0	0.819099	-0.573653
0	0.906357	-0.422513
0	0.965942	-0.25876
0	0.996187	-0.0872485
-0	0.996187	0.087242
-0	0.965942	0.25876
-0	0.906343	0.422542
-0	0.819123	0.573618
-0	0.706883	0.707331
-0	0.573763	0.819021
-0	0.42255	0.90634
-0	0.258885	0.965908
-0	0.0871002	0.9962
0	-0.0871002	0.9962
0	-0.258736	0.965948
0	-0.422779	0.906233
0	-0.573482	0.819218
0	-0.707181	0.707032
0	-0.819123	0.573618
0	-0.906343	0.422542
0	-0.965942	0.25876
0	-0.996187	0.087242
0	-0.996187	-0.0872485
0	-0.965942	-0.25876
0	-0.906357	-0.422513
0	-0.819099	-0.573653
0	-0.707181	-0.707032
0	-0.573482	-0.819218
0	-0.422779	-0.906233
0	-0.258736	-0.965948
0	-0.0871744	-0.996193
0	0.087167	-0.996194
0	0.258786	-0.965935
0	0.573822	-0.81898
0	0.819094	-0.573659
0	0.906247	-0.422749
0	0.965891	-0.258949
0	0.996195	-0.0871507
-0	0.996196	0.0871453
-0	0.965891	0.258949
-0	0.906236	0.422773
-0	0.819115	0.573629
-0	0.57378	0.81901
-0	0.258786	0.965935
-0	0.087167	0.996194
0	-0.0871237	0.996197
0	-0.258786	0.965935
0	-0.422787	0.906229
0	-0.573546	0.819173
0	-0.707076	0.707138
0	-0.819115	0.573629
0	-0.906236	0.422773
0	-0.966016	0.258484
0	-0.996196	0.0871453
0	-0.996195	-0.0871507
0	-0.966016	-0.258484
0	-0.906247	-0.422749
0	-0.819094	-0.573659
0	-0.707076	-0.707138
0	-0.573588	-0.819144
0	-0.422787	-0.906229
0	-0.0871237	-0.996197

#	Mesh	0	End

