#	Mesh	0	Begin

#	Vertex	456
28068.3	9914.53	-50
28068.3	9914.53	5230
28268.3	9914.53	5230
28268.3	9914.53	-50
28268.3	17564.5	5230
28268.3	17564.5	-50
28268.3	17114.5	2100
28268.3	15614.5	2100
28268.3	15614.5	0
28268.3	17114.5	0
28268.3	12338.1	4388.77
28268.3	13038.1	4388.77
28268.3	13038.1	4588.77
28268.3	12338.1	4588.77
28268.3	14684.3	4542.83
28268.3	14689.8	4543.31
28268.3	14695.1	4544.73
28268.3	14700.1	4547.05
28268.3	14704.6	4550.2
28268.3	14708.5	4554.08
28268.3	14711.6	4558.58
28268.3	14713.9	4563.56
28268.3	14715.4	4568.86
28268.3	14715.8	4574.33
28268.3	14715.4	4579.8
28268.3	14713.9	4585.1
28268.3	14711.6	4590.08
28268.3	14708.5	4594.58
28268.3	14704.6	4598.46
28268.3	14700.1	4601.61
28268.3	14695.1	4603.93
28268.3	14689.8	4605.35
28268.3	14684.3	4605.83
28268.3	14678.9	4605.35
28268.3	14673.6	4603.93
28268.3	14668.6	4601.61
28268.3	14664.1	4598.46
28268.3	14660.2	4594.58
28268.3	14657.1	4590.08
28268.3	14654.7	4585.1
28268.3	14653.3	4579.8
28268.3	14652.8	4574.33
28268.3	14653.3	4568.86
28268.3	14654.7	4563.56
28268.3	14657.1	4558.58
28268.3	14660.2	4554.08
28268.3	14664.1	4550.2
28268.3	14668.6	4547.05
28268.3	14673.6	4544.73
28268.3	14678.9	4543.31
28268.3	14490.8	4543.3
28268.3	14496.3	4543.77
28268.3	14501.6	4545.2
28268.3	14506.5	4547.52
28268.3	14511	4550.67
28268.3	14514.9	4554.55
28268.3	14518.1	4559.05
28268.3	14520.4	4564.02
28268.3	14521.8	4569.33
28268.3	14522.3	4574.8
28268.3	14521.8	4580.27
28268.3	14520.4	4585.57
28268.3	14518.1	4590.55
28268.3	14514.9	4595.04
28268.3	14511	4598.93
28268.3	14506.5	4602.08
28268.3	14501.6	4604.4
28268.3	14496.3	4605.82
28268.3	14490.8	4606.3
28268.3	14485.3	4605.82
28268.3	14480	4604.4
28268.3	14475	4602.08
28268.3	14470.5	4598.93
28268.3	14466.7	4595.04
28268.3	14463.5	4590.55
28268.3	14461.2	4585.57
28268.3	14459.8	4580.27
28268.3	14459.3	4574.8
28268.3	14459.8	4569.33
28268.3	14461.2	4564.02
28268.3	14463.5	4559.05
28268.3	14466.7	4554.55
28268.3	14470.5	4550.67
28268.3	14475	4547.52
28268.3	14480	4545.2
28268.3	14485.3	4543.77
28268.3	14876.9	4548.9
28268.3	14881.3	4549.28
28268.3	14885.5	4550.4
28268.3	14889.4	4552.25
28268.3	14893	4554.75
28268.3	14896.1	4557.83
28268.3	14898.6	4561.4
28268.3	14900.4	4565.35
28268.3	14901.6	4569.56
28268.3	14901.9	4573.9
28268.3	14901.6	4578.24
28268.3	14900.4	4582.45
28268.3	14898.6	4586.4
28268.3	14896.1	4589.97
28268.3	14893	4593.05
28268.3	14889.4	4595.55
28268.3	14885.5	4597.39
28268.3	14881.3	4598.52
28268.3	14876.9	4598.9
28268.3	14872.6	4598.52
28268.3	14868.4	4597.39
28268.3	14864.4	4595.55
28268.3	14860.9	4593.05
28268.3	14857.8	4589.97
28268.3	14855.3	4586.4
28268.3	14853.4	4582.45
28268.3	14852.3	4578.24
28268.3	14851.9	4573.9
28268.3	14852.3	4569.56
28268.3	14853.4	4565.35
28268.3	14855.3	4561.4
28268.3	14857.8	4557.83
28268.3	14860.9	4554.75
28268.3	14864.4	4552.25
28268.3	14868.4	4550.4
28268.3	14872.6	4549.28
28268.3	14077.6	4546.14
28268.3	14083.1	4546.62
28268.3	14088.4	4548.04
28268.3	14093.3	4550.36
28268.3	14097.8	4553.51
28268.3	14101.7	4557.4
28268.3	14104.9	4561.89
28268.3	14107.2	4566.87
28268.3	14108.6	4572.17
28268.3	14109.1	4577.64
28268.3	14108.6	4583.11
28268.3	14107.2	4588.42
28268.3	14104.9	4593.39
28268.3	14101.7	4597.89
28268.3	14097.8	4601.77
28268.3	14093.3	4604.92
28268.3	14088.4	4607.24
28268.3	14083.1	4608.67
28268.3	14077.6	4609.14
28268.3	14072.1	4608.67
28268.3	14066.8	4607.24
28268.3	14061.8	4604.92
28268.3	14057.3	4601.77
28268.3	14053.5	4597.89
28268.3	14050.3	4593.39
28268.3	14048	4588.42
28268.3	14046.6	4583.11
28268.3	14046.1	4577.64
28268.3	14046.6	4572.17
28268.3	14048	4566.87
28268.3	14050.3	4561.89
28268.3	14053.5	4557.4
28268.3	14057.3	4553.51
28268.3	14061.8	4550.36
28268.3	14066.8	4548.04
28268.3	14072.1	4546.62
28268.3	13884	4546.61
28268.3	13889.5	4547.09
28268.3	13894.8	4548.51
28268.3	13899.8	4550.83
28268.3	13904.3	4553.98
28268.3	13908.2	4557.86
28268.3	13911.3	4562.36
28268.3	13913.6	4567.34
28268.3	13915.1	4572.64
28268.3	13915.5	4578.11
28268.3	13915.1	4583.58
28268.3	13913.6	4588.88
28268.3	13911.3	4593.86
28268.3	13908.2	4598.36
28268.3	13904.3	4602.24
28268.3	13899.8	4605.39
28268.3	13894.8	4607.71
28268.3	13889.5	4609.13
28268.3	13884	4609.61
28268.3	13878.6	4609.13
28268.3	13873.3	4607.71
28268.3	13868.3	4605.39
28268.3	13863.8	4602.24
28268.3	13859.9	4598.36
28268.3	13856.8	4593.86
28268.3	13854.4	4588.88
28268.3	13853	4583.58
28268.3	13852.5	4578.11
28268.3	13853	4572.64
28268.3	13854.4	4567.34
28268.3	13856.8	4562.36
28268.3	13859.9	4557.86
28268.3	13863.8	4553.98
28268.3	13868.3	4550.83
28268.3	13873.3	4548.51
28268.3	13878.6	4547.09
28268.3	14270.2	4552.21
28268.3	14274.5	4552.59
28268.3	14278.7	4553.72
28268.3	14282.7	4555.56
28268.3	14286.3	4558.06
28268.3	14289.3	4561.14
28268.3	14291.8	4564.71
28268.3	14293.7	4568.66
28268.3	14294.8	4572.87
28268.3	14295.2	4577.21
28268.3	14294.8	4581.55
28268.3	14293.7	4585.76
28268.3	14291.8	4589.71
28268.3	14289.3	4593.28
28268.3	14286.3	4596.36
28268.3	14282.7	4598.86
28268.3	14278.7	4600.7
28268.3	14274.5	4601.83
28268.3	14270.2	4602.21
28268.3	14265.9	4601.83
28268.3	14261.6	4600.7
28268.3	14257.7	4598.86
28268.3	14254.1	4596.36
28268.3	14251	4593.28
28268.3	14248.5	4589.71
28268.3	14246.7	4585.76
28268.3	14245.6	4581.55
28268.3	14245.2	4577.21
28268.3	14245.6	4572.87
28268.3	14246.7	4568.66
28268.3	14248.5	4564.71
28268.3	14251	4561.14
28268.3	14254.1	4558.06
28268.3	14257.7	4555.56
28268.3	14261.6	4553.72
28268.3	14265.9	4552.59
28068.3	17564.5	5230
28068.3	17564.5	-50
28068.3	15614.5	2100
28068.3	17114.5	2100
28068.3	17114.5	0
28068.3	15614.5	0
28068.3	13038.1	4388.77
28068.3	12338.1	4388.77
28068.3	12338.1	4588.77
28068.3	13038.1	4588.77
28068.3	14689.8	4543.31
28068.3	14684.3	4542.83
28068.3	14678.9	4543.31
28068.3	14673.6	4544.73
28068.3	14668.6	4547.05
28068.3	14664.1	4550.2
28068.3	14660.2	4554.08
28068.3	14657.1	4558.58
28068.3	14654.7	4563.56
28068.3	14653.3	4568.86
28068.3	14652.8	4574.33
28068.3	14653.3	4579.8
28068.3	14654.7	4585.1
28068.3	14657.1	4590.08
28068.3	14660.2	4594.58
28068.3	14664.1	4598.46
28068.3	14668.6	4601.61
28068.3	14673.6	4603.93
28068.3	14678.9	4605.35
28068.3	14684.3	4605.83
28068.3	14689.8	4605.35
28068.3	14695.1	4603.93
28068.3	14700.1	4601.61
28068.3	14704.6	4598.46
28068.3	14708.5	4594.58
28068.3	14711.6	4590.08
28068.3	14713.9	4585.1
28068.3	14715.4	4579.8
28068.3	14715.8	4574.33
28068.3	14715.4	4568.86
28068.3	14713.9	4563.56
28068.3	14711.6	4558.58
28068.3	14708.5	4554.08
28068.3	14704.6	4550.2
28068.3	14700.1	4547.05
28068.3	14695.1	4544.73
28068.3	14496.3	4543.77
28068.3	14490.8	4543.3
28068.3	14485.3	4543.77
28068.3	14480	4545.2
28068.3	14475	4547.52
28068.3	14470.5	4550.67
28068.3	14466.7	4554.55
28068.3	14463.5	4559.05
28068.3	14461.2	4564.02
28068.3	14459.8	4569.33
28068.3	14459.3	4574.8
28068.3	14459.8	4580.27
28068.3	14461.2	4585.57
28068.3	14463.5	4590.55
28068.3	14466.7	4595.04
28068.3	14470.5	4598.93
28068.3	14475	4602.08
28068.3	14480	4604.4
28068.3	14485.3	4605.82
28068.3	14490.8	4606.3
28068.3	14496.3	4605.82
28068.3	14501.6	4604.4
28068.3	14506.5	4602.08
28068.3	14511	4598.93
28068.3	14514.9	4595.04
28068.3	14518.1	4590.55
28068.3	14520.4	4585.57
28068.3	14521.8	4580.27
28068.3	14522.3	4574.8
28068.3	14521.8	4569.33
28068.3	14520.4	4564.02
28068.3	14518.1	4559.05
28068.3	14514.9	4554.55
28068.3	14511	4550.67
28068.3	14506.5	4547.52
28068.3	14501.6	4545.2
28068.3	14881.3	4549.28
28068.3	14876.9	4548.9
28068.3	14872.6	4549.28
28068.3	14868.4	4550.4
28068.3	14864.4	4552.25
28068.3	14860.9	4554.75
28068.3	14857.8	4557.83
28068.3	14855.3	4561.4
28068.3	14853.4	4565.35
28068.3	14852.3	4569.56
28068.3	14851.9	4573.9
28068.3	14852.3	4578.24
28068.3	14853.4	4582.45
28068.3	14855.3	4586.4
28068.3	14857.8	4589.97
28068.3	14860.9	4593.05
28068.3	14864.4	4595.55
28068.3	14868.4	4597.39
28068.3	14872.6	4598.52
28068.3	14876.9	4598.9
28068.3	14881.3	4598.52
28068.3	14885.5	4597.39
28068.3	14889.4	4595.55
28068.3	14893	4593.05
28068.3	14896.1	4589.97
28068.3	14898.6	4586.4
28068.3	14900.4	4582.45
28068.3	14901.6	4578.24
28068.3	14901.9	4573.9
28068.3	14901.6	4569.56
28068.3	14900.4	4565.35
28068.3	14898.6	4561.4
28068.3	14896.1	4557.83
28068.3	14893	4554.75
28068.3	14889.4	4552.25
28068.3	14885.5	4550.4
28068.3	14083.1	4546.62
28068.3	14077.6	4546.14
28068.3	14072.1	4546.62
28068.3	14066.8	4548.04
28068.3	14061.8	4550.36
28068.3	14057.3	4553.51
28068.3	14053.5	4557.4
28068.3	14050.3	4561.89
28068.3	14048	4566.87
28068.3	14046.6	4572.17
28068.3	14046.1	4577.64
28068.3	14046.6	4583.11
28068.3	14048	4588.42
28068.3	14050.3	4593.39
28068.3	14053.5	4597.89
28068.3	14057.3	4601.77
28068.3	14061.8	4604.92
28068.3	14066.8	4607.24
28068.3	14072.1	4608.67
28068.3	14077.6	4609.14
28068.3	14083.1	4608.67
28068.3	14088.4	4607.24
28068.3	14093.3	4604.92
28068.3	14097.8	4601.77
28068.3	14101.7	4597.89
28068.3	14104.9	4593.39
28068.3	14107.2	4588.42
28068.3	14108.6	4583.11
28068.3	14109.1	4577.64
28068.3	14108.6	4572.17
28068.3	14107.2	4566.87
28068.3	14104.9	4561.89
28068.3	14101.7	4557.4
28068.3	14097.8	4553.51
28068.3	14093.3	4550.36
28068.3	14088.4	4548.04
28068.3	13889.5	4547.09
28068.3	13884	4546.61
28068.3	13878.6	4547.09
28068.3	13873.3	4548.51
28068.3	13868.3	4550.83
28068.3	13863.8	4553.98
28068.3	13859.9	4557.86
28068.3	13856.8	4562.36
28068.3	13854.4	4567.34
28068.3	13853	4572.64
28068.3	13852.5	4578.11
28068.3	13853	4583.58
28068.3	13854.4	4588.88
28068.3	13856.8	4593.86
28068.3	13859.9	4598.36
28068.3	13863.8	4602.24
28068.3	13868.3	4605.39
28068.3	13873.3	4607.71
28068.3	13878.6	4609.13
28068.3	13884	4609.61
28068.3	13889.5	4609.13
28068.3	13894.8	4607.71
28068.3	13899.8	4605.39
28068.3	13904.3	4602.24
28068.3	13908.2	4598.36
28068.3	13911.3	4593.86
28068.3	13913.6	4588.88
28068.3	13915.1	4583.58
28068.3	13915.5	4578.11
28068.3	13915.1	4572.64
28068.3	13913.6	4567.34
28068.3	13911.3	4562.36
28068.3	13908.2	4557.86
28068.3	13904.3	4553.98
28068.3	13899.8	4550.83
28068.3	13894.8	4548.51
28068.3	14274.5	4552.59
28068.3	14270.2	4552.21
28068.3	14265.9	4552.59
28068.3	14261.6	4553.72
28068.3	14257.7	4555.56
28068.3	14254.1	4558.06
28068.3	14251	4561.14
28068.3	14248.5	4564.71
28068.3	14246.7	4568.66
28068.3	14245.6	4572.87
28068.3	14245.2	4577.21
28068.3	14245.6	4581.55
28068.3	14246.7	4585.76
28068.3	14248.5	4589.71
28068.3	14251	4593.28
28068.3	14254.1	4596.36
28068.3	14257.7	4598.86
28068.3	14261.6	4600.7
28068.3	14265.9	4601.83
28068.3	14270.2	4602.21
28068.3	14274.5	4601.83
28068.3	14278.7	4600.7
28068.3	14282.7	4598.86
28068.3	14286.3	4596.36
28068.3	14289.3	4593.28
28068.3	14291.8	4589.71
28068.3	14293.7	4585.76
28068.3	14294.8	4581.55
28068.3	14295.2	4577.21
28068.3	14294.8	4572.87
28068.3	14293.7	4568.66
28068.3	14291.8	4564.71
28068.3	14289.3	4561.14
28068.3	14286.3	4558.06
28068.3	14282.7	4555.56
28068.3	14278.7	4553.72

#	Triangle	137
0	2	1	3	2	0	9	233	234	6	233	9	236	12	239	11	12	236
4	9	5	9	3	5	9	8	3	8	2	3	4	6	9	7	2	8	4	7	6	4	87	7	87	86	7	86	15	7	15	14	7	14	11	7	11	10	7	10	2	7	14	50	11	50	122	11	122	158	11	158	12	11	13	2	10	49	50	14	49	51	50	85	122	50	86	16	15	48	51	49	48	52	51	84	122	85	86	17	16	47	52	48	47	53	52	83	122	84	83	123	122	157	158	122	157	159	158	193	12	158	83	124	123	156	159	157	86	18	17	46	53	47	156	160	159	192	12	193	46	54	53	82	124	83	82	125	124	155	160	156	155	161	160	191	12	192	121	18	86	4	88	87	120	18	121	120	19	18	45	54	46	82	126	125	154	161	155	4	89	88	119	19	120	45	55	54	81	194	82	194	126	82	154	162	161	190	12	191	81	195	194	229	126	194	4	90	89	118	19	119	81	196	195	228	126	229	228	127	126	153	162	154	81	197	196	227	127	228	153	163	162	189	12	190	118	20	19	44	55	45	44	56	55	80	197	81	4	91	90	117	20	118	80	198	197	226	127	227	226	128	127	152	163	153	4	92	91	116	20	117	152	164	163	188	12	189	80	199	198	225	128	226	116	21	20	43	56	44	43	57	56	79	199	80	79	200	199	224	128	225	4	93	92	115	21	116	224	129	128	151	164	152	151	165	164	187	12	188	115	22	21	42	57	43	42	58	57	78	200	79	78	201	200	223	129	224	4	94	93	114	22	115	223	130	129	150	165	151	150	166	165	186	12	187	78	202	201	222	130	223	114	23	22	41	58	42	41	59	58	77	202	78	4	95	94	113	23	114	222	131	130	149	166	150	149	167	166	185	12	186	77	203	202	221	131	222	4	96	95	112	23	113	112	24	23	40	59	41	40	60	59	76	203	77	76	204	203	220	131	221	220	132	131	148	167	149	148	168	167	184	12	185	4	97	96	111	24	112	111	25	24	39	60	40	39	61	60	75	204	76	75	205	204	219	132	220	4	98	97	110	25	111	219	133	132	147	168	148	147	169	168	183	12	184	110	26	25	38	61	39	38	62	61	74	205	75	74	206	205	218	133	219	4	99	98	109	26	110	218	134	133	146	169	147	183	13	12	183	2	13	146	170	169	182	2	183	74	207	206	217	134	218	4	100	99	108	26	109	108	27	26	37	62	38	37	63	62	73	207	74	4	101	100	107	27	108	73	208	207	216	134	217	216	135	134	145	170	146	145	171	170	181	2	182	107	28	27	36	63	37	36	64	63	72	208	73	4	102	101	106	28	107	72	209	208	215	135	216	4	103	102	105	28	106	215	136	135	144	171	145	144	172	171	180	2	181	105	29	28	35	64	36	4	104	103	104	29	105	72	210	209	214	136	215	4	29	104	35	65	64	71	210	72	71	211	210	213	136	214	4	30	29	34	65	35	213	137	136	143	172	144	71	212	211	212	137	213	34	66	65	70	212	71	70	137	212	143	173	172	179	2	180	4	31	30	33	66	34	33	67	66	69	137	70	69	138	137	142	173	143	4	32	31	32	67	33	142	174	173	178	2	179	32	68	67	68	138	69	4	68	32	4	138	68	4	139	138	141	174	142	141	175	174	177	2	178	4	140	139	140	175	141	140	176	175	176	2	177	4	176	140	4	2	176
5	230	4	231	230	5	7	235	232	8	235	7	238	10	237	13	10	238
1	235	0	235	231	0	235	234	231	234	230	231	1	232	235	233	230	234	1	233	232	1	237	233	237	236	233	236	241	233	241	240	233	240	313	233	313	312	233	312	230	233	1	238	237	239	385	236	385	349	236	349	277	236	277	241	236	277	242	241	349	278	277	276	242	277	276	243	242	275	313	240	349	279	278	311	243	276	311	244	243	274	313	275	349	280	279	310	244	311	385	350	349	348	280	349	239	386	385	384	350	385	384	351	350	383	280	348	310	245	244	273	313	274	239	387	386	419	351	384	383	281	280	309	245	310	419	352	351	382	281	383	239	388	387	418	352	419	273	314	313	273	315	314	347	230	312	309	246	245	272	315	273	418	353	352	381	281	382	272	316	315	346	230	347	381	421	281	421	282	281	308	246	309	239	389	388	417	353	418	381	422	421	420	282	421	272	317	316	345	230	346	381	423	422	455	282	420	417	354	353	380	423	381	380	424	423	454	282	455	239	390	389	416	354	417	308	247	246	271	317	272	454	283	282	307	247	308	271	318	317	344	230	345	380	425	424	453	283	454	416	355	354	379	425	380	271	319	318	343	230	344	239	391	390	415	355	416	379	426	425	452	283	453	307	248	247	270	319	271	452	284	283	306	248	307	379	427	426	451	284	452	270	320	319	342	230	343	415	356	355	378	427	379	239	392	391	414	356	415	306	249	248	269	320	270	451	285	284	305	249	306	378	428	427	450	285	451	269	321	320	341	230	342	414	357	356	377	428	378	239	393	392	413	357	414	377	429	428	449	285	450	305	250	249	268	321	269	449	286	285	304	250	305	268	322	321	340	230	341	413	358	357	376	429	377	239	394	393	412	358	413	376	430	429	448	286	449	268	323	322	339	230	340	304	251	250	267	323	268	448	287	286	303	251	304	376	431	430	447	287	448	412	359	358	375	431	376	239	395	394	411	359	412	267	324	323	338	230	339	303	252	251	266	324	267	447	288	287	302	252	303	375	432	431	446	288	447	266	325	324	337	230	338	411	360	359	374	432	375	239	396	395	410	360	411	302	253	252	265	325	266	446	289	288	301	253	302	374	433	432	445	289	446	265	326	325	336	230	337	410	361	360	373	433	374	1	239	238	1	396	239	1	397	396	409	361	410	373	434	433	444	289	445	265	327	326	335	230	336	301	254	253	264	327	265	444	290	289	300	254	301	264	328	327	334	230	335	373	435	434	443	290	444	409	362	361	372	435	373	1	398	397	408	362	409	300	255	254	263	328	264	443	291	290	299	255	300	263	329	328	333	230	334	372	436	435	442	291	443	263	330	329	332	230	333	408	363	362	371	436	372	1	399	398	407	363	408	299	256	255	262	330	263	262	331	330	331	230	332	371	437	436	441	291	442	262	230	331	441	292	291	298	256	299	371	438	437	440	292	441	298	257	256	261	230	262	407	364	363	370	438	371	370	439	438	439	292	440	439	293	292	297	257	298	370	293	439	1	400	399	406	364	407	297	258	257	260	230	261	370	294	293	296	258	297	406	365	364	369	294	370	296	259	258	259	230	260	1	401	400	405	365	406	369	295	294	295	259	296	295	230	259	369	230	295	405	366	365	368	230	369	1	402	401	404	366	405	404	367	366	367	230	368	1	403	402	403	367	404	403	230	367	1	230	403
0	5	3	231	5	0	6	232	233	7	232	6	239	13	238	12	13	239
2	230	1	4	230	2	8	234	235	9	234	8	237	11	236	10	11	237
241	15	240	14	15	241	349	123	348	122	123	349
240	16	275	15	16	240	384	160	419	159	160	384
275	17	274	16	17	275
274	18	273	17	18	274	310	54	309	53	54	310	382	126	381	125	126	382	418	162	417	161	162	418
273	19	272	18	19	273
272	20	271	19	20	272	416	164	415	163	164	416
271	21	270	20	21	271
270	22	269	21	22	270	306	58	305	57	58	306	378	130	377	129	130	378	414	166	413	165	166	414
269	23	268	22	23	269	413	167	412	166	167	413
268	24	267	23	24	268	304	60	303	59	60	304	412	168	411	167	168	412
267	25	266	24	25	267	303	61	302	60	61	303	375	133	374	132	133	375	411	169	410	168	169	411
266	26	265	25	26	266
265	27	264	26	27	265	409	171	408	170	171	409
264	28	263	27	28	264
263	29	262	28	29	263	299	65	298	64	65	299	371	137	370	136	137	371	407	173	406	172	173	407
262	30	261	29	30	262
261	31	260	30	31	261
260	32	259	31	32	260	368	140	367	139	140	368
259	33	258	32	33	259	295	69	294	68	69	295	367	141	366	140	141	367
258	34	257	33	34	258
257	35	256	34	35	257	401	179	400	178	179	401
256	36	255	35	36	256	364	144	363	143	144	364
255	37	254	36	37	255	399	181	398	180	181	399	435	217	434	216	217	435
254	38	253	37	38	254	398	182	397	181	182	398
253	39	252	38	39	253	289	75	288	74	75	289	397	183	396	182	183	397
252	40	251	39	40	252	360	148	359	147	148	360
251	41	250	40	41	251	287	77	286	76	77	287	395	185	394	184	185	395
250	42	249	41	42	250	394	186	393	185	186	394
249	43	248	42	43	249	357	151	356	150	151	357
248	44	247	43	44	248	392	188	391	187	188	392
247	45	246	44	45	247	391	189	390	188	189	391
246	46	245	45	46	246	390	190	389	189	190	390
245	47	244	46	47	245	353	155	352	154	155	353
244	48	243	47	48	244	388	192	387	191	192	388
243	49	242	48	49	243	387	193	386	192	193	387
242	14	241	49	14	242	278	50	277	85	50	278	350	122	349	157	122	350	386	158	385	193	158	386
277	51	276	50	51	277	385	159	384	158	159	385
276	52	311	51	52	276	348	124	383	123	124	348
311	53	310	52	53	311
309	55	308	54	55	309
308	56	307	55	56	308	380	128	379	127	128	380
307	57	306	56	57	307
305	59	304	58	59	305	377	131	376	130	131	377
302	62	301	61	62	302	410	170	409	169	170	410
301	63	300	62	63	301	373	135	372	134	135	373
300	64	299	63	64	300
298	66	297	65	66	298
297	67	296	66	67	297	369	139	368	138	139	369	405	175	404	174	175	405
296	68	295	67	68	296
294	70	293	69	70	294	366	142	365	141	142	366	402	178	401	177	178	402
293	71	292	70	71	293	365	143	364	142	143	365
292	72	291	71	72	292	400	180	399	179	180	400
291	73	290	72	73	291	363	145	362	144	145	363
290	74	289	73	74	290	362	146	361	145	146	362
288	76	287	75	76	288	396	184	395	183	184	396
286	78	285	77	78	286	358	150	357	149	150	358
285	79	284	78	79	285	393	187	392	186	187	393
284	80	283	79	80	284	356	152	355	151	152	356
283	81	282	80	81	283	355	153	354	152	153	355
282	82	281	81	82	282	354	154	353	153	154	354
281	83	280	82	83	281	389	191	388	190	191	389
280	84	279	83	84	280	352	156	351	155	156	352
279	85	278	84	85	279	351	157	350	156	157	351
313	87	312	86	87	313	421	195	420	194	195	421
312	88	347	87	88	312	420	196	455	195	196	420
347	89	346	88	89	347
346	90	345	89	90	346	454	198	453	197	198	454
345	91	344	90	91	345	453	199	452	198	199	453
344	92	343	91	92	344
343	93	342	92	93	343
342	94	341	93	94	342
341	95	340	94	95	341
340	96	339	95	96	340
339	97	338	96	97	339
338	98	337	97	98	338
337	99	336	98	99	337	445	207	444	206	207	445
336	100	335	99	100	336
335	101	334	100	101	335	443	209	442	208	209	443
334	102	333	101	102	334	442	210	441	209	210	442
333	103	332	102	103	333
332	104	331	103	104	332	440	212	439	211	212	440
331	105	330	104	105	331	439	213	438	212	213	439
330	106	329	105	106	330
329	107	328	106	107	329	437	215	436	214	215	437
328	108	327	107	108	328	436	216	435	215	216	436
327	109	326	108	109	327
326	110	325	109	110	326	434	218	433	217	218	434
325	111	324	110	111	325
324	112	323	111	112	324
323	113	322	112	113	323	431	221	430	220	221	431
322	114	321	113	114	322
321	115	320	114	115	321	429	223	428	222	223	429
320	116	319	115	116	320
319	117	318	116	117	319
318	118	317	117	118	318	426	226	425	225	226	426
317	119	316	118	119	317	425	227	424	226	227	425
316	120	315	119	120	316
315	121	314	120	121	315	423	229	422	228	229	423
314	86	313	121	86	314	422	194	421	229	194	422
383	125	382	124	125	383
381	127	380	126	127	381
379	129	378	128	129	379
376	132	375	131	132	376
374	134	373	133	134	374
372	136	371	135	136	372
370	138	369	137	138	370
361	147	360	146	147	361
359	149	358	148	149	359
419	161	418	160	161	419
417	163	416	162	163	417
415	165	414	164	165	415
408	172	407	171	172	408	444	208	443	207	208	444
406	174	405	173	174	406
404	176	403	175	176	404
403	177	402	176	177	403
455	197	454	196	197	455
452	200	451	199	200	452
451	201	450	200	201	451
450	202	449	201	202	450
449	203	448	202	203	449
448	204	447	203	204	448
447	205	446	204	205	447
446	206	445	205	206	446
441	211	440	210	211	441
438	214	437	213	214	438
433	219	432	218	219	433
432	220	431	219	220	432
430	222	429	221	222	430
428	224	427	223	224	428
427	225	426	224	225	427
424	228	423	227	228	424

#	Normal	137
-0	1	0
-1	0	0
-0	-1	-0
1	0	0
0	-0	1
0	0	-1
0	0.0871515	-0.996195
0	0.258781	-0.965936
0	0.422647	-0.906294
0	0.573558	-0.819165
0	0.707151	-0.707062
0	0.819165	-0.573558
0	0.906244	-0.422754
0	0.965936	-0.258781
0	0.996196	-0.0871438
-0	0.996195	0.0871515
-0	0.965936	0.258781
-0	0.90626	0.42272
-0	0.819136	0.5736
-0	0.707196	0.707018
-0	0.573558	0.819165
-0	0.422574	0.906328
-0	0.258864	0.965914
-0	0.0871515	0.996195
0	-0.0871515	0.996195
0	-0.258864	0.965914
0	-0.422574	0.906328
0	-0.573558	0.819165
0	-0.707107	0.707107
0	-0.819136	0.5736
0	-0.906328	0.422574
0	-0.965936	0.258781
0	-0.996195	0.0871515
0	-0.996196	-0.0871438
0	-0.965936	-0.258781
0	-0.906313	-0.422608
0	-0.819165	-0.573558
0	-0.707062	-0.707151
0	-0.573558	-0.819165
0	-0.422647	-0.906294
0	-0.258781	-0.965936
0	-0.0871515	-0.996195
0	0.0871361	-0.996196
0	0.258864	-0.965914
0	0.422642	-0.906297
0	0.707107	-0.707107
0	0.819136	-0.5736
0	0.906328	-0.422574
0	0.996195	-0.0871515
-0	0.906328	0.422574
-0	0.819165	0.573558
-0	0.707062	0.707151
-0	0.422715	0.906263
-0	0.258781	0.965936
-0	0.0871361	0.996196
0	-0.258781	0.965936
0	-0.422647	0.906294
0	-0.573641	0.819107
0	-0.707062	0.707151
0	-0.819165	0.573558
0	-0.965892	0.258946
0	-0.996195	-0.0871515
0	-0.965892	-0.258946
0	-0.906328	-0.422574
0	-0.819136	-0.5736
0	-0.707107	-0.707107
0	-0.573641	-0.819107
0	-0.422574	-0.906328
0	-0.258864	-0.965914
0	0.0871614	-0.996194
0	0.258848	-0.965918
0	0.422665	-0.906286
0	0.573507	-0.8192
0	0.707163	-0.707051
0	0.819074	-0.573688
0	0.906306	-0.422622
0	0.965926	-0.25882
0	0.996212	-0.0869584
-0	0.996213	0.0869487
-0	0.965926	0.25882
-0	0.906286	0.422665
-0	0.819111	0.573635
-0	0.707163	0.707051
-0	0.573507	0.8192
-0	0.422665	0.906286
-0	0.258744	0.965946
-0	0.0871614	0.996194
0	-0.0871809	0.996193
0	-0.258744	0.965946
0	-0.422579	0.906326
0	-0.573613	0.819127
0	-0.707163	0.707051
0	-0.819111	0.573635
0	-0.906286	0.422665
0	-0.965926	0.25882
0	-0.996193	0.0871711
0	-0.996193	-0.0871809
0	-0.965926	-0.25882
0	-0.906306	-0.422622
0	-0.819074	-0.573688
0	-0.707163	-0.707051
0	-0.573613	-0.819127
0	-0.422579	-0.906326
0	-0.258848	-0.965918
0	-0.0871809	-0.996193
0	0.422574	-0.906328
0	0.707196	-0.707018
0	0.90626	-0.42272
-0	0.996196	0.0871438
-0	0.906244	0.422754
-0	0.707151	0.707062
-0	0.422647	0.906294
0	-0.906313	0.422608
0	-0.996196	0.0871438
0	0.422715	-0.906263
0	0.707062	-0.707151
0	0.906313	-0.422608
-0	0.707107	0.707107
-0	0.422642	0.906297
-0	0.0872243	0.996189
0	-0.0872398	0.996187
0	0.422573	-0.906329
0	0.819111	-0.573635
0	0.906286	-0.422665
0	0.965982	-0.258611
0	0.996193	-0.0871711
-0	0.996193	0.0871711
-0	0.965974	0.258639
-0	0.906306	0.422622
-0	0.258848	0.965918
0	-0.258848	0.965918
0	-0.906306	0.422622
0	-0.965918	0.258848
0	-0.996193	-0.0871711
0	-0.906286	-0.422665
0	-0.819111	-0.573635
0	-0.422487	-0.906369

#	Mesh	0	End

