#	Mesh	0	Begin

#	Vertex	218
11268.3	9514.53	-50
11268.3	9514.53	4651.6
11268.3	9714.53	4651.6
11268.3	9714.53	-50
7518.27	9714.53	4651.6
7518.27	9714.53	-50
9318.26	9714.53	2100
11118.3	9714.53	2100
11118.3	9714.53	0
9318.26	9714.53	0
7518.27	9714.53	0
10814.1	9714.53	4651.05
10818	9714.53	4647.17
10821.1	9714.53	4642.67
10823.5	9714.53	4637.69
10824.9	9714.53	4632.39
10825.4	9714.53	4626.92
10824.9	9714.53	4621.45
10823.5	9714.53	4616.15
10821.1	9714.53	4611.17
10818	9714.53	4606.67
10814.1	9714.53	4602.79
10809.6	9714.53	4599.64
10804.6	9714.53	4597.32
10799.3	9714.53	4595.9
10793.9	9714.53	4595.42
10788.4	9714.53	4595.9
10783.1	9714.53	4597.32
10778.1	9714.53	4599.64
10773.6	9714.53	4602.79
10769.7	9714.53	4606.67
10766.6	9714.53	4611.17
10764.3	9714.53	4616.15
10762.8	9714.53	4621.45
10762.4	9714.53	4626.92
10762.8	9714.53	4632.39
10764.3	9714.53	4637.69
10766.6	9714.53	4642.67
10769.7	9714.53	4647.17
10773.6	9714.53	4651.05
10659	9714.53	4651.05
10662.8	9714.53	4647.17
10666	9714.53	4642.67
10668.3	9714.53	4637.69
10669.7	9714.53	4632.39
10670.2	9714.53	4626.92
10669.7	9714.53	4621.45
10668.3	9714.53	4616.15
10666	9714.53	4611.17
10662.8	9714.53	4606.67
10659	9714.53	4602.79
10654.5	9714.53	4599.64
10649.5	9714.53	4597.32
10644.2	9714.53	4595.9
10638.7	9714.53	4595.42
10633.2	9714.53	4595.9
10627.9	9714.53	4597.32
10623	9714.53	4599.64
10618.5	9714.53	4602.79
10614.6	9714.53	4606.67
10611.4	9714.53	4611.17
10609.1	9714.53	4616.15
10607.7	9714.53	4621.45
10607.2	9714.53	4626.92
10607.7	9714.53	4632.39
10609.1	9714.53	4637.69
10611.4	9714.53	4642.67
10614.6	9714.53	4647.17
10618.5	9714.53	4651.05
10498.6	9714.53	4651.54
10502.8	9714.53	4650.41
10506.8	9714.53	4648.57
10510.3	9714.53	4646.07
10513.4	9714.53	4642.99
10515.9	9714.53	4639.42
10517.8	9714.53	4635.47
10518.9	9714.53	4631.26
10519.3	9714.53	4626.92
10518.9	9714.53	4622.58
10517.8	9714.53	4618.37
10515.9	9714.53	4614.42
10513.4	9714.53	4610.85
10510.3	9714.53	4607.77
10506.8	9714.53	4605.27
10502.8	9714.53	4603.43
10498.6	9714.53	4602.3
10494.3	9714.53	4601.92
10489.9	9714.53	4602.3
10485.7	9714.53	4603.43
10481.8	9714.53	4605.27
10478.2	9714.53	4607.77
10475.1	9714.53	4610.85
10472.6	9714.53	4614.42
10470.8	9714.53	4618.37
10469.6	9714.53	4622.58
10469.3	9714.53	4626.92
10469.6	9714.53	4631.26
10470.8	9714.53	4635.47
10472.6	9714.53	4639.42
10475.1	9714.53	4642.99
10478.2	9714.53	4646.07
10481.8	9714.53	4648.57
10485.7	9714.53	4650.41
10489.9	9714.53	4651.54
7518.27	9514.53	0
7518.27	9514.53	-50
7518.27	9514.53	4651.6
7518.27	9714.53	2100
9318.26	9514.53	0
11118.3	9514.53	0
11118.3	9514.53	2100
9318.26	9514.53	2100
7518.27	9514.53	2100
10489.9	9514.53	4651.54
10485.7	9514.53	4650.41
10481.8	9514.53	4648.57
10478.2	9514.53	4646.07
10475.1	9514.53	4642.99
10472.6	9514.53	4639.42
10470.8	9514.53	4635.47
10469.6	9514.53	4631.26
10469.3	9514.53	4626.92
10469.6	9514.53	4622.58
10470.8	9514.53	4618.37
10472.6	9514.53	4614.42
10475.1	9514.53	4610.85
10478.2	9514.53	4607.77
10481.8	9514.53	4605.27
10485.7	9514.53	4603.43
10489.9	9514.53	4602.3
10494.3	9514.53	4601.92
10498.6	9514.53	4602.3
10502.8	9514.53	4603.43
10506.8	9514.53	4605.27
10510.3	9514.53	4607.77
10513.4	9514.53	4610.85
10515.9	9514.53	4614.42
10517.8	9514.53	4618.37
10518.9	9514.53	4622.58
10519.3	9514.53	4626.92
10518.9	9514.53	4631.26
10517.8	9514.53	4635.47
10515.9	9514.53	4639.42
10513.4	9514.53	4642.99
10510.3	9514.53	4646.07
10506.8	9514.53	4648.57
10502.8	9514.53	4650.41
10498.6	9514.53	4651.54
10618.5	9514.53	4651.05
10614.6	9514.53	4647.17
10611.4	9514.53	4642.67
10609.1	9514.53	4637.69
10607.7	9514.53	4632.39
10607.2	9514.53	4626.92
10607.7	9514.53	4621.45
10609.1	9514.53	4616.15
10611.4	9514.53	4611.17
10614.6	9514.53	4606.67
10618.5	9514.53	4602.79
10623	9514.53	4599.64
10627.9	9514.53	4597.32
10633.2	9514.53	4595.9
10638.7	9514.53	4595.42
10644.2	9514.53	4595.9
10649.5	9514.53	4597.32
10654.5	9514.53	4599.64
10659	9514.53	4602.79
10662.8	9514.53	4606.67
10666	9514.53	4611.17
10668.3	9514.53	4616.15
10669.7	9514.53	4621.45
10670.2	9514.53	4626.92
10669.7	9514.53	4632.39
10668.3	9514.53	4637.69
10666	9514.53	4642.67
10662.8	9514.53	4647.17
10659	9514.53	4651.05
10773.6	9514.53	4651.05
10769.7	9514.53	4647.17
10766.6	9514.53	4642.67
10764.3	9514.53	4637.69
10762.8	9514.53	4632.39
10762.4	9514.53	4626.92
10762.8	9514.53	4621.45
10764.3	9514.53	4616.15
10766.6	9514.53	4611.17
10769.7	9514.53	4606.67
10773.6	9514.53	4602.79
10778.1	9514.53	4599.64
10783.1	9514.53	4597.32
10788.4	9514.53	4595.9
10793.9	9514.53	4595.42
10799.3	9514.53	4595.9
10804.6	9514.53	4597.32
10809.6	9514.53	4599.64
10814.1	9514.53	4602.79
10818	9514.53	4606.67
10821.1	9514.53	4611.17
10823.5	9514.53	4616.15
10824.9	9514.53	4621.45
10825.4	9514.53	4626.92
10824.9	9514.53	4632.39
10823.5	9514.53	4637.69
10821.1	9514.53	4642.67
10818	9514.53	4647.17
10814.1	9514.53	4651.05
10490.6	9714.53	4651.6
10490.6	9514.53	4651.6
10498	9514.53	4651.6
10498	9714.53	4651.6
10774.4	9714.53	4651.6
10774.4	9514.53	4651.6
10813.3	9514.53	4651.6
10813.3	9714.53	4651.6
10619.2	9714.53	4651.6
10619.2	9514.53	4651.6
10658.2	9514.53	4651.6
10658.2	9714.53	4651.6

#	Triangle	82
0	2	1	3	2	0
10	3	5	10	9	3	9	8	3	8	2	3	7	2	8	4	6	107	4	7	6	4	54	7	54	25	7	25	24	7	24	2	7	4	55	54	53	25	54	53	26	25	4	56	55	52	26	53	52	27	26	23	2	24	4	57	56	51	27	52	51	28	27	22	2	23	4	86	57	86	58	57	50	28	51	50	29	28	21	2	22	4	87	86	85	58	86	4	88	87	84	58	85	84	59	58	49	29	50	49	30	29	20	2	21	4	89	88	83	59	84	4	90	89	82	59	83	82	60	59	48	30	49	48	31	30	19	2	20	4	91	90	81	60	82	4	92	91	80	60	81	80	61	60	47	31	48	47	32	31	18	2	19	4	93	92	79	61	80	79	62	61	46	32	47	46	33	32	17	2	18	4	94	93	78	62	79	78	63	62	45	33	46	45	34	33	16	2	17	4	95	94	77	63	78	4	96	95	76	63	77	76	64	63	44	34	45	44	35	34	15	2	16	4	97	96	75	64	76	75	65	64	43	35	44	43	36	35	14	2	15	4	98	97	74	65	75	74	66	65	42	36	43	42	37	36	13	2	14	4	99	98	73	66	74	73	67	66	41	37	42	41	38	37	12	2	13	4	100	99	72	67	73	4	101	100	71	67	72	71	68	67	40	38	41	40	39	38	11	2	12	4	102	101	70	68	71	4	103	102	69	68	70	69	214	68	217	39	40	217	210	39	213	2	11	4	206	103	209	214	69
10	105	104	5	105	10	112	4	107	106	4	112	109	7	8	110	7	109
1	109	0	109	105	0	109	108	105	108	104	105	1	110	109	1	111	110	1	112	111	1	192	112	192	191	112	191	162	112	162	106	112	190	162	191	190	163	162	161	106	162	1	193	192	189	163	190	189	164	163	160	106	161	1	194	193	188	164	189	188	165	164	159	106	160	1	195	194	187	165	188	187	166	165	158	130	159	130	106	159	158	131	130	129	106	130	158	132	131	128	106	129	1	196	195	186	166	187	186	167	166	157	132	158	157	133	132	127	106	128	157	134	133	126	106	127	1	197	196	185	167	186	185	168	167	156	134	157	156	135	134	125	106	126	156	136	135	124	106	125	1	198	197	184	168	185	184	169	168	155	136	156	155	137	136	123	106	124	1	199	198	183	169	184	183	170	169	154	137	155	154	138	137	122	106	123	1	200	199	182	170	183	182	171	170	153	138	154	153	139	138	121	106	122	1	201	200	181	171	182	181	172	171	152	139	153	152	140	139	120	106	121	152	141	140	119	106	120	1	202	201	180	172	181	180	173	172	151	141	152	151	142	141	118	106	119	1	203	202	179	173	180	179	174	173	150	142	151	150	143	142	117	106	118	1	204	203	178	174	179	178	175	174	149	143	150	149	144	143	116	106	117	149	145	144	115	106	116	1	205	204	177	175	178	177	176	175	148	145	149	148	146	145	114	106	115	148	147	146	113	106	114	1	212	205	211	176	177	211	216	176	215	147	148	215	208	147	207	106	113
0	5	3	105	5	0	110	6	7	111	6	110	111	107	6	112	107	111
206	106	207	4	106	206	208	214	209	215	214	208	210	216	211	217	216	210	212	2	213	1	2	212	108	8	9	109	8	108	104	9	10	108	9	104
130	87	129	86	87	130
129	88	128	87	88	129
128	89	127	88	89	128
127	90	126	89	90	127
126	91	125	90	91	126
125	92	124	91	92	125
124	93	123	92	93	124
123	94	122	93	94	123
122	95	121	94	95	122
121	96	120	95	96	121
120	97	119	96	97	120
119	98	118	97	98	119
118	99	117	98	99	118
117	100	116	99	100	117
116	101	115	100	101	116
115	102	114	101	102	115
114	103	113	102	103	114
113	206	207	103	206	113
69	208	209	147	208	69
147	70	146	69	70	147
146	71	145	70	71	146
145	72	144	71	72	145
144	73	143	72	73	144
143	74	142	73	74	143
142	75	141	74	75	142
141	76	140	75	76	141
140	77	139	76	77	140
139	78	138	77	78	139
138	79	137	78	79	138
137	80	136	79	80	137
136	81	135	80	81	136
135	82	134	81	82	135
134	83	133	82	83	134
133	84	132	83	84	133
132	85	131	84	85	132
131	86	130	85	86	131
191	26	190	25	26	191
190	27	189	26	27	190	161	56	160	55	56	161
189	28	188	27	28	189
188	29	187	28	29	188	159	58	158	57	58	159
187	30	186	29	30	187	158	59	157	58	59	158
186	31	185	30	31	186	157	60	156	59	60	157
185	32	184	31	32	185	156	61	155	60	61	156
184	33	183	32	33	184	155	62	154	61	62	155
183	34	182	33	34	183	154	63	153	62	63	154
182	35	181	34	35	182	153	64	152	63	64	153
181	36	180	35	36	181	152	65	151	64	65	152
180	37	179	36	37	180	151	66	150	65	66	151
179	38	178	37	38	179	150	67	149	66	67	150
178	39	177	38	39	178	149	68	148	67	68	149
177	210	211	39	210	177	148	214	215	68	214	148
11	212	213	205	212	11
205	12	204	11	12	205
204	13	203	12	13	204	175	42	174	41	42	175
203	14	202	13	14	203
202	15	201	14	15	202
201	16	200	15	16	201	172	45	171	44	45	172
200	17	199	16	17	200	171	46	170	45	46	171
199	18	198	17	18	199
198	19	197	18	19	198
197	20	196	19	20	197	168	49	167	48	49	168
196	21	195	20	21	196
195	22	194	21	22	195
194	23	193	22	23	194	165	52	164	51	52	165
193	24	192	23	24	193	164	53	163	52	53	164
192	25	191	24	25	192	163	54	162	53	54	163
162	55	161	54	55	162
160	57	159	56	57	160
40	216	217	176	216	40
176	41	175	40	41	176
174	43	173	42	43	174
173	44	172	43	44	173
170	47	169	46	47	170
169	48	168	47	48	169
167	50	166	49	50	167
166	51	165	50	51	166

#	Normal	82
-1	0	0
0	-1	0
1	-0	0
0	1	-0
0	0	1
0	0	-1
-0.0871809	0	-0.996193
-0.258792	0	-0.965933
-0.422665	0	-0.906286
-0.573613	0	-0.819127
-0.707051	0	-0.707163
-0.819179	0	-0.573538
-0.906306	0	-0.422622
-0.965926	0	-0.25882
-0.996193	0	-0.0871809
-0.996193	0	0.0871711
-0.965926	0	0.25882
-0.906286	0	0.422665
-0.819216	0	0.573485
-0.707051	0	0.707163
-0.573613	0	0.819127
-0.422665	0	0.906286
-0.258792	0	0.965933
-0.0867925	0	0.996226
0.0866621	0	0.996238
0.258848	-0	0.965918
0.422665	-0	0.906286
0.573613	-0	0.819127
0.707051	-0	0.707163
0.819216	-0	0.573485
0.906286	-0	0.422665
0.965926	-0	0.25882
0.996193	-0	0.0871711
0.996193	0	-0.0871809
0.965926	0	-0.25882
0.906306	0	-0.422622
0.819179	0	-0.573538
0.707051	0	-0.707163
0.573613	0	-0.819127
0.422665	0	-0.906286
0.258848	0	-0.965918
0.0871614	0	-0.996194
-0.0871515	0	-0.996195
-0.258864	0	-0.965914
-0.422574	0	-0.906328
-0.573558	0	-0.819165
-0.707107	0	-0.707107
-0.819136	0	-0.5736
-0.906328	0	-0.422574
-0.965936	0	-0.258781
-0.996195	0	-0.0871515
-0.996196	0	0.0871438
-0.965936	0	0.258781
-0.906313	0	0.422608
-0.819165	0	0.573558
-0.707062	0	0.707151
-0.5736	0	0.819136
0.5736	0	0.819136
0.707151	-0	0.707062
0.819165	-0	0.573558
0.906244	-0	0.422754
0.965936	-0	0.258781
0.996196	-0	0.0871438
0.996195	0	-0.0871515
0.965936	0	-0.258781
0.90626	0	-0.42272
0.819136	0	-0.5736
0.707196	0	-0.707018
0.573558	0	-0.819165
0.422574	0	-0.906328
0.258864	0	-0.965914
0.0871515	0	-0.996195
-0.0871361	0	-0.996196
-0.422642	0	-0.906297
0.574082	0	0.818798
0.707062	-0	0.707151
0.906313	-0	0.422608
0.965892	-0	0.258946
0.965892	0	-0.258946
0.906328	0	-0.422574
0.707107	0	-0.707107
0.573641	0	-0.819107

#	Mesh	0	End

