#	Mesh	0	Begin

#	Vertex	214
11468.3	-1285.47	-50
11468.3	-1285.47	4980
11468.3	-1485.47	4980
11468.3	-1485.47	-50
22518.3	-1485.47	4980
22518.3	-1485.47	-50
13043.3	-1485.47	2100
11843.3	-1485.47	2100
11843.3	-1485.47	200
13043.3	-1485.47	200
15293.3	-1485.47	2100
14093.3	-1485.47	2100
14093.3	-1485.47	200
15293.3	-1485.47	200
17243.3	-1485.47	2100
16043.3	-1485.47	2100
16043.3	-1485.47	200
17243.3	-1485.47	200
19393.3	-1485.47	2100
18193.3	-1485.47	2100
18193.3	-1485.47	200
19393.3	-1485.47	200
22043.3	-1485.47	2100
20843.3	-1485.47	2100
20843.3	-1485.47	200
22043.3	-1485.47	200
14572.7	-1485.47	3700
14872.7	-1485.47	3700
14872.7	-1485.47	3900
14572.7	-1485.47	3900
15172.7	-1485.47	3900
15172.7	-1485.47	4100
14872.7	-1485.47	4100
16568.3	-1485.47	3900
17068.3	-1485.47	3900
17068.3	-1485.47	4100
16568.3	-1485.47	4100
12831.7	-1485.47	4120
12845.6	-1485.47	4121.22
12859	-1485.47	4124.82
12871.7	-1485.47	4130.72
12883.1	-1485.47	4138.72
12893	-1485.47	4148.58
12901	-1485.47	4160
12906.8	-1485.47	4172.64
12910.5	-1485.47	4186.11
12911.7	-1485.47	4200
12910.5	-1485.47	4213.89
12906.8	-1485.47	4227.36
12901	-1485.47	4240
12893	-1485.47	4251.42
12883.1	-1485.47	4261.28
12871.7	-1485.47	4269.28
12859	-1485.47	4275.18
12845.6	-1485.47	4278.78
12831.7	-1485.47	4280
12817.8	-1485.47	4278.78
12804.3	-1485.47	4275.18
12791.7	-1485.47	4269.28
12780.2	-1485.47	4261.28
12770.4	-1485.47	4251.42
12762.4	-1485.47	4240
12756.5	-1485.47	4227.36
12752.9	-1485.47	4213.89
12751.7	-1485.47	4200
12752.9	-1485.47	4186.11
12756.5	-1485.47	4172.64
12762.4	-1485.47	4160
12770.4	-1485.47	4148.58
12780.2	-1485.47	4138.72
12791.7	-1485.47	4130.72
12804.3	-1485.47	4124.82
12817.8	-1485.47	4121.22
12450.6	-1485.47	4120
12464.5	-1485.47	4121.21
12477.9	-1485.47	4124.82
12490.6	-1485.47	4130.71
12502	-1485.47	4138.71
12511.8	-1485.47	4148.57
12519.8	-1485.47	4160
12525.7	-1485.47	4172.63
12529.4	-1485.47	4186.1
12530.6	-1485.47	4200
12529.4	-1485.47	4213.89
12525.7	-1485.47	4227.36
12519.8	-1485.47	4240
12511.8	-1485.47	4251.42
12502	-1485.47	4261.28
12490.6	-1485.47	4269.28
12477.9	-1485.47	4275.17
12464.5	-1485.47	4278.78
12450.6	-1485.47	4280
12436.7	-1485.47	4278.78
12423.2	-1485.47	4275.17
12410.6	-1485.47	4269.28
12399.1	-1485.47	4261.28
12389.3	-1485.47	4251.42
12381.3	-1485.47	4240
12375.4	-1485.47	4227.36
12371.8	-1485.47	4213.89
12370.6	-1485.47	4200
12371.8	-1485.47	4186.1
12375.4	-1485.47	4172.63
12381.3	-1485.47	4160
12389.3	-1485.47	4148.57
12399.1	-1485.47	4138.71
12410.6	-1485.47	4130.71
12423.2	-1485.47	4124.82
12436.7	-1485.47	4121.21
22518.3	-1285.47	4980
22518.3	-1285.47	-50
11843.3	-1285.47	2100
13043.3	-1285.47	2100
13043.3	-1285.47	200
11843.3	-1285.47	200
14093.3	-1285.47	2100
15293.3	-1285.47	2100
15293.3	-1285.47	200
14093.3	-1285.47	200
16043.3	-1285.47	2100
17243.3	-1285.47	2100
17243.3	-1285.47	200
16043.3	-1285.47	200
18193.3	-1285.47	2100
19393.3	-1285.47	2100
19393.3	-1285.47	200
18193.3	-1285.47	200
20843.3	-1285.47	2100
22043.3	-1285.47	2100
22043.3	-1285.47	200
20843.3	-1285.47	200
14872.7	-1285.47	3700
14572.7	-1285.47	3700
14572.7	-1285.47	3900
14872.7	-1285.47	3900
15172.7	-1285.47	3900
14872.7	-1285.47	4100
15172.7	-1285.47	4100
17068.3	-1285.47	3900
16568.3	-1285.47	3900
16568.3	-1285.47	4100
17068.3	-1285.47	4100
12845.6	-1285.47	4121.22
12831.7	-1285.47	4120
12817.8	-1285.47	4121.22
12804.3	-1285.47	4124.82
12791.7	-1285.47	4130.72
12780.2	-1285.47	4138.72
12770.4	-1285.47	4148.58
12762.4	-1285.47	4160
12756.5	-1285.47	4172.64
12752.9	-1285.47	4186.11
12751.7	-1285.47	4200
12752.9	-1285.47	4213.89
12756.5	-1285.47	4227.36
12762.4	-1285.47	4240
12770.4	-1285.47	4251.42
12780.2	-1285.47	4261.28
12791.7	-1285.47	4269.28
12804.3	-1285.47	4275.18
12817.8	-1285.47	4278.78
12831.7	-1285.47	4280
12845.6	-1285.47	4278.78
12859	-1285.47	4275.18
12871.7	-1285.47	4269.28
12883.1	-1285.47	4261.28
12893	-1285.47	4251.42
12901	-1285.47	4240
12906.8	-1285.47	4227.36
12910.5	-1285.47	4213.89
12911.7	-1285.47	4200
12910.5	-1285.47	4186.11
12906.8	-1285.47	4172.64
12901	-1285.47	4160
12893	-1285.47	4148.58
12883.1	-1285.47	4138.72
12871.7	-1285.47	4130.72
12859	-1285.47	4124.82
12464.5	-1285.47	4121.21
12450.6	-1285.47	4120
12436.7	-1285.47	4121.21
12423.2	-1285.47	4124.82
12410.6	-1285.47	4130.71
12399.1	-1285.47	4138.71
12389.3	-1285.47	4148.57
12381.3	-1285.47	4160
12375.4	-1285.47	4172.63
12371.8	-1285.47	4186.1
12370.6	-1285.47	4200
12371.8	-1285.47	4213.89
12375.4	-1285.47	4227.36
12381.3	-1285.47	4240
12389.3	-1285.47	4251.42
12399.1	-1285.47	4261.28
12410.6	-1285.47	4269.28
12423.2	-1285.47	4275.17
12436.7	-1285.47	4278.78
12450.6	-1285.47	4280
12464.5	-1285.47	4278.78
12477.9	-1285.47	4275.17
12490.6	-1285.47	4269.28
12502	-1285.47	4261.28
12511.8	-1285.47	4251.42
12519.8	-1285.47	4240
12525.7	-1285.47	4227.36
12529.4	-1285.47	4213.89
12530.6	-1285.47	4200
12529.4	-1285.47	4186.1
12525.7	-1285.47	4172.63
12519.8	-1285.47	4160
12511.8	-1285.47	4148.57
12502	-1285.47	4138.71
12490.6	-1285.47	4130.71
12477.9	-1285.47	4124.82

#	Triangle	67
0	2	1	3	2	0	131	28	134	27	28	131	135	31	137	30	31	135	9	112	113	6	112	9	13	116	117	10	116	13	17	120	121	14	120	17	21	124	125	18	124	21	25	128	129	22	128	25	138	35	141	34	35	138
4	25	5	25	3	5	25	24	3	24	21	3	21	20	3	20	17	3	17	16	3	16	13	3	13	12	3	12	9	3	9	8	3	8	2	3	4	22	25	23	21	24	23	18	21	19	17	20	19	14	17	15	13	16	15	10	13	11	9	12	11	6	9	7	2	8	4	23	22	4	18	23	4	19	18	4	14	19	4	15	14	4	10	15	4	11	10	4	6	11	4	7	6	4	34	7	34	27	7	27	26	7	26	73	7	73	108	7	108	107	7	107	106	7	106	105	7	105	2	7	34	33	27	33	30	27	30	28	27	29	73	26	4	35	34	36	30	33	36	31	30	32	29	28	32	73	29	4	36	35	4	31	36	4	32	31	4	38	32	38	37	32	37	73	32	37	74	73	72	74	37	72	75	74	4	39	38	71	75	72	71	76	75	4	40	39	70	76	71	70	77	76	4	41	40	69	77	70	69	78	77	104	2	105	4	42	41	68	78	69	68	79	78	103	2	104	4	43	42	67	79	68	67	80	79	102	2	103	4	44	43	66	80	67	66	81	80	101	2	102	4	45	44	65	81	66	65	82	81	100	2	101	4	46	45	64	82	65	64	83	82	99	2	100	4	47	46	63	83	64	63	84	83	98	2	99	4	48	47	62	84	63	62	85	84	97	2	98	4	49	48	61	85	62	61	86	85	96	2	97	4	50	49	60	86	61	60	87	86	95	2	96	4	51	50	59	87	60	59	88	87	94	2	95	4	52	51	58	88	59	58	89	88	93	2	94	4	53	52	57	89	58	57	90	89	92	2	93	4	54	53	56	90	57	56	91	90	91	2	92	4	55	54	55	91	56	55	2	91	4	2	55
5	109	4	110	109	5	133	26	132	29	26	133	136	28	134	32	28	136	7	114	111	8	114	7	11	118	115	12	118	11	15	122	119	16	122	15	19	126	123	20	126	19	23	130	127	24	130	23	140	33	139	36	33	140
1	114	0	114	110	0	114	113	110	113	118	110	118	117	110	117	122	110	122	121	110	121	126	110	126	125	110	125	130	110	130	129	110	129	109	110	1	111	114	112	118	113	112	115	118	116	122	117	116	119	122	120	126	121	120	123	126	124	130	125	124	127	130	128	109	129	1	112	111	1	115	112	1	183	115	183	182	115	182	181	115	181	180	115	180	179	115	179	116	115	179	119	116	179	120	119	179	123	120	179	124	123	179	127	124	179	128	127	179	132	128	132	131	128	131	139	128	139	138	128	138	109	128	179	133	132	134	135	131	135	139	131	179	134	133	179	136	134	137	139	135	137	140	139	141	109	138	179	137	136	179	140	137	179	141	140	179	143	141	143	142	141	142	109	141	178	143	179	178	144	143	213	144	178	213	145	144	177	109	142	212	145	213	212	146	145	176	109	177	211	146	212	211	147	146	175	109	176	1	184	183	210	147	211	210	148	147	174	109	175	1	185	184	209	148	210	209	149	148	173	109	174	1	186	185	208	149	209	208	150	149	172	109	173	1	187	186	207	150	208	207	151	150	171	109	172	1	188	187	206	151	207	206	152	151	170	109	171	1	189	188	205	152	206	205	153	152	169	109	170	1	190	189	204	153	205	204	154	153	168	109	169	1	191	190	203	154	204	203	155	154	167	109	168	1	192	191	202	155	203	202	156	155	166	109	167	1	193	192	201	156	202	201	157	156	165	109	166	1	194	193	200	157	201	200	158	157	164	109	165	1	195	194	199	158	200	199	159	158	163	109	164	1	196	195	198	159	199	198	160	159	162	109	163	1	197	196	197	160	198	197	161	160
0	5	3	110	5	0	134	29	133	28	29	134	137	32	136	31	32	137	6	111	112	7	111	6	10	115	116	11	115	10	14	119	120	15	119	14	18	123	124	19	123	18	22	127	128	23	127	22	141	36	140	35	36	141
2	109	1	4	109	2	132	27	131	26	27	132	134	30	135	28	30	134	8	113	114	9	113	8	12	117	118	13	117	12	16	121	122	17	121	16	20	125	126	21	125	20	24	129	130	25	129	24	139	34	138	33	34	139
143	38	142	37	38	143
142	39	177	38	39	142
177	40	176	39	40	177
176	41	175	40	41	176	212	77	211	76	77	212
175	42	174	41	42	175
174	43	173	42	43	174	210	79	209	78	79	210
173	44	172	43	44	173
172	45	171	44	45	172
171	46	170	45	46	171
170	47	169	46	47	170	206	83	205	82	83	206
169	48	168	47	48	169
168	49	167	48	49	168
167	50	166	49	50	167
166	51	165	50	51	166
165	52	164	51	52	165	201	88	200	87	88	201
164	53	163	52	53	164
163	54	162	53	54	163
162	55	161	54	55	162	198	91	197	90	91	198
161	56	160	55	56	161
160	57	159	56	57	160
159	58	158	57	58	159
158	59	157	58	59	158	194	95	193	94	95	194
157	60	156	59	60	157
156	61	155	60	61	156
155	62	154	61	62	155	191	98	190	97	98	191
154	63	153	62	63	154	190	99	189	98	99	190
153	64	152	63	64	153	189	100	188	99	100	189
152	65	151	64	65	152
151	66	150	65	66	151	187	102	186	101	102	187
150	67	149	66	67	150
149	68	148	67	68	149
148	69	147	68	69	148
147	70	146	69	70	147	183	106	182	105	106	183
146	71	145	70	71	146
145	72	144	71	72	145
144	37	143	72	37	144
179	74	178	73	74	179
178	75	213	74	75	178
213	76	212	75	76	213
211	78	210	77	78	211
209	80	208	79	80	209
208	81	207	80	81	208
207	82	206	81	82	207
205	84	204	83	84	205
204	85	203	84	85	204
203	86	202	85	86	203
202	87	201	86	87	202
200	89	199	88	89	200
199	90	198	89	90	199
197	92	196	91	92	197
196	93	195	92	93	196
195	94	194	93	94	195
193	96	192	95	96	193
192	97	191	96	97	192
188	101	187	100	101	188
186	103	185	102	103	186
185	104	184	103	104	185
184	105	183	104	105	184
182	107	181	106	107	182
181	108	180	107	108	181
180	73	179	108	73	180

#	Normal	67
1	0	0
0	1	-0
-1	0	0
0	-1	0
0	0	1
0	0	-1
0.0871539	0	-0.996195
0.258831	0	-0.965923
0.422592	0	-0.90632
0.573585	0	-0.819146
0.707124	0	-0.707089
0.81913	0	-0.573608
0.906327	0	-0.422577
0.965923	0	-0.258831
0.996192	0	-0.0871856
0.996192	0	0.0871856
0.965923	0	0.258831
0.906327	0	0.422577
0.81913	0	0.573608
0.707124	0	0.707089
0.573585	0	0.819146
0.422592	0	0.90632
0.258831	0	0.965923
0.0871539	0	0.996195
-0.0871478	0	0.996195
-0.258831	0	0.965923
-0.422619	0	0.906307
-0.573585	0	0.819146
-0.707089	0	0.707124
-0.819163	0	0.573561
-0.9063	0	0.422634
-0.965923	0	0.258831
-0.996198	0	0.0871161
-0.996198	-0	-0.0871161
-0.965923	-0	-0.258831
-0.9063	-0	-0.422634
-0.819163	-0	-0.573561
-0.707089	-0	-0.707124
-0.573585	-0	-0.819146
-0.422619	-0	-0.906307
-0.258831	-0	-0.965923
-0.0871478	-0	-0.996195
0.0871887	0	-0.996192
0.258798	0	-0.965931
0.422621	0	-0.906307
0.707107	0	-0.707107
0.906307	0	-0.422621
0.96594	0	-0.258765
0.996192	0	-0.0871887
0.96594	0	0.258765
0.9063	0	0.422634
0.819141	0	0.573592
0.707107	0	0.707107
0.422621	0	0.906307
0.258798	0	0.965931
-0.0871539	0	0.996195
-0.258798	0	0.965931
-0.422621	0	0.906307
-0.707107	0	0.707107
-0.819141	0	0.573592
-0.996198	-0	-0.0871192
-0.906307	-0	-0.422621
-0.81913	-0	-0.573608
-0.707107	-0	-0.707107
-0.422621	-0	-0.906307
-0.258798	-0	-0.965931
-0.0871887	-0	-0.996192

#	Mesh	0	End

