#	Mesh	0	Begin

#	Vertex	236
24618.3	11014.5	-50
24618.3	11014.5	5230
24618.3	11214.5	5230
24618.3	11214.5	-50
20393.3	11214.5	5230
20393.3	11214.5	-50
24353.3	11214.5	2100
24353.3	11214.5	0
22553.3	11214.5	0
20753.3	11214.5	0
20753.3	11214.5	2100
22553.3	11214.5	2100
20967.6	11214.5	4567.75
20962.1	11214.5	4568.22
20956.8	11214.5	4569.65
20951.8	11214.5	4571.97
20947.3	11214.5	4575.12
20943.5	11214.5	4579
20940.3	11214.5	4583.5
20938	11214.5	4588.47
20936.6	11214.5	4593.78
20936.1	11214.5	4599.25
20936.6	11214.5	4604.72
20938	11214.5	4610.02
20940.3	11214.5	4615
20943.5	11214.5	4619.49
20947.3	11214.5	4623.38
20951.8	11214.5	4626.53
20956.8	11214.5	4628.85
20962.1	11214.5	4630.27
20967.6	11214.5	4630.75
20973.1	11214.5	4630.27
20978.4	11214.5	4628.85
20983.3	11214.5	4626.53
20987.8	11214.5	4623.38
20991.7	11214.5	4619.49
20994.9	11214.5	4615
20997.2	11214.5	4610.02
20998.6	11214.5	4604.72
20999.1	11214.5	4599.25
20998.6	11214.5	4593.78
20997.2	11214.5	4588.47
20994.9	11214.5	4583.5
20991.7	11214.5	4579
20987.8	11214.5	4575.12
20983.3	11214.5	4571.97
20978.4	11214.5	4569.65
20973.1	11214.5	4568.22
21122.7	11214.5	4567.75
21117.3	11214.5	4568.22
21112	11214.5	4569.65
21107	11214.5	4571.97
21102.5	11214.5	4575.12
21098.6	11214.5	4579
21095.5	11214.5	4583.5
21093.1	11214.5	4588.47
21091.7	11214.5	4593.78
21091.2	11214.5	4599.25
21091.7	11214.5	4604.72
21093.1	11214.5	4610.02
21095.5	11214.5	4615
21098.6	11214.5	4619.49
21102.5	11214.5	4623.38
21107	11214.5	4626.53
21112	11214.5	4628.85
21117.3	11214.5	4630.27
21122.7	11214.5	4630.75
21128.2	11214.5	4630.27
21133.5	11214.5	4628.85
21138.5	11214.5	4626.53
21143	11214.5	4623.38
21146.9	11214.5	4619.49
21150	11214.5	4615
21152.3	11214.5	4610.02
21153.8	11214.5	4604.72
21154.2	11214.5	4599.25
21153.8	11214.5	4593.78
21152.3	11214.5	4588.47
21150	11214.5	4583.5
21146.9	11214.5	4579
21143	11214.5	4575.12
21138.5	11214.5	4571.97
21133.5	11214.5	4569.65
21128.2	11214.5	4568.22
20823.1	11214.5	4574.25
20818.8	11214.5	4574.63
20814.6	11214.5	4575.75
20810.6	11214.5	4577.6
20807.1	11214.5	4580.1
20804	11214.5	4583.18
20801.5	11214.5	4586.75
20799.6	11214.5	4590.7
20798.5	11214.5	4594.91
20798.1	11214.5	4599.25
20798.5	11214.5	4603.59
20799.6	11214.5	4607.8
20801.5	11214.5	4611.75
20804	11214.5	4615.32
20807.1	11214.5	4618.4
20810.6	11214.5	4620.9
20814.6	11214.5	4622.74
20818.8	11214.5	4623.87
20823.1	11214.5	4624.25
20827.5	11214.5	4623.87
20831.7	11214.5	4622.74
20835.6	11214.5	4620.9
20839.2	11214.5	4618.4
20842.3	11214.5	4615.32
20844.8	11214.5	4611.75
20846.6	11214.5	4607.8
20847.8	11214.5	4603.59
20848.1	11214.5	4599.25
20847.8	11214.5	4594.91
20846.6	11214.5	4590.7
20844.8	11214.5	4586.75
20842.3	11214.5	4583.18
20839.2	11214.5	4580.1
20835.6	11214.5	4577.6
20831.7	11214.5	4575.75
20827.5	11214.5	4574.63
20393.3	11014.5	5230
20393.3	11014.5	-50
24353.3	11014.5	0
24353.3	11014.5	2100
22553.3	11014.5	2100
20753.3	11014.5	2100
20753.3	11014.5	0
22553.3	11014.5	0
20962.1	11014.5	4568.22
20967.6	11014.5	4567.75
20973.1	11014.5	4568.22
20978.4	11014.5	4569.65
20983.3	11014.5	4571.97
20987.8	11014.5	4575.12
20991.7	11014.5	4579
20994.9	11014.5	4583.5
20997.2	11014.5	4588.47
20998.6	11014.5	4593.78
20999.1	11014.5	4599.25
20998.6	11014.5	4604.72
20997.2	11014.5	4610.02
20994.9	11014.5	4615
20991.7	11014.5	4619.49
20987.8	11014.5	4623.38
20983.3	11014.5	4626.53
20978.4	11014.5	4628.85
20973.1	11014.5	4630.27
20967.6	11014.5	4630.75
20962.1	11014.5	4630.27
20956.8	11014.5	4628.85
20951.8	11014.5	4626.53
20947.3	11014.5	4623.38
20943.5	11014.5	4619.49
20940.3	11014.5	4615
20938	11014.5	4610.02
20936.6	11014.5	4604.72
20936.1	11014.5	4599.25
20936.6	11014.5	4593.78
20938	11014.5	4588.47
20940.3	11014.5	4583.5
20943.5	11014.5	4579
20947.3	11014.5	4575.12
20951.8	11014.5	4571.97
20956.8	11014.5	4569.65
21117.3	11014.5	4568.22
21122.7	11014.5	4567.75
21128.2	11014.5	4568.22
21133.5	11014.5	4569.65
21138.5	11014.5	4571.97
21143	11014.5	4575.12
21146.9	11014.5	4579
21150	11014.5	4583.5
21152.3	11014.5	4588.47
21153.8	11014.5	4593.78
21154.2	11014.5	4599.25
21153.8	11014.5	4604.72
21152.3	11014.5	4610.02
21150	11014.5	4615
21146.9	11014.5	4619.49
21143	11014.5	4623.38
21138.5	11014.5	4626.53
21133.5	11014.5	4628.85
21128.2	11014.5	4630.27
21122.7	11014.5	4630.75
21117.3	11014.5	4630.27
21112	11014.5	4628.85
21107	11014.5	4626.53
21102.5	11014.5	4623.38
21098.6	11014.5	4619.49
21095.5	11014.5	4615
21093.1	11014.5	4610.02
21091.7	11014.5	4604.72
21091.2	11014.5	4599.25
21091.7	11014.5	4593.78
21093.1	11014.5	4588.47
21095.5	11014.5	4583.5
21098.6	11014.5	4579
21102.5	11014.5	4575.12
21107	11014.5	4571.97
21112	11014.5	4569.65
20818.8	11014.5	4574.63
20823.1	11014.5	4574.25
20827.5	11014.5	4574.63
20831.7	11014.5	4575.75
20835.6	11014.5	4577.6
20839.2	11014.5	4580.1
20842.3	11014.5	4583.18
20844.8	11014.5	4586.75
20846.6	11014.5	4590.7
20847.8	11014.5	4594.91
20848.1	11014.5	4599.25
20847.8	11014.5	4603.59
20846.6	11014.5	4607.8
20844.8	11014.5	4611.75
20842.3	11014.5	4615.32
20839.2	11014.5	4618.4
20835.6	11014.5	4620.9
20831.7	11014.5	4622.74
20827.5	11014.5	4623.87
20823.1	11014.5	4624.25
20818.8	11014.5	4623.87
20814.6	11014.5	4622.74
20810.6	11014.5	4620.9
20807.1	11014.5	4618.4
20804	11014.5	4615.32
20801.5	11014.5	4611.75
20799.6	11014.5	4607.8
20798.5	11014.5	4603.59
20798.1	11014.5	4599.25
20798.5	11014.5	4594.91
20799.6	11014.5	4590.7
20801.5	11014.5	4586.75
20804	11014.5	4583.18
20807.1	11014.5	4580.1
20810.6	11014.5	4577.6
20814.6	11014.5	4575.75

#	Triangle	90
0	2	1	3	2	0	125	9	10	126	9	125
4	9	5	9	3	5	9	8	3	8	7	3	7	2	3	4	10	9	6	2	7	4	90	10	90	89	10	89	88	10	88	87	10	87	86	10	86	85	10	85	84	10	84	11	10	84	6	11	84	12	6	12	48	6	48	83	6	83	2	6	84	13	12	47	48	12	47	49	48	84	14	13	46	49	47	46	50	49	82	2	83	84	15	14	45	50	46	45	51	50	81	2	82	84	16	15	44	51	45	44	52	51	80	2	81	119	16	84	118	16	119	118	17	16	43	52	44	43	53	52	79	2	80	117	17	118	116	17	117	116	18	17	42	53	43	42	54	53	78	2	79	115	18	116	114	18	115	114	19	18	41	54	42	41	55	54	77	2	78	4	91	90	113	19	114	113	20	19	40	55	41	40	56	55	76	2	77	4	92	91	112	20	113	112	21	20	39	56	40	39	57	56	75	2	76	4	93	92	111	21	112	4	94	93	110	21	111	110	22	21	38	57	39	38	58	57	74	2	75	4	95	94	109	22	110	109	23	22	37	58	38	37	59	58	73	2	74	4	96	95	108	23	109	108	24	23	36	59	37	36	60	59	72	2	73	4	97	96	107	24	108	107	25	24	35	60	36	35	61	60	71	2	72	4	98	97	106	25	107	4	99	98	105	25	106	105	26	25	34	61	35	34	62	61	70	2	71	4	100	99	104	26	105	4	101	100	103	26	104	103	27	26	33	62	34	33	63	62	69	2	70	4	102	101	102	27	103	4	27	102	4	28	27	32	63	33	32	64	63	68	2	69	4	29	28	31	64	32	31	65	64	67	2	68	4	30	29	30	65	31	30	66	65	66	2	67	4	66	30	4	2	66
5	120	4	121	120	5	122	6	7	123	6	122
1	122	0	122	121	0	122	127	121	127	126	121	126	120	121	1	123	122	125	120	126	1	124	123	1	125	124	1	166	125	166	165	125	165	129	125	129	128	125	128	163	125	163	162	125	162	201	125	201	200	125	200	235	125	235	234	125	234	233	125	233	232	125	232	231	125	231	120	125	164	129	165	164	130	129	1	167	166	199	130	164	199	131	130	1	168	167	198	131	199	198	132	131	1	169	168	197	132	198	197	133	132	161	201	162	161	202	201	161	203	202	1	170	169	196	133	197	196	134	133	160	203	161	160	204	203	160	205	204	1	171	170	195	134	196	195	135	134	159	205	160	159	206	205	159	207	206	1	172	171	194	135	195	194	136	135	158	207	159	158	208	207	230	120	231	1	173	172	193	136	194	193	137	136	157	208	158	157	209	208	229	120	230	1	174	173	192	137	193	192	138	137	156	209	157	156	210	209	228	120	229	1	175	174	191	138	192	191	139	138	155	210	156	155	211	210	227	120	228	155	212	211	226	120	227	1	176	175	190	139	191	190	140	139	154	212	155	154	213	212	225	120	226	1	177	176	189	140	190	189	141	140	153	213	154	153	214	213	224	120	225	1	178	177	188	141	189	188	142	141	152	214	153	152	215	214	223	120	224	152	216	215	222	120	223	1	179	178	187	142	188	187	143	142	151	216	152	151	217	216	221	120	222	151	218	217	220	120	221	1	180	179	186	143	187	186	144	143	150	218	151	150	219	218	219	120	220	150	120	219	1	181	180	185	144	186	185	145	144	149	120	150	1	182	181	184	145	185	184	146	145	148	120	149	1	183	182	183	146	184	183	147	146	147	120	148	1	147	183	1	120	147
0	5	3	121	5	0	123	11	6	124	11	123	124	10	11	125	10	124
2	120	1	4	120	2	127	7	8	122	7	127	126	8	9	127	8	126
129	13	128	12	13	129	165	49	164	48	49	165
128	14	163	13	14	128	164	50	199	49	50	164
163	15	162	14	15	163	199	51	198	50	51	199
162	16	161	15	16	162	198	52	197	51	52	198
161	17	160	16	17	161	197	53	196	52	53	197
160	18	159	17	18	160
159	19	158	18	19	159	195	55	194	54	55	195
158	20	157	19	20	158
157	21	156	20	21	157	193	57	192	56	57	193
156	22	155	21	22	156	192	58	191	57	58	192
155	23	154	22	23	155
154	24	153	23	24	154	190	60	189	59	60	190
153	25	152	24	25	153
152	26	151	25	26	152	188	62	187	61	62	188
151	27	150	26	27	151	187	63	186	62	63	187
150	28	149	27	28	150	186	64	185	63	64	186
149	29	148	28	29	149	185	65	184	64	65	185
148	30	147	29	30	148	184	66	183	65	66	184
147	31	146	30	31	147
146	32	145	31	32	146
145	33	144	32	33	145	181	69	180	68	69	181
144	34	143	33	34	144	180	70	179	69	70	180
143	35	142	34	35	143
142	36	141	35	36	142
141	37	140	36	37	141	177	73	176	72	73	177
140	38	139	37	38	140	176	74	175	73	74	176
139	39	138	38	39	139	175	75	174	74	75	175
138	40	137	39	40	138	174	76	173	75	76	174
137	41	136	40	41	137	173	77	172	76	77	173
136	42	135	41	42	136	172	78	171	77	78	172
135	43	134	42	43	135
134	44	133	43	44	134
133	45	132	44	45	133	169	81	168	80	81	169
132	46	131	45	46	132	168	82	167	81	82	168
131	47	130	46	47	131
130	12	129	47	12	130
196	54	195	53	54	196
194	56	193	55	56	194
191	59	190	58	59	191
189	61	188	60	61	189
183	67	182	66	67	183
182	68	181	67	68	182
179	71	178	70	71	179
178	72	177	71	72	178
171	79	170	78	79	171
170	80	169	79	80	170
167	83	166	82	83	167
166	48	165	83	48	166
201	85	200	84	85	201
200	86	235	85	86	200
235	87	234	86	87	235
234	88	233	87	88	234
233	89	232	88	89	233
232	90	231	89	90	232
231	91	230	90	91	231
230	92	229	91	92	230
229	93	228	92	93	229
228	94	227	93	94	228
227	95	226	94	95	227
226	96	225	95	96	226
225	97	224	96	97	225
224	98	223	97	98	224
223	99	222	98	99	223
222	100	221	99	100	222
221	101	220	100	101	221
220	102	219	101	102	220
219	103	218	102	103	219
218	104	217	103	104	218
217	105	216	104	105	217
216	106	215	105	106	216
215	107	214	106	107	215
214	108	213	107	108	214
213	109	212	108	109	213
212	110	211	109	110	212
211	111	210	110	111	211
210	112	209	111	112	210
209	113	208	112	113	209
208	114	207	113	114	208
207	115	206	114	115	207
206	116	205	115	116	206
205	117	204	116	117	205
204	118	203	117	118	204
203	119	202	118	119	203
202	84	201	119	84	202

#	Normal	90
-1	0	0
0	-1	0
1	0	0
0	1	-0
0	0	1
0	0	-1
-0.0871361	0	-0.996196
-0.258908	0	-0.965902
-0.422574	0	-0.906328
-0.573558	0	-0.819165
-0.707107	0	-0.707107
-0.819219	0	-0.57348
-0.906328	0	-0.422574
-0.965892	0	-0.258946
-0.996195	0	-0.0871515
-0.996196	0	0.0871438
-0.965892	0	0.258946
-0.906313	0	0.422608
-0.819249	0	0.573438
-0.707062	0	0.707151
-0.573558	0	0.819165
-0.422647	0	0.906294
-0.258825	0	0.965924
-0.0871361	0	0.996196
0.0871361	-0	0.996196
0.258825	-0	0.965924
0.422647	-0	0.906294
0.573558	-0	0.819165
0.707062	-0	0.707151
0.819249	-0	0.573438
0.906313	-0	0.422608
0.965892	-0	0.258946
0.996196	-0	0.0871438
0.996195	0	-0.0871515
0.965892	0	-0.258946
0.906328	0	-0.422574
0.819219	0	-0.57348
0.707107	0	-0.707107
0.573558	0	-0.819165
0.422574	0	-0.906328
0.258908	0	-0.965902
0.0871361	0	-0.996196
-0.819052	0	-0.573719
-0.965981	0	-0.258615
-0.965981	0	0.258615
-0.819082	0	0.573677
0.087167	-0	0.996194
0.258736	-0	0.965948
0.70724	-0	0.706973
0.819082	-0	0.573677
0.819052	0	-0.573719
0.707285	0	-0.706929
0.258819	0	-0.965926
0.087167	0	-0.996194
-0.0871614	0	-0.996194
-0.258848	0	-0.965918
-0.422665	0	-0.906286
-0.573507	0	-0.8192
-0.707051	0	-0.707163
-0.819285	0	-0.573387
-0.906306	0	-0.422622
-0.96587	0	-0.259029
-0.996212	0	-0.0869584
-0.996213	0	0.0869487
-0.96587	0	0.259029
-0.906286	0	0.422665
-0.819321	0	0.573334
-0.707051	0	0.707163
-0.573507	0	0.8192
-0.422665	0	0.906286
-0.258744	0	0.965946
-0.0871614	0	0.996194
0.0871614	-0	0.996194
0.258744	-0	0.965946
0.422665	-0	0.906286
0.573507	-0	0.8192
0.707275	-0	0.706939
0.819111	-0	0.573635
0.906286	-0	0.422665
0.965982	-0	0.258611
0.996174	-0	0.0873935
0.996173	0	-0.0874033
0.965982	0	-0.258611
0.906306	0	-0.422622
0.819074	0	-0.573688
0.707275	0	-0.706939
0.573507	0	-0.8192
0.422665	0	-0.906286
0.258848	0	-0.965918
0.0871614	0	-0.996194

#	Mesh	0	End

