#	Mesh	0	Begin

#	Vertex	232
37168.3	25964.5	-50
37168.3	25964.5	5230
36968.3	25964.5	5230
36968.3	25964.5	-50
36968.3	18264.5	5230
36968.3	18264.5	-50
36968.3	20060	3950
36968.3	18710	3950
36968.3	18710	4550
36968.3	20060	4550
36968.3	25205.4	4164.85
36968.3	25193.3	4165.92
36968.3	25181.5	4169.08
36968.3	25170.4	4174.23
36968.3	25160.4	4181.23
36968.3	25151.8	4189.86
36968.3	25144.8	4199.85
36968.3	25139.6	4210.91
36968.3	25136.5	4222.7
36968.3	25135.4	4234.85
36968.3	25136.5	4247.01
36968.3	25139.6	4258.8
36968.3	25144.8	4269.85
36968.3	25151.8	4279.85
36968.3	25160.4	4288.48
36968.3	25170.4	4295.48
36968.3	25181.5	4300.63
36968.3	25193.3	4303.79
36968.3	25205.4	4304.85
36968.3	25217.6	4303.79
36968.3	25229.4	4300.63
36968.3	25240.4	4295.48
36968.3	25250.4	4288.48
36968.3	25259	4279.85
36968.3	25266	4269.85
36968.3	25271.2	4258.8
36968.3	25274.4	4247.01
36968.3	25275.4	4234.85
36968.3	25274.4	4222.7
36968.3	25271.2	4210.91
36968.3	25266	4199.85
36968.3	25259	4189.86
36968.3	25250.4	4181.23
36968.3	25240.4	4174.23
36968.3	25229.4	4169.08
36968.3	25217.6	4165.92
36968.3	25064.6	4197.22
36968.3	25058.1	4197.79
36968.3	25051.8	4199.49
36968.3	25045.8	4202.25
36968.3	25040.5	4206
36968.3	25035.9	4210.62
36968.3	25032.1	4215.97
36968.3	25029.4	4221.9
36968.3	25027.7	4228.21
36968.3	25027.1	4234.72
36968.3	25027.7	4241.24
36968.3	25029.4	4247.55
36968.3	25032.1	4253.47
36968.3	25035.9	4258.83
36968.3	25040.5	4263.45
36968.3	25045.8	4267.2
36968.3	25051.8	4269.96
36968.3	25058.1	4271.65
36968.3	25064.6	4272.22
36968.3	25071.1	4271.65
36968.3	25077.4	4269.96
36968.3	25083.3	4267.2
36968.3	25088.7	4263.45
36968.3	25093.3	4258.83
36968.3	25097.1	4253.47
36968.3	25099.8	4247.55
36968.3	25101.5	4241.24
36968.3	25102.1	4234.72
36968.3	25101.5	4228.21
36968.3	25099.8	4221.9
36968.3	25097.1	4215.97
36968.3	25093.3	4210.62
36968.3	25088.7	4206
36968.3	25083.3	4202.25
36968.3	25077.4	4199.49
36968.3	25071.1	4197.79
36968.3	25384.6	4164.78
36968.3	25372.4	4165.84
36968.3	25360.6	4169
36968.3	25349.6	4174.15
36968.3	25339.6	4181.15
36968.3	25331	4189.78
36968.3	25324	4199.78
36968.3	25318.8	4210.83
36968.3	25315.6	4222.62
36968.3	25314.6	4234.78
36968.3	25315.6	4246.93
36968.3	25318.8	4258.72
36968.3	25324	4269.78
36968.3	25331	4279.77
36968.3	25339.6	4288.4
36968.3	25349.6	4295.4
36968.3	25360.6	4300.55
36968.3	25372.4	4303.71
36968.3	25384.6	4304.78
36968.3	25396.7	4303.71
36968.3	25408.5	4300.55
36968.3	25419.6	4295.4
36968.3	25429.6	4288.4
36968.3	25438.2	4279.77
36968.3	25445.2	4269.78
36968.3	25450.4	4258.72
36968.3	25453.5	4246.93
36968.3	25454.6	4234.78
36968.3	25453.5	4222.62
36968.3	25450.4	4210.83
36968.3	25445.2	4199.78
36968.3	25438.2	4189.78
36968.3	25429.6	4181.15
36968.3	25419.6	4174.15
36968.3	25408.5	4169
36968.3	25396.7	4165.84
37168.3	18264.5	5230
37168.3	18264.5	-50
37168.3	18710	3950
37168.3	20060	3950
37168.3	20060	4550
37168.3	18710	4550
37168.3	25193.3	4165.92
37168.3	25205.4	4164.85
37168.3	25217.6	4165.92
37168.3	25229.4	4169.08
37168.3	25240.4	4174.23
37168.3	25250.4	4181.23
37168.3	25259	4189.86
37168.3	25266	4199.85
37168.3	25271.2	4210.91
37168.3	25274.4	4222.7
37168.3	25275.4	4234.85
37168.3	25274.4	4247.01
37168.3	25271.2	4258.8
37168.3	25266	4269.85
37168.3	25259	4279.85
37168.3	25250.4	4288.48
37168.3	25240.4	4295.48
37168.3	25229.4	4300.63
37168.3	25217.6	4303.79
37168.3	25205.4	4304.85
37168.3	25193.3	4303.79
37168.3	25181.5	4300.63
37168.3	25170.4	4295.48
37168.3	25160.4	4288.48
37168.3	25151.8	4279.85
37168.3	25144.8	4269.85
37168.3	25139.6	4258.8
37168.3	25136.5	4247.01
37168.3	25135.4	4234.85
37168.3	25136.5	4222.7
37168.3	25139.6	4210.91
37168.3	25144.8	4199.85
37168.3	25151.8	4189.86
37168.3	25160.4	4181.23
37168.3	25170.4	4174.23
37168.3	25181.5	4169.08
37168.3	25058.1	4197.79
37168.3	25064.6	4197.22
37168.3	25071.1	4197.79
37168.3	25077.4	4199.49
37168.3	25083.3	4202.25
37168.3	25088.7	4206
37168.3	25093.3	4210.62
37168.3	25097.1	4215.97
37168.3	25099.8	4221.9
37168.3	25101.5	4228.21
37168.3	25102.1	4234.72
37168.3	25101.5	4241.24
37168.3	25099.8	4247.55
37168.3	25097.1	4253.47
37168.3	25093.3	4258.83
37168.3	25088.7	4263.45
37168.3	25083.3	4267.2
37168.3	25077.4	4269.96
37168.3	25071.1	4271.65
37168.3	25064.6	4272.22
37168.3	25058.1	4271.65
37168.3	25051.8	4269.96
37168.3	25045.8	4267.2
37168.3	25040.5	4263.45
37168.3	25035.9	4258.83
37168.3	25032.1	4253.47
37168.3	25029.4	4247.55
37168.3	25027.7	4241.24
37168.3	25027.1	4234.72
37168.3	25027.7	4228.21
37168.3	25029.4	4221.9
37168.3	25032.1	4215.97
37168.3	25035.9	4210.62
37168.3	25040.5	4206
37168.3	25045.8	4202.25
37168.3	25051.8	4199.49
37168.3	25372.4	4165.84
37168.3	25384.6	4164.78
37168.3	25396.7	4165.84
37168.3	25408.5	4169
37168.3	25419.6	4174.15
37168.3	25429.6	4181.15
37168.3	25438.2	4189.78
37168.3	25445.2	4199.78
37168.3	25450.4	4210.83
37168.3	25453.5	4222.62
37168.3	25454.6	4234.78
37168.3	25453.5	4246.93
37168.3	25450.4	4258.72
37168.3	25445.2	4269.78
37168.3	25438.2	4279.77
37168.3	25429.6	4288.4
37168.3	25419.6	4295.4
37168.3	25408.5	4300.55
37168.3	25396.7	4303.71
37168.3	25384.6	4304.78
37168.3	25372.4	4303.71
37168.3	25360.6	4300.55
37168.3	25349.6	4295.4
37168.3	25339.6	4288.4
37168.3	25331	4279.77
37168.3	25324	4269.78
37168.3	25318.8	4258.72
37168.3	25315.6	4246.93
37168.3	25314.6	4234.78
37168.3	25315.6	4222.62
37168.3	25318.8	4210.83
37168.3	25324	4199.78
37168.3	25331	4189.78
37168.3	25339.6	4181.15
37168.3	25349.6	4174.15
37168.3	25360.6	4169

#	Triangle	91
0	2	1	3	2	0	120	8	123	7	8	120
4	7	5	7	3	5	7	6	3	6	82	3	82	117	3	117	116	3	116	115	3	115	114	3	114	113	3	113	112	3	112	2	3	4	8	7	9	10	6	10	82	6	10	83	82	9	11	10	45	83	10	45	84	83	9	12	11	44	84	45	44	85	84	9	13	12	43	85	44	43	86	85	9	14	13	42	86	43	42	87	86	9	15	14	41	87	42	41	88	87	9	46	15	46	16	15	40	88	41	9	47	46	81	16	46	9	48	47	80	16	81	9	49	48	79	16	80	40	89	88	111	2	112	79	17	16	39	89	40	9	50	49	78	17	79	9	51	50	77	17	78	9	52	51	76	17	77	39	90	89	110	2	111	76	18	17	38	90	39	9	53	52	75	18	76	9	54	53	74	18	75	38	91	90	109	2	110	74	19	18	37	91	38	9	55	54	73	19	74	9	56	55	72	19	73	37	92	91	108	2	109	72	20	19	36	92	37	9	57	56	71	20	72	36	93	92	107	2	108	71	21	20	35	93	36	9	58	57	70	21	71	9	59	58	69	21	70	35	94	93	106	2	107	69	22	21	34	94	35	9	60	59	68	22	69	9	61	60	67	22	68	9	62	61	66	22	67	34	95	94	105	2	106	66	23	22	33	95	34	9	63	62	65	23	66	9	64	63	64	23	65	9	23	64	33	96	95	104	2	105	9	24	23	32	96	33	32	97	96	103	2	104	9	25	24	31	97	32	31	98	97	102	2	103	9	26	25	30	98	31	30	99	98	101	2	102	9	27	26	29	99	30	29	100	99	100	2	101	9	28	27	28	100	29	28	2	100	9	2	28	4	9	8	4	2	9
5	118	4	119	118	5	122	6	121	9	6	122
1	203	0	203	202	0	202	201	0	201	200	0	200	199	0	199	198	0	198	197	0	197	119	0	197	121	119	121	120	119	120	118	119	197	125	121	125	122	121	123	118	120	196	125	197	196	126	125	124	122	125	231	126	196	231	127	126	159	122	124	230	127	231	230	128	127	158	122	159	229	128	230	229	129	128	157	122	158	228	129	229	228	130	129	156	122	157	227	130	228	227	131	130	155	161	156	161	122	156	155	162	161	160	122	161	155	163	162	195	122	160	155	164	163	194	122	195	1	204	203	226	131	227	226	132	131	154	164	155	154	165	164	193	122	194	154	166	165	192	122	193	154	167	166	191	122	192	1	205	204	225	132	226	225	133	132	153	167	154	153	168	167	190	122	191	153	169	168	189	122	190	1	206	205	224	133	225	224	134	133	152	169	153	152	170	169	188	122	189	152	171	170	187	122	188	1	207	206	223	134	224	223	135	134	151	171	152	151	172	171	186	122	187	1	208	207	222	135	223	222	136	135	150	172	151	150	173	172	185	122	186	150	174	173	184	122	185	1	209	208	221	136	222	221	137	136	149	174	150	149	175	174	183	122	184	149	176	175	182	122	183	149	177	176	181	122	182	1	210	209	220	137	221	220	138	137	148	177	149	148	178	177	180	122	181	148	179	178	179	122	180	148	122	179	1	211	210	219	138	220	219	139	138	147	122	148	1	212	211	218	139	219	218	140	139	146	122	147	1	213	212	217	140	218	217	141	140	145	122	146	1	214	213	216	141	217	216	142	141	144	122	145	1	215	214	215	142	216	215	143	142	143	122	144	1	143	215	1	122	143	1	123	122	1	118	123
0	5	3	119	5	0	123	9	122	8	9	123
2	118	1	4	118	2	121	7	120	6	7	121
125	11	124	10	11	125
124	12	159	11	12	124
159	13	158	12	13	159
158	14	157	13	14	158	230	86	229	85	86	230
157	15	156	14	15	157	229	87	228	86	87	229
156	16	155	15	16	156	228	88	227	87	88	228
155	17	154	16	17	155
154	18	153	17	18	154
153	19	152	18	19	153
152	20	151	19	20	152
151	21	150	20	21	151	223	93	222	92	93	223
150	22	149	21	22	150
149	23	148	22	23	149	221	95	220	94	95	221
148	24	147	23	24	148	220	96	219	95	96	220
147	25	146	24	25	147	219	97	218	96	97	219
146	26	145	25	26	146	218	98	217	97	98	218
145	27	144	26	27	145
144	28	143	27	28	144
143	29	142	28	29	143	215	101	214	100	101	215
142	30	141	29	30	142	214	102	213	101	102	214
141	31	140	30	31	141	213	103	212	102	103	213
140	32	139	31	32	140	212	104	211	103	104	212
139	33	138	32	33	139	211	105	210	104	105	211
138	34	137	33	34	138	210	106	209	105	106	210
137	35	136	34	35	137	209	107	208	106	107	209
136	36	135	35	36	136	208	108	207	107	108	208
135	37	134	36	37	135	207	109	206	108	109	207
134	38	133	37	38	134
133	39	132	38	39	133
132	40	131	39	40	132	204	112	203	111	112	204
131	41	130	40	41	131	203	113	202	112	113	203
130	42	129	41	42	130	202	114	201	113	114	202
129	43	128	42	43	129	201	115	200	114	115	201
128	44	127	43	44	128
127	45	126	44	45	127	163	81	162	80	81	163
126	10	125	45	10	126	198	82	197	117	82	198
161	47	160	46	47	161
160	48	195	47	48	160
195	49	194	48	49	195
194	50	193	49	50	194
193	51	192	50	51	193
192	52	191	51	52	192
191	53	190	52	53	191
190	54	189	53	54	190
189	55	188	54	55	189
188	56	187	55	56	188
187	57	186	56	57	187
186	58	185	57	58	186
185	59	184	58	59	185
184	60	183	59	60	184
183	61	182	60	61	183
182	62	181	61	62	182
181	63	180	62	63	181
180	64	179	63	64	180
179	65	178	64	65	179
178	66	177	65	66	178
177	67	176	66	67	177
176	68	175	67	68	176
175	69	174	68	69	175
174	70	173	69	70	174
173	71	172	70	71	173
172	72	171	71	72	172
171	73	170	72	73	171
170	74	169	73	74	170
169	75	168	74	75	169
168	76	167	75	76	168
167	77	166	76	77	167
166	78	165	77	78	166
165	79	164	78	79	165
164	80	163	79	80	164
162	46	161	81	46	162
197	83	196	82	83	197
196	84	231	83	84	196
231	85	230	84	85	231
227	89	226	88	89	227
226	90	225	89	90	226
225	91	224	90	91	225
224	92	223	91	92	224
222	94	221	93	94	222
217	99	216	98	99	217
216	100	215	99	100	216
206	110	205	109	110	206
205	111	204	110	111	205
200	116	199	115	116	200
199	117	198	116	117	199

#	Normal	91
-0	-1	-0
1	0	0
-0	1	0
-1	0	0
-0	0	1
-0	-0	-1
-0	-0.087165	-0.996194
-0	-0.258771	-0.965939
-0	-0.42262	-0.906307
-0	-0.573634	-0.819112
-0	-0.707067	-0.707147
-0	-0.819176	-0.573543
-0	-0.906322	-0.422588
-0	-0.965921	-0.258838
-0	-0.996188	-0.087234
0	-0.996188	0.0872374
0	-0.965923	0.258828
0	-0.906322	0.422588
0	-0.819176	0.573543
0	-0.707067	0.707147
0	-0.573607	0.81913
0	-0.42262	0.906307
0	-0.258808	0.965929
0	-0.087165	0.996194
0	0.0871511	0.996195
0	0.258848	0.965918
0	0.42262	0.906307
0	0.573532	0.819183
0	0.707147	0.707067
0	0.819176	0.573543
0	0.906261	0.422719
0	0.965923	0.258828
0	0.996201	0.0870786
0	0.996202	-0.0870751
0	0.965921	-0.258838
0	0.906261	-0.422719
0	0.819176	-0.573543
0	0.707147	-0.707067
0	0.573559	-0.819164
0	0.42262	-0.906307
0	0.258811	-0.965928
0	0.0871511	-0.996195
-0	-0.0871744	-0.996193
-0	-0.258811	-0.965928
-0	-0.422603	-0.906315
-0	-0.573533	-0.819183
-0	-0.707181	-0.707032
-0	-0.819099	-0.573653
-0	-0.906357	-0.422513
-0	-0.965942	-0.25876
-0	-0.996187	-0.0872485
0	-0.996187	0.0872485
0	-0.965942	0.25876
0	-0.906357	0.422513
0	-0.819099	0.573653
0	-0.707181	0.707032
0	-0.573533	0.819183
0	-0.422603	0.906315
0	-0.258811	0.965928
0	-0.0871744	0.996193
0	0.0871744	0.996193
0	0.258811	0.965928
0	0.422603	0.906315
0	0.573673	0.819084
0	0.707032	0.707181
0	0.819099	0.573653
0	0.906357	0.422513
0	0.965942	0.25876
0	0.996187	0.0872485
0	0.996187	-0.0872485
0	0.965942	-0.25876
0	0.906357	-0.422513
0	0.819099	-0.573653
0	0.707032	-0.707181
0	0.573673	-0.819084
0	0.422603	-0.906315
0	0.0871744	-0.996193
-0	-0.0871511	-0.996195
-0	-0.258848	-0.965918
-0	-0.422588	-0.906322
-0	-0.906261	-0.422719
-0	-0.965923	-0.258828
-0	-0.996201	-0.0870786
0	-0.996201	0.0870786
0	-0.906261	0.422719
0	-0.258848	0.965918
0	-0.0871511	0.996195
0	0.996201	-0.0870786
0	0.965923	-0.258828
0	0.422588	-0.906322
0	0.258848	-0.965918

#	Mesh	0	End

