#	Mesh	0	Begin

#	Vertex	240
28068.3	18264.5	-50
28068.3	18264.5	5230
28268.3	18264.5	5230
28268.3	18264.5	-50
28268.3	25964.5	5230
28268.3	25964.5	-50
28268.3	18710	3950
28268.3	20060	3950
28268.3	20060	4550
28268.3	18710	4550
28268.3	25205.4	4191.55
28268.3	25217.6	4192.62
28268.3	25229.4	4195.78
28268.3	25240.4	4200.93
28268.3	25250.4	4207.93
28268.3	25259	4216.56
28268.3	25266	4226.55
28268.3	25271.2	4237.61
28268.3	25274.4	4249.4
28268.3	25275.4	4261.55
28268.3	25274.4	4273.71
28268.3	25271.2	4285.5
28268.3	25266	4296.55
28268.3	25259	4306.55
28268.3	25250.4	4315.18
28268.3	25240.4	4322.18
28268.3	25229.4	4327.33
28268.3	25217.6	4330.49
28268.3	25205.4	4331.55
28268.3	25193.3	4330.49
28268.3	25181.5	4327.33
28268.3	25170.4	4322.18
28268.3	25160.4	4315.18
28268.3	25151.8	4306.55
28268.3	25144.8	4296.55
28268.3	25139.6	4285.5
28268.3	25136.5	4273.71
28268.3	25135.4	4261.55
28268.3	25136.5	4249.4
28268.3	25139.6	4237.61
28268.3	25144.8	4226.55
28268.3	25151.8	4216.56
28268.3	25160.4	4207.93
28268.3	25170.4	4200.93
28268.3	25181.5	4195.78
28268.3	25193.3	4192.62
28268.3	25064.6	4223.92
28268.3	25071.1	4224.49
28268.3	25077.4	4226.18
28268.3	25083.3	4228.94
28268.3	25088.7	4232.69
28268.3	25093.3	4237.31
28268.3	25097.1	4242.67
28268.3	25099.8	4248.59
28268.3	25101.5	4254.9
28268.3	25102.1	4261.42
28268.3	25101.5	4267.93
28268.3	25099.8	4274.24
28268.3	25097.1	4280.17
28268.3	25093.3	4285.52
28268.3	25088.7	4290.14
28268.3	25083.3	4293.89
28268.3	25077.4	4296.65
28268.3	25071.1	4298.35
28268.3	25064.6	4298.92
28268.3	25058.1	4298.35
28268.3	25051.8	4296.65
28268.3	25045.8	4293.89
28268.3	25040.5	4290.14
28268.3	25035.9	4285.52
28268.3	25032.1	4280.17
28268.3	25029.4	4274.24
28268.3	25027.7	4267.93
28268.3	25027.1	4261.42
28268.3	25027.7	4254.9
28268.3	25029.4	4248.59
28268.3	25032.1	4242.67
28268.3	25035.9	4237.31
28268.3	25040.5	4232.69
28268.3	25045.8	4228.94
28268.3	25051.8	4226.18
28268.3	25058.1	4224.49
28268.3	25384.6	4191.48
28268.3	25396.7	4192.55
28268.3	25408.5	4195.71
28268.3	25419.6	4200.86
28268.3	25429.6	4207.86
28268.3	25438.2	4216.49
28268.3	25445.2	4226.48
28268.3	25450.4	4237.54
28268.3	25453.5	4249.33
28268.3	25454.6	4261.48
28268.3	25453.5	4273.64
28268.3	25450.4	4285.43
28268.3	25445.2	4296.48
28268.3	25438.2	4306.48
28268.3	25429.6	4315.11
28268.3	25419.6	4322.11
28268.3	25408.5	4327.26
28268.3	25396.7	4330.42
28268.3	25384.6	4331.48
28268.3	25372.4	4330.42
28268.3	25360.6	4327.26
28268.3	25349.6	4322.11
28268.3	25339.6	4315.11
28268.3	25331	4306.48
28268.3	25324	4296.48
28268.3	25318.8	4285.43
28268.3	25315.6	4273.64
28268.3	25314.6	4261.48
28268.3	25315.6	4249.33
28268.3	25318.8	4237.54
28268.3	25324	4226.48
28268.3	25331	4216.49
28268.3	25339.6	4207.86
28268.3	25349.6	4200.86
28268.3	25360.6	4195.71
28268.3	25372.4	4192.55
28068.3	25964.5	5230
28068.3	25964.5	-50
28240.3	18284.5	1900
28068.3	18284.5	1900
28240.3	18984.5	1900
28068.3	18984.5	1900
28240.3	18984.5	100
28068.3	18984.5	100
28240.3	18284.5	100
28068.3	18284.5	100
28068.3	20060	3950
28068.3	18710	3950
28068.3	18710	4550
28068.3	20060	4550
28068.3	25217.6	4192.62
28068.3	25205.4	4191.55
28068.3	25193.3	4192.62
28068.3	25181.5	4195.78
28068.3	25170.4	4200.93
28068.3	25160.4	4207.93
28068.3	25151.8	4216.56
28068.3	25144.8	4226.55
28068.3	25139.6	4237.61
28068.3	25136.5	4249.4
28068.3	25135.4	4261.55
28068.3	25136.5	4273.71
28068.3	25139.6	4285.5
28068.3	25144.8	4296.55
28068.3	25151.8	4306.55
28068.3	25160.4	4315.18
28068.3	25170.4	4322.18
28068.3	25181.5	4327.33
28068.3	25193.3	4330.49
28068.3	25205.4	4331.55
28068.3	25217.6	4330.49
28068.3	25229.4	4327.33
28068.3	25240.4	4322.18
28068.3	25250.4	4315.18
28068.3	25259	4306.55
28068.3	25266	4296.55
28068.3	25271.2	4285.5
28068.3	25274.4	4273.71
28068.3	25275.4	4261.55
28068.3	25274.4	4249.4
28068.3	25271.2	4237.61
28068.3	25266	4226.55
28068.3	25259	4216.56
28068.3	25250.4	4207.93
28068.3	25240.4	4200.93
28068.3	25229.4	4195.78
28068.3	25071.1	4224.49
28068.3	25064.6	4223.92
28068.3	25058.1	4224.49
28068.3	25051.8	4226.18
28068.3	25045.8	4228.94
28068.3	25040.5	4232.69
28068.3	25035.9	4237.31
28068.3	25032.1	4242.67
28068.3	25029.4	4248.59
28068.3	25027.7	4254.9
28068.3	25027.1	4261.42
28068.3	25027.7	4267.93
28068.3	25029.4	4274.24
28068.3	25032.1	4280.17
28068.3	25035.9	4285.52
28068.3	25040.5	4290.14
28068.3	25045.8	4293.89
28068.3	25051.8	4296.65
28068.3	25058.1	4298.35
28068.3	25064.6	4298.92
28068.3	25071.1	4298.35
28068.3	25077.4	4296.65
28068.3	25083.3	4293.89
28068.3	25088.7	4290.14
28068.3	25093.3	4285.52
28068.3	25097.1	4280.17
28068.3	25099.8	4274.24
28068.3	25101.5	4267.93
28068.3	25102.1	4261.42
28068.3	25101.5	4254.9
28068.3	25099.8	4248.59
28068.3	25097.1	4242.67
28068.3	25093.3	4237.31
28068.3	25088.7	4232.69
28068.3	25083.3	4228.94
28068.3	25077.4	4226.18
28068.3	25396.7	4192.55
28068.3	25384.6	4191.48
28068.3	25372.4	4192.55
28068.3	25360.6	4195.71
28068.3	25349.6	4200.86
28068.3	25339.6	4207.86
28068.3	25331	4216.49
28068.3	25324	4226.48
28068.3	25318.8	4237.54
28068.3	25315.6	4249.33
28068.3	25314.6	4261.48
28068.3	25315.6	4273.64
28068.3	25318.8	4285.43
28068.3	25324	4296.48
28068.3	25331	4306.48
28068.3	25339.6	4315.11
28068.3	25349.6	4322.11
28068.3	25360.6	4327.26
28068.3	25372.4	4330.42
28068.3	25384.6	4331.48
28068.3	25396.7	4330.42
28068.3	25408.5	4327.26
28068.3	25419.6	4322.11
28068.3	25429.6	4315.11
28068.3	25438.2	4306.48
28068.3	25445.2	4296.48
28068.3	25450.4	4285.43
28068.3	25453.5	4273.64
28068.3	25454.6	4261.48
28068.3	25453.5	4249.33
28068.3	25450.4	4237.54
28068.3	25445.2	4226.48
28068.3	25438.2	4216.49
28068.3	25429.6	4207.86
28068.3	25419.6	4200.86
28068.3	25408.5	4195.71

#	Triangle	101
0	2	1	3	2	0	122	125	124	123	125	122	128	8	131	7	8	128
4	88	5	88	87	5	87	86	5	86	85	5	85	84	5	84	83	5	83	82	5	82	3	5	82	7	3	7	6	3	6	2	3	82	10	7	10	8	7	9	2	6	117	10	82	117	11	10	45	8	10	116	11	117	116	12	11	44	8	45	115	12	116	115	13	12	43	8	44	114	13	115	114	14	13	42	8	43	113	14	114	113	15	14	41	8	42	112	15	113	112	16	15	40	46	41	46	8	41	40	47	46	81	8	46	40	48	47	80	8	81	40	49	48	79	8	80	4	89	88	111	16	112	111	17	16	39	49	40	39	50	49	78	8	79	39	51	50	77	8	78	39	52	51	76	8	77	4	90	89	110	17	111	110	18	17	38	52	39	38	53	52	75	8	76	38	54	53	74	8	75	4	91	90	109	18	110	109	19	18	37	54	38	37	55	54	73	8	74	37	56	55	72	8	73	4	92	91	108	19	109	108	20	19	36	56	37	36	57	56	71	8	72	4	93	92	107	20	108	107	21	20	35	57	36	35	58	57	70	8	71	35	59	58	69	8	70	4	94	93	106	21	107	106	22	21	34	59	35	34	60	59	68	8	69	34	61	60	67	8	68	34	62	61	66	8	67	4	95	94	105	22	106	105	23	22	33	62	34	33	63	62	65	8	66	33	64	63	64	8	65	33	8	64	4	96	95	104	23	105	104	24	23	32	8	33	4	97	96	103	24	104	103	25	24	31	8	32	4	98	97	102	25	103	102	26	25	30	8	31	4	99	98	101	26	102	101	27	26	29	8	30	4	100	99	100	27	101	100	28	27	28	8	29	4	28	100	4	8	28	4	9	8	4	2	9
5	118	4	119	118	5	126	121	120	127	121	126	130	6	129	9	6	130
1	127	0	127	119	0	127	125	119	125	205	119	205	204	119	204	239	119	239	238	119	238	237	119	237	236	119	236	235	119	235	118	119	1	121	127	123	205	125	1	123	121	1	129	123	129	128	123	128	205	123	1	130	129	131	133	128	133	205	128	133	206	205	131	134	133	132	206	133	132	207	206	131	135	134	167	207	132	167	208	207	131	136	135	166	208	167	166	209	208	131	137	136	165	209	166	165	210	209	131	138	137	164	210	165	164	211	210	131	169	138	169	139	138	163	211	164	131	170	169	168	139	169	131	171	170	203	139	168	131	172	171	202	139	203	163	212	211	234	118	235	202	140	139	162	212	163	131	173	172	201	140	202	131	174	173	200	140	201	131	175	174	199	140	200	162	213	212	233	118	234	199	141	140	161	213	162	131	176	175	198	141	199	131	177	176	197	141	198	161	214	213	232	118	233	197	142	141	160	214	161	131	178	177	196	142	197	131	179	178	195	142	196	160	215	214	231	118	232	195	143	142	159	215	160	131	180	179	194	143	195	159	216	215	230	118	231	194	144	143	158	216	159	131	181	180	193	144	194	131	182	181	192	144	193	158	217	216	229	118	230	192	145	144	157	217	158	131	183	182	191	145	192	131	184	183	190	145	191	131	185	184	189	145	190	157	218	217	228	118	229	189	146	145	156	218	157	131	186	185	188	146	189	131	187	186	187	146	188	131	146	187	156	219	218	227	118	228	131	147	146	155	219	156	155	220	219	226	118	227	131	148	147	154	220	155	154	221	220	225	118	226	131	149	148	153	221	154	153	222	221	224	118	225	131	150	149	152	222	153	152	223	222	223	118	224	131	151	150	151	223	152	151	118	223	131	118	151	1	131	130	1	118	131	126	122	124	120	122	126
0	5	3	119	5	0	120	123	122	121	123	120	131	9	130	8	9	131
2	118	1	4	118	2	124	127	126	125	127	124	129	7	128	6	7	129
133	11	132	10	11	133
132	12	167	11	12	132
167	13	166	12	13	167	239	85	238	84	85	239
166	14	165	13	14	166
165	15	164	14	15	165
164	16	163	15	16	164	236	88	235	87	88	236
163	17	162	16	17	163
162	18	161	17	18	162
161	19	160	18	19	161
160	20	159	19	20	160
159	21	158	20	21	159	231	93	230	92	93	231
158	22	157	21	22	158
157	23	156	22	23	157	229	95	228	94	95	229
156	24	155	23	24	156
155	25	154	24	25	155
154	26	153	25	26	154	226	98	225	97	98	226
153	27	152	26	27	153
152	28	151	27	28	152
151	29	150	28	29	151	223	101	222	100	101	223
150	30	149	29	30	150
149	31	148	30	31	149	221	103	220	102	103	221
148	32	147	31	32	148
147	33	146	32	33	147
146	34	145	33	34	146
145	35	144	34	35	145
144	36	143	35	36	144	216	108	215	107	108	216
143	37	142	36	37	143	215	109	214	108	109	215
142	38	141	37	38	142
141	39	140	38	39	141
140	40	139	39	40	140
139	41	138	40	41	139
138	42	137	41	42	138
137	43	136	42	43	137
136	44	135	43	44	136	208	116	207	115	116	208
135	45	134	44	45	135
134	10	133	45	10	134	206	82	205	117	82	206
169	47	168	46	47	169
168	48	203	47	48	168	204	84	239	83	84	204
203	49	202	48	49	203
202	50	201	49	50	202
201	51	200	50	51	201
200	52	199	51	52	200
199	53	198	52	53	199
198	54	197	53	54	198
197	55	196	54	55	197
196	56	195	55	56	196
195	57	194	56	57	195
194	58	193	57	58	194
193	59	192	58	59	193
192	60	191	59	60	192
191	61	190	60	61	191
190	62	189	61	62	190
189	63	188	62	63	189
188	64	187	63	64	188
187	65	186	64	65	187
186	66	185	65	66	186
185	67	184	66	67	185
184	68	183	67	68	184
183	69	182	68	69	183
182	70	181	69	70	182
181	71	180	70	71	181
180	72	179	71	72	180
179	73	178	72	73	179
178	74	177	73	74	178
177	75	176	74	75	177
176	76	175	75	76	176
175	77	174	76	77	175
174	78	173	77	78	174
173	79	172	78	79	173
172	80	171	79	80	172
171	81	170	80	81	171	207	117	206	116	117	207
170	46	169	81	46	170
205	83	204	82	83	205
238	86	237	85	86	238
237	87	236	86	87	237
235	89	234	88	89	235
234	90	233	89	90	234
233	91	232	90	91	233
232	92	231	91	92	232
230	94	229	93	94	230
228	96	227	95	96	228
227	97	226	96	97	227
225	99	224	98	99	225
224	100	223	99	100	224
222	102	221	101	102	222
220	104	219	103	104	220
219	105	218	104	105	219
218	106	217	105	106	218
217	107	216	106	107	217
214	110	213	109	110	214
213	111	212	110	111	213
212	112	211	111	112	212
211	113	210	112	113	211
210	114	209	113	114	210
209	115	208	114	115	209

#	Normal	101
-0	1	0
-1	0	0
-0	-1	-0
1	0	0
0	-0	1
0	0	-1
0	0.087165	-0.996194
0	0.258808	-0.965929
0	0.42262	-0.906307
0	0.573607	-0.81913
0	0.707067	-0.707147
0	0.819176	-0.573543
0	0.906322	-0.422588
0	0.965923	-0.258828
0	0.996188	-0.0872374
-0	0.996188	0.0872374
-0	0.965923	0.258828
-0	0.906322	0.422588
-0	0.819176	0.573543
-0	0.707067	0.707147
-0	0.573634	0.819112
-0	0.42262	0.906307
-0	0.258771	0.965939
-0	0.087165	0.996194
0	-0.0871511	0.996195
0	-0.258811	0.965928
0	-0.42262	0.906307
0	-0.573559	0.819164
0	-0.707147	0.707067
0	-0.8191	0.57365
0	-0.906322	0.422588
0	-0.965923	0.258828
0	-0.996201	0.0870786
0	-0.996201	-0.0870786
0	-0.965923	-0.258828
0	-0.906322	-0.422588
0	-0.8191	-0.57365
0	-0.707147	-0.707067
0	-0.573532	-0.819183
0	-0.42262	-0.906307
0	-0.258848	-0.965918
0	-0.0871511	-0.996195
0	0.0871744	-0.996193
0	0.258811	-0.965928
0	0.422603	-0.906315
0	0.573673	-0.819084
0	0.707032	-0.707181
0	0.819099	-0.573653
0	0.906357	-0.422513
0	0.965942	-0.25876
0	0.996187	-0.0872485
-0	0.996187	0.0872485
-0	0.965942	0.25876
-0	0.906357	0.422513
-0	0.819099	0.573653
-0	0.707032	0.707181
-0	0.573673	0.819084
-0	0.422665	0.906286
-0	0.258741	0.965947
-0	0.0871744	0.996193
0	-0.0871744	0.996193
0	-0.258741	0.965947
0	-0.422665	0.906286
0	-0.573533	0.819183
0	-0.707181	0.707032
0	-0.819099	0.573653
0	-0.906357	0.422513
0	-0.965942	0.25876
0	-0.996187	0.0872485
0	-0.996187	-0.0872485
0	-0.965942	-0.25876
0	-0.906357	-0.422513
0	-0.819099	-0.573653
0	-0.707181	-0.707032
0	-0.573533	-0.819183
0	-0.422603	-0.906315
0	-0.258811	-0.965928
0	-0.0871744	-0.996193
0	0.0871511	-0.996195
0	0.573559	-0.819164
0	0.707147	-0.707067
0	0.906261	-0.422719
0	0.965921	-0.258838
0	0.996202	-0.0870751
-0	0.996201	0.0870786
-0	0.906261	0.422719
-0	0.707147	0.707067
-0	0.573532	0.819183
-0	0.258848	0.965918
-0	0.0871511	0.996195
0	-0.258848	0.965918
0	-0.573607	0.81913
0	-0.707067	0.707147
0	-0.819176	0.573543
0	-0.906261	0.422719
0	-0.996202	-0.0870751
0	-0.965921	-0.258838
0	-0.906261	-0.422719
0	-0.819176	-0.573543
0	-0.707067	-0.707147
0	-0.573634	-0.819112

#	Mesh	0	End

