#	Mesh	0	Begin

#	Vertex	28
40818.3	-32485.5	-50
40818.3	-32485.5	5230
40818.3	-32285.5	5230
40818.3	-32285.5	-50
37193.3	-32285.5	5230
37193.3	-32285.5	-50
38993.3	-32285.5	2100
40793.3	-32285.5	2100
40793.3	-32285.5	0
38993.3	-32285.5	0
37193.3	-32285.5	0
39955.4	-32285.5	3820
37855.4	-32285.5	3820
37855.4	-32285.5	4550
39955.4	-32285.5	4550
37193.3	-32485.5	0
37193.3	-32485.5	-50
37193.3	-32485.5	5230
37193.3	-32285.5	2100
38993.3	-32485.5	0
40793.3	-32485.5	0
40793.3	-32485.5	2100
38993.3	-32485.5	2100
37193.3	-32485.5	2100
37855.4	-32485.5	3820
39955.4	-32485.5	3820
39955.4	-32485.5	4550
37855.4	-32485.5	4550

#	Triangle	6
0	2	1	3	2	0	24	13	27	12	13	24
10	3	5	10	9	3	9	8	3	8	2	3	7	2	8	4	12	18	12	6	18	12	7	6	12	11	7	11	2	7	4	13	12	14	2	11	4	14	13	4	2	14
10	16	15	5	16	10	23	4	18	17	4	23	7	20	21	8	20	7	26	11	25	14	11	26
1	20	0	20	16	0	20	19	16	19	15	16	1	21	20	1	22	21	1	25	22	25	23	22	25	24	23	24	17	23	1	26	25	27	17	24	1	27	26	1	17	27
0	5	3	16	5	0	6	21	22	7	21	6	18	22	23	6	22	18	27	14	26	13	14	27
2	17	1	4	17	2	8	19	20	9	19	8	9	15	19	10	15	9	25	12	24	11	12	25

#	Normal	6
-1	0	0
0	-1	0
1	-0	0
0	1	-0
0	0	1
0	0	-1

#	Mesh	0	End

