#	Mesh	0	Begin

#	Vertex	24
60208.3	70464.5	-50
60208.3	70464.5	5230
60208.3	70614.5	5230
60208.3	70614.5	-50
55428.3	70614.5	5230
60133.3	70614.5	2570
60058.3	70614.5	2570
60058.3	70614.5	5230
55578.3	70614.5	2570
55503.3	70614.5	2570
55503.3	70614.5	5230
55428.3	70614.5	-50
55428.3	70464.5	5230
55428.3	70464.5	-50
60058.3	70464.5	2570
60133.3	70464.5	2570
60133.3	70464.5	5230
55503.3	70464.5	2570
55578.3	70464.5	2570
55578.3	70464.5	5230
60058.3	70464.5	5230
55578.3	70614.5	5230
60133.3	70614.5	5230
55503.3	70464.5	5230

#	Triangle	6
0	2	1	3	2	0	6	20	14	7	20	6	9	23	17	10	23	9
4	9	11	9	3	11	9	8	3	8	6	3	6	5	3	5	2	3	4	10	9	21	6	8	21	7	6	22	2	5
11	12	4	13	12	11	22	15	16	5	15	22	21	18	19	8	18	21
1	15	0	15	13	0	15	14	13	14	18	13	18	17	13	17	12	13	1	16	15	20	18	14	20	19	18	23	12	17
0	11	3	13	11	0
7	19	20	21	19	7	16	2	22	1	2	16	10	12	23	4	12	10	5	14	15	6	14	5	8	17	18	9	17	8

#	Normal	6
-1	0	0
0	-1	0
1	0	0
0	1	-0
0	0	1
0	0	-1

#	Mesh	0	End

