#	Mesh	0	Begin

#	Vertex	460
62118.3	65964.5	-50
59093.3	65964.5	5230
62118.3	65964.5	4950
59093.3	66164.5	4950
62118.3	66164.5	4950
62118.3	66164.5	-50
59093.3	66164.5	5230
51418.3	66164.5	5230
51418.3	66164.5	-50
56018.3	66164.5	2100
57218.3	66164.5	2100
57218.3	66164.5	200
56018.3	66164.5	200
61468.3	66164.5	3950
60368.3	66164.5	3950
60368.3	66164.5	4550
61468.3	66164.5	4550
55755	66164.5	3705.45
55747.2	66164.5	3706.13
55739.6	66164.5	3708.16
55732.5	66164.5	3711.48
55726.1	66164.5	3715.98
55720.5	66164.5	3721.52
55716	66164.5	3727.95
55712.7	66164.5	3735.06
55710.7	66164.5	3742.64
55710	66164.5	3750.45
55710.7	66164.5	3758.26
55712.7	66164.5	3765.84
55716	66164.5	3772.95
55720.5	66164.5	3779.37
55726.1	66164.5	3784.92
55732.5	66164.5	3789.42
55739.6	66164.5	3792.74
55747.2	66164.5	3794.77
55755	66164.5	3795.45
55762.8	66164.5	3794.77
55770.4	66164.5	3792.74
55777.5	66164.5	3789.42
55783.9	66164.5	3784.92
55789.5	66164.5	3779.37
55794	66164.5	3772.95
55797.3	66164.5	3765.84
55799.3	66164.5	3758.26
55800	66164.5	3750.45
55799.3	66164.5	3742.64
55797.3	66164.5	3735.06
55794	66164.5	3727.95
55789.5	66164.5	3721.52
55783.9	66164.5	3715.98
55777.5	66164.5	3711.48
55770.4	66164.5	3708.16
55762.8	66164.5	3706.13
56648.1	66164.5	3869.46
56641.6	66164.5	3870.03
56635.3	66164.5	3871.73
56629.4	66164.5	3874.49
56624	66164.5	3878.24
56619.4	66164.5	3882.86
56615.6	66164.5	3888.21
56612.9	66164.5	3894.14
56611.2	66164.5	3900.45
56610.6	66164.5	3906.96
56611.2	66164.5	3913.48
56612.9	66164.5	3919.79
56615.6	66164.5	3925.71
56619.4	66164.5	3931.07
56624	66164.5	3935.69
56629.4	66164.5	3939.44
56635.3	66164.5	3942.2
56641.6	66164.5	3943.89
56648.1	66164.5	3944.46
56654.6	66164.5	3943.89
56660.9	66164.5	3942.2
56666.9	66164.5	3939.44
56672.2	66164.5	3935.69
56676.8	66164.5	3931.07
56680.6	66164.5	3925.71
56683.4	66164.5	3919.79
56685	66164.5	3913.48
56685.6	66164.5	3906.96
56685	66164.5	3900.45
56683.4	66164.5	3894.14
56680.6	66164.5	3888.21
56676.8	66164.5	3882.86
56672.2	66164.5	3878.24
56666.9	66164.5	3874.49
56660.9	66164.5	3871.73
56654.6	66164.5	3870.03
56267.9	66164.5	3693.06
56254	66164.5	3694.28
56240.5	66164.5	3697.89
56227.9	66164.5	3703.78
56216.5	66164.5	3711.78
56206.6	66164.5	3721.64
56198.6	66164.5	3733.06
56192.7	66164.5	3745.7
56189.1	66164.5	3759.17
56187.9	66164.5	3773.06
56189.1	66164.5	3786.95
56192.7	66164.5	3800.42
56198.6	66164.5	3813.06
56206.6	66164.5	3824.49
56216.5	66164.5	3834.35
56227.9	66164.5	3842.34
56240.5	66164.5	3848.24
56254	66164.5	3851.85
56267.9	66164.5	3853.06
56281.8	66164.5	3851.85
56295.3	66164.5	3848.24
56307.9	66164.5	3842.34
56319.3	66164.5	3834.35
56329.2	66164.5	3824.49
56337.2	66164.5	3813.06
56343.1	66164.5	3800.42
56346.7	66164.5	3786.95
56347.9	66164.5	3773.06
56346.7	66164.5	3759.17
56343.1	66164.5	3745.7
56337.2	66164.5	3733.06
56329.2	66164.5	3721.64
56319.3	66164.5	3711.78
56307.9	66164.5	3703.78
56295.3	66164.5	3697.89
56281.8	66164.5	3694.28
57376.9	66164.5	3820.96
57364.8	66164.5	3822.03
57353	66164.5	3825.19
57341.9	66164.5	3830.34
57331.9	66164.5	3837.34
57323.3	66164.5	3845.97
57316.3	66164.5	3855.96
57311.1	66164.5	3867.02
57308	66164.5	3878.81
57306.9	66164.5	3890.96
57308	66164.5	3903.12
57311.1	66164.5	3914.91
57316.3	66164.5	3925.96
57323.3	66164.5	3935.96
57331.9	66164.5	3944.59
57341.9	66164.5	3951.59
57353	66164.5	3956.74
57364.8	66164.5	3959.9
57376.9	66164.5	3960.96
57389.1	66164.5	3959.9
57400.9	66164.5	3956.74
57411.9	66164.5	3951.59
57421.9	66164.5	3944.59
57430.5	66164.5	3935.96
57437.5	66164.5	3925.96
57442.7	66164.5	3914.91
57445.9	66164.5	3903.12
57446.9	66164.5	3890.96
57445.9	66164.5	3878.81
57442.7	66164.5	3867.02
57437.5	66164.5	3855.96
57430.5	66164.5	3845.97
57421.9	66164.5	3837.34
57411.9	66164.5	3830.34
57400.9	66164.5	3825.19
57389.1	66164.5	3822.03
55998.4	66164.5	3695.56
55984.5	66164.5	3696.77
55971.1	66164.5	3700.38
55958.4	66164.5	3706.27
55947	66164.5	3714.27
55937.1	66164.5	3724.13
55929.1	66164.5	3735.56
55923.3	66164.5	3748.2
55919.6	66164.5	3761.67
55918.4	66164.5	3775.56
55919.6	66164.5	3789.45
55923.3	66164.5	3802.92
55929.1	66164.5	3815.56
55937.1	66164.5	3826.98
55947	66164.5	3836.84
55958.4	66164.5	3844.84
55971.1	66164.5	3850.73
55984.5	66164.5	3854.34
55998.4	66164.5	3855.56
56012.3	66164.5	3854.34
56025.8	66164.5	3850.73
56038.4	66164.5	3844.84
56049.8	66164.5	3836.84
56059.7	66164.5	3826.98
56067.7	66164.5	3815.56
56073.6	66164.5	3802.92
56077.2	66164.5	3789.45
56078.4	66164.5	3775.56
56077.2	66164.5	3761.67
56073.6	66164.5	3748.2
56067.7	66164.5	3735.56
56059.7	66164.5	3724.13
56049.8	66164.5	3714.27
56038.4	66164.5	3706.27
56025.8	66164.5	3700.38
56012.3	66164.5	3696.77
57006.6	66164.5	3821.54
56994.4	66164.5	3822.6
56982.6	66164.5	3825.76
56971.6	66164.5	3830.92
56961.6	66164.5	3837.92
56952.9	66164.5	3846.54
56945.9	66164.5	3856.54
56940.8	66164.5	3867.6
56937.6	66164.5	3879.38
56936.6	66164.5	3891.54
56937.6	66164.5	3903.69
56940.8	66164.5	3915.48
56945.9	66164.5	3926.54
56952.9	66164.5	3936.53
56961.6	66164.5	3945.16
56971.6	66164.5	3952.16
56982.6	66164.5	3957.32
56994.4	66164.5	3960.48
57006.6	66164.5	3961.54
57018.7	66164.5	3960.48
57030.5	66164.5	3957.32
57041.6	66164.5	3952.16
57051.6	66164.5	3945.16
57060.2	66164.5	3936.53
57067.2	66164.5	3926.54
57072.3	66164.5	3915.48
57075.5	66164.5	3903.69
57076.6	66164.5	3891.54
57075.5	66164.5	3879.38
57072.3	66164.5	3867.6
57067.2	66164.5	3856.54
57060.2	66164.5	3846.54
57051.6	66164.5	3837.92
57041.6	66164.5	3830.92
57030.5	66164.5	3825.76
57018.7	66164.5	3822.6
51418.3	65964.5	5230
51418.3	65964.5	-50
59093.3	65964.5	4950
57218.3	65964.5	2100
56018.3	65964.5	2100
56018.3	65964.5	200
57218.3	65964.5	200
60368.3	65964.5	3950
61468.3	65964.5	3950
61468.3	65964.5	4550
60368.3	65964.5	4550
55747.2	65964.5	3706.13
55755	65964.5	3705.45
55762.8	65964.5	3706.13
55770.4	65964.5	3708.16
55777.5	65964.5	3711.48
55783.9	65964.5	3715.98
55789.5	65964.5	3721.52
55794	65964.5	3727.95
55797.3	65964.5	3735.06
55799.3	65964.5	3742.64
55800	65964.5	3750.45
55799.3	65964.5	3758.26
55797.3	65964.5	3765.84
55794	65964.5	3772.95
55789.5	65964.5	3779.37
55783.9	65964.5	3784.92
55777.5	65964.5	3789.42
55770.4	65964.5	3792.74
55762.8	65964.5	3794.77
55755	65964.5	3795.45
55747.2	65964.5	3794.77
55739.6	65964.5	3792.74
55732.5	65964.5	3789.42
55726.1	65964.5	3784.92
55720.5	65964.5	3779.37
55716	65964.5	3772.95
55712.7	65964.5	3765.84
55710.7	65964.5	3758.26
55710	65964.5	3750.45
55710.7	65964.5	3742.64
55712.7	65964.5	3735.06
55716	65964.5	3727.95
55720.5	65964.5	3721.52
55726.1	65964.5	3715.98
55732.5	65964.5	3711.48
55739.6	65964.5	3708.16
56641.6	65964.5	3870.03
56648.1	65964.5	3869.46
56654.6	65964.5	3870.03
56660.9	65964.5	3871.73
56666.9	65964.5	3874.49
56672.2	65964.5	3878.24
56676.8	65964.5	3882.86
56680.6	65964.5	3888.21
56683.4	65964.5	3894.14
56685	65964.5	3900.45
56685.6	65964.5	3906.96
56685	65964.5	3913.48
56683.4	65964.5	3919.79
56680.6	65964.5	3925.71
56676.8	65964.5	3931.07
56672.2	65964.5	3935.69
56666.9	65964.5	3939.44
56660.9	65964.5	3942.2
56654.6	65964.5	3943.89
56648.1	65964.5	3944.46
56641.6	65964.5	3943.89
56635.3	65964.5	3942.2
56629.4	65964.5	3939.44
56624	65964.5	3935.69
56619.4	65964.5	3931.07
56615.6	65964.5	3925.71
56612.9	65964.5	3919.79
56611.2	65964.5	3913.48
56610.6	65964.5	3906.96
56611.2	65964.5	3900.45
56612.9	65964.5	3894.14
56615.6	65964.5	3888.21
56619.4	65964.5	3882.86
56624	65964.5	3878.24
56629.4	65964.5	3874.49
56635.3	65964.5	3871.73
56254	65964.5	3694.28
56267.9	65964.5	3693.06
56281.8	65964.5	3694.28
56295.3	65964.5	3697.89
56307.9	65964.5	3703.78
56319.3	65964.5	3711.78
56329.2	65964.5	3721.64
56337.2	65964.5	3733.06
56343.1	65964.5	3745.7
56346.7	65964.5	3759.17
56347.9	65964.5	3773.06
56346.7	65964.5	3786.95
56343.1	65964.5	3800.42
56337.2	65964.5	3813.06
56329.2	65964.5	3824.49
56319.3	65964.5	3834.35
56307.9	65964.5	3842.34
56295.3	65964.5	3848.24
56281.8	65964.5	3851.85
56267.9	65964.5	3853.06
56254	65964.5	3851.85
56240.5	65964.5	3848.24
56227.9	65964.5	3842.34
56216.5	65964.5	3834.35
56206.6	65964.5	3824.49
56198.6	65964.5	3813.06
56192.7	65964.5	3800.42
56189.1	65964.5	3786.95
56187.9	65964.5	3773.06
56189.1	65964.5	3759.17
56192.7	65964.5	3745.7
56198.6	65964.5	3733.06
56206.6	65964.5	3721.64
56216.5	65964.5	3711.78
56227.9	65964.5	3703.78
56240.5	65964.5	3697.89
57364.8	65964.5	3822.03
57376.9	65964.5	3820.96
57389.1	65964.5	3822.03
57400.9	65964.5	3825.19
57411.9	65964.5	3830.34
57421.9	65964.5	3837.34
57430.5	65964.5	3845.97
57437.5	65964.5	3855.96
57442.7	65964.5	3867.02
57445.9	65964.5	3878.81
57446.9	65964.5	3890.96
57445.9	65964.5	3903.12
57442.7	65964.5	3914.91
57437.5	65964.5	3925.96
57430.5	65964.5	3935.96
57421.9	65964.5	3944.59
57411.9	65964.5	3951.59
57400.9	65964.5	3956.74
57389.1	65964.5	3959.9
57376.9	65964.5	3960.96
57364.8	65964.5	3959.9
57353	65964.5	3956.74
57341.9	65964.5	3951.59
57331.9	65964.5	3944.59
57323.3	65964.5	3935.96
57316.3	65964.5	3925.96
57311.1	65964.5	3914.91
57308	65964.5	3903.12
57306.9	65964.5	3890.96
57308	65964.5	3878.81
57311.1	65964.5	3867.02
57316.3	65964.5	3855.96
57323.3	65964.5	3845.97
57331.9	65964.5	3837.34
57341.9	65964.5	3830.34
57353	65964.5	3825.19
55984.5	65964.5	3696.77
55998.4	65964.5	3695.56
56012.3	65964.5	3696.77
56025.8	65964.5	3700.38
56038.4	65964.5	3706.27
56049.8	65964.5	3714.27
56059.7	65964.5	3724.13
56067.7	65964.5	3735.56
56073.6	65964.5	3748.2
56077.2	65964.5	3761.67
56078.4	65964.5	3775.56
56077.2	65964.5	3789.45
56073.6	65964.5	3802.92
56067.7	65964.5	3815.56
56059.7	65964.5	3826.98
56049.8	65964.5	3836.84
56038.4	65964.5	3844.84
56025.8	65964.5	3850.73
56012.3	65964.5	3854.34
55998.4	65964.5	3855.56
55984.5	65964.5	3854.34
55971.1	65964.5	3850.73
55958.4	65964.5	3844.84
55947	65964.5	3836.84
55937.1	65964.5	3826.98
55929.1	65964.5	3815.56
55923.3	65964.5	3802.92
55919.6	65964.5	3789.45
55918.4	65964.5	3775.56
55919.6	65964.5	3761.67
55923.3	65964.5	3748.2
55929.1	65964.5	3735.56
55937.1	65964.5	3724.13
55947	65964.5	3714.27
55958.4	65964.5	3706.27
55971.1	65964.5	3700.38
56994.4	65964.5	3822.6
57006.6	65964.5	3821.54
57018.7	65964.5	3822.6
57030.5	65964.5	3825.76
57041.6	65964.5	3830.92
57051.6	65964.5	3837.92
57060.2	65964.5	3846.54
57067.2	65964.5	3856.54
57072.3	65964.5	3867.6
57075.5	65964.5	3879.38
57076.6	65964.5	3891.54
57075.5	65964.5	3903.69
57072.3	65964.5	3915.48
57067.2	65964.5	3926.54
57060.2	65964.5	3936.53
57051.6	65964.5	3945.16
57041.6	65964.5	3952.16
57030.5	65964.5	3957.32
57018.7	65964.5	3960.48
57006.6	65964.5	3961.54
56994.4	65964.5	3960.48
56982.6	65964.5	3957.32
56971.6	65964.5	3952.16
56961.6	65964.5	3945.16
56952.9	65964.5	3936.53
56945.9	65964.5	3926.54
56940.8	65964.5	3915.48
56937.6	65964.5	3903.69
56936.6	65964.5	3891.54
56937.6	65964.5	3879.38
56940.8	65964.5	3867.6
56945.9	65964.5	3856.54
56952.9	65964.5	3846.54
56961.6	65964.5	3837.92
56971.6	65964.5	3830.92
56982.6	65964.5	3825.76

#	Triangle	203
2	5	4	0	5	2	3	1	235	6	1	3	237	12	9	238	12	237	240	15	243	14	15	240
7	12	8	12	5	8	12	11	5	11	13	5	13	4	5	7	9	12	10	13	11	7	10	9	7	19	10	19	18	10	18	17	10	17	163	10	163	162	10	162	161	10	161	90	10	90	89	10	89	13	10	124	13	89	161	91	90	123	13	124	196	91	161	195	91	196	195	92	91	122	13	123	17	164	163	194	92	195	194	93	92	121	13	122	52	164	17	51	164	52	51	165	164	193	93	194	7	20	19	50	165	51	7	21	20	49	165	50	193	94	93	120	13	121	49	166	165	192	94	193	7	22	21	48	166	49	7	23	22	47	166	48	192	95	94	119	13	120	47	167	166	191	95	192	7	24	23	46	167	47	191	96	95	118	13	119	7	25	24	45	167	46	45	168	167	190	96	191	7	26	25	44	168	45	190	97	96	117	13	118	44	169	168	189	97	190	7	27	26	43	169	44	7	28	27	42	169	43	189	98	97	116	13	117	42	170	169	188	98	189	7	29	28	41	170	42	7	30	29	40	170	41	188	99	98	115	13	116	40	171	170	187	99	188	7	31	30	39	171	40	7	32	31	38	171	39	187	100	99	114	125	115	125	13	115	7	33	32	37	171	38	37	172	171	186	100	187	7	34	33	36	172	37	7	35	34	35	172	36	7	172	35	186	101	100	113	125	114	7	173	172	185	101	186	185	102	101	112	197	113	197	125	113	7	174	173	184	102	185	197	126	125	160	13	125	112	198	197	232	126	197	232	127	126	159	13	160	112	199	198	231	127	232	184	103	102	111	199	112	231	128	127	158	13	159	111	200	199	230	128	231	7	175	174	183	103	184	230	129	128	157	13	158	111	201	200	229	129	230	183	104	103	110	201	111	7	176	175	182	104	183	229	130	129	156	13	157	110	202	201	228	130	229	182	105	104	109	202	110	7	177	176	181	105	182	228	131	130	155	13	156	109	203	202	227	131	228	181	106	105	108	203	109	7	178	177	180	106	181	180	107	106	107	203	108	180	203	107	7	179	178	179	203	180	7	54	179	54	53	179	53	203	179	227	132	131	154	13	155	53	204	203	226	132	227	226	133	132	153	13	154	53	205	204	225	133	226	88	205	53	7	55	54	87	205	88	7	56	55	86	205	87	7	57	56	85	205	86	7	58	57	84	205	85	225	134	133	152	13	153	84	206	205	224	134	225	7	59	58	83	206	84	7	60	59	82	206	83	224	135	134	151	13	152	82	207	206	223	135	224	7	61	60	81	207	82	7	62	61	80	207	81	223	136	135	150	13	151	80	208	207	222	136	223	7	63	62	79	208	80	7	64	63	78	208	79	222	137	136	149	13	150	78	209	208	221	137	222	7	65	64	77	209	78	7	66	65	76	209	77	221	138	137	148	13	149	76	210	209	220	138	221	7	67	66	75	210	76	7	68	67	74	210	75	220	139	138	147	13	148	74	211	210	219	139	220	7	69	68	73	211	74	7	70	69	72	211	73	7	71	70	71	211	72	7	211	71	219	140	139	146	14	147	14	13	147	7	212	211	218	140	219	146	15	14	16	4	13	218	141	140	145	15	146	7	213	212	217	141	218	217	142	141	144	15	145	7	214	213	216	142	217	216	143	142	143	15	144	7	215	214	215	143	216	215	15	143	7	15	215	7	16	15	7	3	16	3	4	16	7	6	3
8	233	7	234	233	8	239	10	11	236	10	239	242	13	241	16	13	242
2	241	0	241	239	0	239	234	0	239	238	234	238	233	234	241	236	239	237	233	238	241	237	236	241	317	237	317	316	237	316	389	237	389	388	237	388	423	237	423	245	237	245	244	237	244	279	237	279	233	237	241	318	317	241	319	318	351	389	316	351	390	389	351	391	390	241	320	319	350	391	351	350	392	391	422	245	423	241	321	320	349	392	350	422	246	245	422	247	246	349	393	392	421	247	422	421	248	247	278	233	279	421	249	248	277	233	278	241	322	321	348	393	349	348	394	393	420	249	421	420	250	249	276	233	277	420	251	250	275	233	276	241	323	322	347	394	348	347	395	394	419	251	420	419	252	251	274	233	275	241	324	323	346	395	347	419	253	252	273	233	274	346	396	395	418	253	419	418	254	253	272	233	273	241	325	324	345	396	346	345	397	396	417	254	418	417	255	254	271	233	272	417	256	255	270	233	271	241	326	325	344	397	345	344	398	397	416	256	417	416	257	256	269	233	270	416	258	257	268	233	269	241	327	326	343	398	344	343	399	398	415	258	416	415	259	258	267	233	268	415	260	259	266	233	267	241	353	327	353	328	327	342	399	343	415	261	260	265	233	266	342	400	399	414	261	415	414	262	261	264	233	265	414	263	262	263	233	264	414	233	263	353	329	328	341	400	342	341	401	400	413	233	414	353	425	329	425	330	329	340	401	341	340	402	401	412	233	413	241	354	353	352	425	353	352	426	425	424	330	425	241	355	354	387	426	352	387	427	426	459	330	424	459	331	330	339	402	340	241	356	355	386	427	387	386	428	427	458	331	459	339	403	402	411	233	412	241	357	356	385	428	386	385	429	428	457	331	458	457	332	331	338	403	339	338	404	403	410	233	411	241	358	357	384	429	385	384	430	429	456	332	457	456	333	332	337	404	338	337	405	404	409	233	410	241	359	358	383	430	384	383	431	430	455	333	456	455	334	333	336	405	337	336	406	405	408	233	409	455	335	334	335	406	336	455	406	335	455	407	406	407	233	408	455	281	407	281	280	407	280	233	407	241	360	359	382	431	383	382	432	431	454	281	455	241	361	360	381	432	382	381	433	432	453	281	454	453	282	281	453	283	282	315	233	280	453	284	283	314	233	315	453	285	284	313	233	314	453	286	285	312	233	313	241	362	361	380	433	381	380	434	433	452	286	453	452	287	286	311	233	312	452	288	287	310	233	311	241	363	362	379	434	380	379	435	434	451	288	452	451	289	288	309	233	310	451	290	289	308	233	309	241	364	363	378	435	379	378	436	435	450	290	451	450	291	290	307	233	308	450	292	291	306	233	307	241	365	364	377	436	378	377	437	436	449	292	450	449	293	292	305	233	306	449	294	293	304	233	305	241	366	365	376	437	377	376	438	437	448	294	449	448	295	294	303	233	304	448	296	295	302	233	303	241	367	366	375	438	376	375	439	438	447	296	448	447	297	296	301	233	302	447	298	297	300	233	301	447	299	298	299	233	300	447	233	299	241	240	367	240	368	367	374	439	375	374	440	439	446	233	447	2	242	241	243	368	240	243	369	368	373	440	374	373	441	440	445	233	446	243	370	369	372	441	373	372	442	441	444	233	445	243	371	370	371	442	372	371	443	442	443	233	444	243	443	371	243	233	443	2	243	242	2	235	243	235	233	243	1	233	235
0	8	5	234	8	0	236	9	10	237	9	236	243	16	242	15	16	243
6	233	1	7	233	6	235	4	3	2	4	235	238	11	12	239	11	238	241	14	240	13	14	241
245	18	244	17	18	245
244	19	279	18	19	244
279	20	278	19	20	279
278	21	277	20	21	278
277	22	276	21	22	277
276	23	275	22	23	276
275	24	274	23	24	275
274	25	273	24	25	274
273	26	272	25	26	273
272	27	271	26	27	272
271	28	270	27	28	271
270	29	269	28	29	270
269	30	268	29	30	269
268	31	267	30	31	268
267	32	266	31	32	267
266	33	265	32	33	266
265	34	264	33	34	265
264	35	263	34	35	264
263	36	262	35	36	263
262	37	261	36	37	262
261	38	260	37	38	261
260	39	259	38	39	260
259	40	258	39	40	259
258	41	257	40	41	258
257	42	256	41	42	257
256	43	255	42	43	256
255	44	254	43	44	255
254	45	253	44	45	254
253	46	252	45	46	253
252	47	251	46	47	252
251	48	250	47	48	251
250	49	249	48	49	250
249	50	248	49	50	249
248	51	247	50	51	248
247	52	246	51	52	247
246	17	245	52	17	246
281	54	280	53	54	281
280	55	315	54	55	280
315	56	314	55	56	315
314	57	313	56	57	314
313	58	312	57	58	313
312	59	311	58	59	312
311	60	310	59	60	311
310	61	309	60	61	310
309	62	308	61	62	309
308	63	307	62	63	308
307	64	306	63	64	307
306	65	305	64	65	306
305	66	304	65	66	305
304	67	303	66	67	304
303	68	302	67	68	303
302	69	301	68	69	302
301	70	300	69	70	301
300	71	299	70	71	300
299	72	298	71	72	299
298	73	297	72	73	298
297	74	296	73	74	297
296	75	295	74	75	296
295	76	294	75	76	295
294	77	293	76	77	294
293	78	292	77	78	293
292	79	291	78	79	292
291	80	290	79	80	291
290	81	289	80	81	290
289	82	288	81	82	289
288	83	287	82	83	288
287	84	286	83	84	287
286	85	285	84	85	286
285	86	284	85	86	285
284	87	283	86	87	284
283	88	282	87	88	283
282	53	281	88	53	282
317	90	316	89	90	317
316	91	351	90	91	316
351	92	350	91	92	351	423	164	422	163	164	423
350	93	349	92	93	350
349	94	348	93	94	349
348	95	347	94	95	348
347	96	346	95	96	347
346	97	345	96	97	346	418	169	417	168	169	418
345	98	344	97	98	345	417	170	416	169	170	417
344	99	343	98	99	344	416	171	415	170	171	416
343	100	342	99	100	343
342	101	341	100	101	342
341	102	340	101	102	341
340	103	339	102	103	340
339	104	338	103	104	339
338	105	337	104	105	338	410	177	409	176	177	410
337	106	336	105	106	337
336	107	335	106	107	336
335	108	334	107	108	335
334	109	333	108	109	334
333	110	332	109	110	333
332	111	331	110	111	332	404	183	403	182	183	404
331	112	330	111	112	331
330	113	329	112	113	330
329	114	328	113	114	329
328	115	327	114	115	328
327	116	326	115	116	327
326	117	325	116	117	326
325	118	324	117	118	325	397	190	396	189	190	397
324	119	323	118	119	324
323	120	322	119	120	323
322	121	321	120	121	322
321	122	320	121	122	321	393	194	392	193	194	393
320	123	319	122	123	320
319	124	318	123	124	319
318	89	317	124	89	318
353	126	352	125	126	353
352	127	387	126	127	352
387	128	386	127	128	387
386	129	385	128	129	386
385	130	384	129	130	385
384	131	383	130	131	384
383	132	382	131	132	383	455	204	454	203	204	455
382	133	381	132	133	382
381	134	380	133	134	381
380	135	379	134	135	380
379	136	378	135	136	379
378	137	377	136	137	378	450	209	449	208	209	450
377	138	376	137	138	377
376	139	375	138	139	376
375	140	374	139	140	375
374	141	373	140	141	374	446	213	445	212	213	446
373	142	372	141	142	373
372	143	371	142	143	372
371	144	370	143	144	371	443	216	442	215	216	443
370	145	369	144	145	370
369	146	368	145	146	369	441	218	440	217	218	441
368	147	367	146	147	368	440	219	439	218	219	440
367	148	366	147	148	367
366	149	365	148	149	366	438	221	437	220	221	438
365	150	364	149	150	365	437	222	436	221	222	437
364	151	363	150	151	364
363	152	362	151	152	363
362	153	361	152	153	362
361	154	360	153	154	361
360	155	359	154	155	360	432	227	431	226	227	432
359	156	358	155	156	359	431	228	430	227	228	431
358	157	357	156	157	358
357	158	356	157	158	357
356	159	355	158	159	356
355	160	354	159	160	355
354	125	353	160	125	354	426	197	425	232	197	426
389	162	388	161	162	389
388	163	423	162	163	388
422	165	421	164	165	422
421	166	420	165	166	421
420	167	419	166	167	420
419	168	418	167	168	419
415	172	414	171	172	415
414	173	413	172	173	414
413	174	412	173	174	413
412	175	411	174	175	412
411	176	410	175	176	411
409	178	408	177	178	409
408	179	407	178	179	408
407	180	406	179	180	407
406	181	405	180	181	406
405	182	404	181	182	405
403	184	402	183	184	403
402	185	401	184	185	402
401	186	400	185	186	401
400	187	399	186	187	400
399	188	398	187	188	399
398	189	397	188	189	398
396	191	395	190	191	396
395	192	394	191	192	395
394	193	393	192	193	394
392	195	391	194	195	392
391	196	390	195	196	391
390	161	389	196	161	390
425	198	424	197	198	425
424	199	459	198	199	424
459	200	458	199	200	459
458	201	457	200	201	458
457	202	456	201	202	457
456	203	455	202	203	456
454	205	453	204	205	454
453	206	452	205	206	453
452	207	451	206	207	452
451	208	450	207	208	451
449	210	448	209	210	449
448	211	447	210	211	448
447	212	446	211	212	447
445	214	444	213	214	445
444	215	443	214	215	444
442	217	441	216	217	442
439	220	438	219	220	439
436	223	435	222	223	436
435	224	434	223	224	435
434	225	433	224	225	434
433	226	432	225	226	433
430	229	429	228	229	430
429	230	428	229	230	429
428	231	427	230	231	428
427	232	426	231	232	427

#	Normal	203
-1	-0	-0
0	-1	0
1	0	0
0	1	-0
0	0	1
0	0	-1
-0.087167	0	-0.996194
-0.258786	0	-0.965935
-0.422596	0	-0.906318
-0.573546	0	-0.819173
-0.70734	0	-0.706873
-0.819105	0	-0.573644
-0.906241	0	-0.422761
-0.965891	0	-0.258949
-0.996195	0	-0.087148
-0.996195	0	0.087148
-0.965891	0	0.258949
-0.906241	0	0.422761
-0.819094	0	0.573659
-0.70734	0	0.706873
-0.573546	0	0.819173
-0.422621	0	0.906306
-0.258757	0	0.965942
-0.0871978	0	0.996191
0.0871546	-0	0.996195
0.258881	-0	0.965909
0.422621	-0	0.906306
0.573546	-0	0.819173
0.707091	-0	0.707122
0.819094	-0	0.573659
0.906241	-0	0.422761
0.966016	-0	0.258484
0.996195	-0	0.087148
0.996195	0	-0.087148
0.966016	0	-0.258484
0.906241	0	-0.422761
0.819105	0	-0.573644
0.707091	0	-0.707122
0.573546	0	-0.819173
0.422596	0	-0.906318
0.25891	0	-0.965901
0.0871237	0	-0.996197
-0.0871373	0	-0.996196
-0.258736	0	-0.965948
-0.422748	0	-0.906247
-0.573507	0	-0.8192
-0.7072	0	-0.707013
-0.819099	0	-0.573653
-0.906357	0	-0.422513
-0.965942	0	-0.25876
-0.996187	0	-0.0872485
-0.996187	0	0.0872485
-0.965942	0	0.25876
-0.906357	0	0.422513
-0.819099	0	0.573653
-0.707181	0	0.707032
-0.573507	0	0.8192
-0.422779	0	0.906233
-0.258701	0	0.965957
-0.0871744	0	0.996193
0.0871744	-0	0.996193
0.258851	-0	0.965917
0.42255	-0	0.90634
0.573507	-0	0.8192
0.707181	-0	0.707032
0.819099	-0	0.573653
0.906357	-0	0.422513
0.965942	-0	0.25876
0.996187	-0	0.0872485
0.996187	0	-0.0872485
0.965942	0	-0.25876
0.906357	0	-0.422513
0.819099	0	-0.573653
0.7072	0	-0.707013
0.573507	0	-0.8192
0.42252	0	-0.906354
0.258885	0	-0.965908
0.0871373	0	-0.996196
-0.0871531	0	-0.996195
-0.258832	0	-0.965922
-0.42266	0	-0.906288
-0.573486	0	-0.819215
-0.707151	0	-0.707063
-0.819097	0	-0.573655
-0.906384	0	-0.422455
-0.965923	0	-0.258831
-0.996198	0	-0.0871176
-0.996198	0	0.0871176
-0.965924	0	0.258826
-0.906381	0	0.422462
-0.819103	0	0.573647
-0.707151	0	0.707063
-0.573486	0	0.819215
-0.42266	0	0.906288
-0.258832	0	0.965922
-0.0871357	0	0.996196
0.08716	-0	0.996194
0.258832	-0	0.965922
0.422553	-0	0.906338
0.573617	-0	0.819123
0.707151	-0	0.707063
0.819103	-0	0.573647
0.906381	-0	0.422462
0.965924	-0	0.258826
0.996174	-0	0.0873956
0.996174	0	-0.0873956
0.965923	0	-0.258831
0.906384	0	-0.422455
0.819097	0	-0.573655
0.707151	0	-0.707063
0.573617	0	-0.819123
0.422553	0	-0.906338
0.258832	0	-0.965922
0.0871774	0	-0.996193
-0.0871511	0	-0.996195
-0.258829	0	-0.965923
-0.42262	0	-0.906307
-0.573532	0	-0.819183
-0.707077	0	-0.707137
-0.819251	0	-0.573435
-0.906322	0	-0.422588
-0.965882	0	-0.258982
-0.996202	0	-0.0870769
-0.996201	0	0.0870786
-0.965883	0	0.258977
-0.906322	0	0.422588
-0.819251	0	0.573435
-0.707067	0	0.707147
-0.573532	0	0.819183
-0.42262	0	0.906307
-0.258848	0	0.965918
-0.0871511	0	0.996195
0.0871511	-0	0.996195
0.258848	-0	0.965918
0.42262	-0	0.906307
0.573532	-0	0.819183
0.707227	-0	0.706987
0.8191	-0	0.57365
0.906322	-0	0.422588
0.965883	-0	0.258977
0.996201	-0	0.0870786
0.996202	0	-0.0870769
0.965882	0	-0.258982
0.906322	0	-0.422588
0.8191	0	-0.57365
0.707237	0	-0.706977
0.573532	0	-0.819183
0.42262	0	-0.906307
0.258829	0	-0.965923
0.0871511	0	-0.996195
-0.08716	0	-0.996194
-0.258762	0	-0.965941
-0.573617	0	-0.819123
-0.70701	0	-0.707203
-0.819234	0	-0.573459
-0.906277	0	-0.422685
-0.965923	0	0.258831
-0.906277	0	0.422685
-0.819229	0	0.573467
-0.70701	0	0.707203
-0.573617	0	0.819123
-0.258762	0	0.965941
-0.0871774	0	0.996193
0.0871774	-0	0.996193
0.258762	-0	0.965941
0.42266	-0	0.906288
0.70701	-0	0.707203
0.819229	-0	0.573467
0.906277	-0	0.422685
0.965923	-0	0.258831
0.996198	-0	0.0871176
0.996198	0	-0.0871176
0.906277	0	-0.422685
0.819234	0	-0.573459
0.70701	0	-0.707203
0.42266	0	-0.906288
0.258762	0	-0.965941
0.08716	0	-0.996194
-0.0871789	0	-0.996193
-0.258768	0	-0.965939
-0.422604	0	-0.906314
-0.573696	0	-0.819068
-0.707067	0	-0.707147
-0.8191	0	-0.57365
-0.965963	0	-0.258679
-0.996174	0	-0.0873963
-0.996174	0	0.0873945
-0.965962	0	0.258684
-0.8191	0	0.57365
-0.707077	0	0.707137
-0.573683	0	0.819078
-0.258749	0	0.965944
-0.0871789	0	0.996193
0.258829	-0	0.965923
0.707077	-0	0.707137
0.965962	-0	0.258684
0.996202	-0	0.0870769
0.996201	0	-0.0870786
0.965963	0	-0.258679
0.707067	0	-0.707147
0.573546	0	-0.819174
0.422604	0	-0.906314
0.258848	0	-0.965918

#	Mesh	0	End

