#	Mesh	0	Begin

#	Vertex	232
61918.3	51864.5	-50
61918.3	51864.5	4550
62118.3	51864.5	4550
62118.3	51864.5	-50
62118.3	59564.5	4550
62118.3	56896.2	4550
62118.3	56896.2	3950
62118.3	58246.2	3950
62118.3	58246.2	4550
62118.3	59564.5	-50
62118.3	59374.5	4034.16
62118.3	59380	4034.64
62118.3	59385.3	4036.06
62118.3	59390.3	4038.38
62118.3	59394.8	4041.53
62118.3	59398.7	4045.41
62118.3	59401.8	4049.91
62118.3	59404.1	4054.88
62118.3	59405.5	4060.19
62118.3	59406	4065.66
62118.3	59405.5	4071.13
62118.3	59404.1	4076.43
62118.3	59401.8	4081.41
62118.3	59398.7	4085.9
62118.3	59394.8	4089.79
62118.3	59390.3	4092.94
62118.3	59385.3	4095.26
62118.3	59380	4096.68
62118.3	59374.5	4097.16
62118.3	59369.1	4096.68
62118.3	59363.8	4095.26
62118.3	59358.8	4092.94
62118.3	59354.3	4089.79
62118.3	59350.4	4085.9
62118.3	59347.2	4081.41
62118.3	59344.9	4076.43
62118.3	59343.5	4071.13
62118.3	59343	4065.66
62118.3	59343.5	4060.19
62118.3	59344.9	4054.88
62118.3	59347.2	4049.91
62118.3	59350.4	4045.41
62118.3	59354.3	4041.53
62118.3	59358.8	4038.38
62118.3	59363.8	4036.06
62118.3	59369.1	4034.64
62118.3	59094.1	3995.23
62118.3	59106.2	3996.29
62118.3	59118	3999.45
62118.3	59129.1	4004.61
62118.3	59139.1	4011.61
62118.3	59147.7	4020.24
62118.3	59154.7	4030.23
62118.3	59159.9	4041.29
62118.3	59163	4053.08
62118.3	59164.1	4065.23
62118.3	59163	4077.39
62118.3	59159.9	4089.17
62118.3	59154.7	4100.23
62118.3	59147.7	4110.23
62118.3	59139.1	4118.85
62118.3	59129.1	4125.85
62118.3	59118	4131.01
62118.3	59106.2	4134.17
62118.3	59094.1	4135.23
62118.3	59081.9	4134.17
62118.3	59070.1	4131.01
62118.3	59059.1	4125.85
62118.3	59049.1	4118.85
62118.3	59040.5	4110.23
62118.3	59033.5	4100.23
62118.3	59028.3	4089.17
62118.3	59025.1	4077.39
62118.3	59024.1	4065.23
62118.3	59025.1	4053.08
62118.3	59028.3	4041.29
62118.3	59033.5	4030.23
62118.3	59040.5	4020.24
62118.3	59049.1	4011.61
62118.3	59059.1	4004.61
62118.3	59070.1	3999.45
62118.3	59081.9	3996.29
62118.3	58833.5	3994.72
62118.3	58845.7	3995.79
62118.3	58857.5	3998.95
62118.3	58868.5	4004.1
62118.3	58878.5	4011.1
62118.3	58887.2	4019.73
62118.3	58894.1	4029.72
62118.3	58899.3	4040.78
62118.3	58902.5	4052.57
62118.3	58903.5	4064.72
62118.3	58902.5	4076.88
62118.3	58899.3	4088.67
62118.3	58894.1	4099.72
62118.3	58887.2	4109.72
62118.3	58878.5	4118.35
62118.3	58868.5	4125.35
62118.3	58857.5	4130.5
62118.3	58845.7	4133.66
62118.3	58833.5	4134.72
62118.3	58821.4	4133.66
62118.3	58809.6	4130.5
62118.3	58798.5	4125.35
62118.3	58788.5	4118.35
62118.3	58779.9	4109.72
62118.3	58772.9	4099.72
62118.3	58767.8	4088.67
62118.3	58764.6	4076.88
62118.3	58763.5	4064.72
62118.3	58764.6	4052.57
62118.3	58767.8	4040.78
62118.3	58772.9	4029.72
62118.3	58779.9	4019.73
62118.3	58788.5	4011.1
62118.3	58798.5	4004.1
62118.3	58809.6	3998.95
62118.3	58821.4	3995.79
61918.3	59564.5	4550
61918.3	59564.5	-50
61918.3	58246.2	4550
61918.3	58246.2	3950
61918.3	56896.2	3950
61918.3	56896.2	4550
61918.3	59380	4034.64
61918.3	59374.5	4034.16
61918.3	59369.1	4034.64
61918.3	59363.8	4036.06
61918.3	59358.8	4038.38
61918.3	59354.3	4041.53
61918.3	59350.4	4045.41
61918.3	59347.2	4049.91
61918.3	59344.9	4054.88
61918.3	59343.5	4060.19
61918.3	59343	4065.66
61918.3	59343.5	4071.13
61918.3	59344.9	4076.43
61918.3	59347.2	4081.41
61918.3	59350.4	4085.9
61918.3	59354.3	4089.79
61918.3	59358.8	4092.94
61918.3	59363.8	4095.26
61918.3	59369.1	4096.68
61918.3	59374.5	4097.16
61918.3	59380	4096.68
61918.3	59385.3	4095.26
61918.3	59390.3	4092.94
61918.3	59394.8	4089.79
61918.3	59398.7	4085.9
61918.3	59401.8	4081.41
61918.3	59404.1	4076.43
61918.3	59405.5	4071.13
61918.3	59406	4065.66
61918.3	59405.5	4060.19
61918.3	59404.1	4054.88
61918.3	59401.8	4049.91
61918.3	59398.7	4045.41
61918.3	59394.8	4041.53
61918.3	59390.3	4038.38
61918.3	59385.3	4036.06
61918.3	59106.2	3996.29
61918.3	59094.1	3995.23
61918.3	59081.9	3996.29
61918.3	59070.1	3999.45
61918.3	59059.1	4004.61
61918.3	59049.1	4011.61
61918.3	59040.5	4020.24
61918.3	59033.5	4030.23
61918.3	59028.3	4041.29
61918.3	59025.1	4053.08
61918.3	59024.1	4065.23
61918.3	59025.1	4077.39
61918.3	59028.3	4089.17
61918.3	59033.5	4100.23
61918.3	59040.5	4110.23
61918.3	59049.1	4118.85
61918.3	59059.1	4125.85
61918.3	59070.1	4131.01
61918.3	59081.9	4134.17
61918.3	59094.1	4135.23
61918.3	59106.2	4134.17
61918.3	59118	4131.01
61918.3	59129.1	4125.85
61918.3	59139.1	4118.85
61918.3	59147.7	4110.23
61918.3	59154.7	4100.23
61918.3	59159.9	4089.17
61918.3	59163	4077.39
61918.3	59164.1	4065.23
61918.3	59163	4053.08
61918.3	59159.9	4041.29
61918.3	59154.7	4030.23
61918.3	59147.7	4020.24
61918.3	59139.1	4011.61
61918.3	59129.1	4004.61
61918.3	59118	3999.45
61918.3	58845.7	3995.79
61918.3	58833.5	3994.72
61918.3	58821.4	3995.79
61918.3	58809.6	3998.95
61918.3	58798.5	4004.1
61918.3	58788.5	4011.1
61918.3	58779.9	4019.73
61918.3	58772.9	4029.72
61918.3	58767.8	4040.78
61918.3	58764.6	4052.57
61918.3	58763.5	4064.72
61918.3	58764.6	4076.88
61918.3	58767.8	4088.67
61918.3	58772.9	4099.72
61918.3	58779.9	4109.72
61918.3	58788.5	4118.35
61918.3	58798.5	4125.35
61918.3	58809.6	4130.5
61918.3	58821.4	4133.66
61918.3	58833.5	4134.72
61918.3	58845.7	4133.66
61918.3	58857.5	4130.5
61918.3	58868.5	4125.35
61918.3	58878.5	4118.35
61918.3	58887.2	4109.72
61918.3	58894.1	4099.72
61918.3	58899.3	4088.67
61918.3	58902.5	4076.88
61918.3	58903.5	4064.72
61918.3	58902.5	4052.57
61918.3	58899.3	4040.78
61918.3	58894.1	4029.72
61918.3	58887.2	4019.73
61918.3	58878.5	4011.1
61918.3	58868.5	4004.1
61918.3	58857.5	3998.95

#	Triangle	88
0	2	1	3	2	0	121	8	120	7	8	121
4	17	9	17	16	9	16	15	9	15	14	9	14	13	9	13	12	9	12	11	9	11	10	9	10	51	9	51	50	9	50	49	9	49	48	9	48	47	9	47	46	9	46	82	9	82	3	9	82	7	3	7	6	3	6	2	3	82	117	7	117	116	7	116	115	7	115	114	7	114	8	7	5	2	6	46	83	82	81	83	46	81	84	83	80	84	81	80	85	84	79	85	80	79	86	85	78	86	79	78	87	86	113	8	114	77	87	78	77	88	87	112	8	113	10	52	51	76	88	77	76	89	88	111	8	112	10	53	52	75	89	76	45	53	10	44	53	45	43	53	44	42	53	43	75	90	89	110	8	111	42	54	53	74	90	75	41	54	42	40	54	41	39	54	40	74	91	90	109	8	110	39	55	54	73	91	74	4	18	17	38	55	39	4	19	18	37	55	38	73	92	91	108	8	109	37	56	55	72	92	73	4	20	19	36	56	37	4	21	20	35	56	36	4	22	21	34	56	35	72	93	92	107	8	108	34	57	56	71	93	72	4	23	22	33	57	34	4	24	23	32	57	33	71	94	93	106	8	107	32	58	57	70	94	71	4	25	24	31	58	32	4	26	25	30	58	31	4	27	26	29	58	30	4	28	27	28	58	29	4	58	28	70	95	94	105	8	106	4	59	58	69	95	70	69	96	95	104	8	105	4	60	59	68	96	69	68	97	96	103	8	104	4	61	60	67	97	68	67	98	97	102	8	103	4	62	61	66	98	67	66	99	98	101	8	102	4	63	62	65	99	66	65	100	99	100	8	101	4	64	63	64	100	65	64	8	100	4	8	64
9	118	4	119	118	9	123	6	122	5	6	123
1	119	0	1	122	119	122	121	119	121	197	119	197	161	119	161	160	119	160	195	119	195	194	119	194	193	119	193	192	119	192	125	119	125	124	119	124	159	119	159	158	119	158	157	119	157	156	119	156	155	119	155	154	119	154	118	119	1	123	122	120	201	121	201	200	121	200	199	121	199	198	121	198	197	121	196	161	197	196	162	161	231	162	196	231	163	162	230	163	231	230	164	163	229	164	230	229	165	164	120	202	201	228	165	229	228	166	165	120	203	202	227	166	228	227	167	166	191	125	192	120	204	203	226	167	227	226	168	167	190	125	191	190	126	125	190	127	126	190	128	127	190	129	128	120	205	204	225	168	226	225	169	168	189	129	190	189	130	129	189	131	130	189	132	131	120	206	205	224	169	225	224	170	169	188	132	189	188	133	132	153	118	154	188	134	133	152	118	153	120	207	206	223	170	224	223	171	170	187	134	188	187	135	134	151	118	152	187	136	135	150	118	151	187	137	136	149	118	150	120	208	207	222	171	223	222	172	171	186	137	187	186	138	137	148	118	149	186	139	138	147	118	148	120	209	208	221	172	222	221	173	172	185	139	186	185	140	139	146	118	147	185	141	140	145	118	146	185	142	141	144	118	145	185	143	142	143	118	144	185	118	143	120	210	209	220	173	221	220	174	173	184	118	185	120	211	210	219	174	220	219	175	174	183	118	184	120	212	211	218	175	219	218	176	175	182	118	183	120	213	212	217	176	218	217	177	176	181	118	182	120	214	213	216	177	217	216	178	177	180	118	181	120	215	214	215	178	216	215	179	178	179	118	180	120	179	215	120	118	179
0	9	3	119	9	0
8	118	120	4	118	8	123	2	5	1	2	123	122	7	121	6	7	122
125	11	124	10	11	125
124	12	159	11	12	124
159	13	158	12	13	159
158	14	157	13	14	158
157	15	156	14	15	157
156	16	155	15	16	156
155	17	154	16	17	155
154	18	153	17	18	154
153	19	152	18	19	153
152	20	151	19	20	152
151	21	150	20	21	151
150	22	149	21	22	150
149	23	148	22	23	149
148	24	147	23	24	148
147	25	146	24	25	147
146	26	145	25	26	146
145	27	144	26	27	145
144	28	143	27	28	144
143	29	142	28	29	143
142	30	141	29	30	142
141	31	140	30	31	141
140	32	139	31	32	140
139	33	138	32	33	139
138	34	137	33	34	138
137	35	136	34	35	137
136	36	135	35	36	136
135	37	134	36	37	135
134	38	133	37	38	134
133	39	132	38	39	133
132	40	131	39	40	132
131	41	130	40	41	131
130	42	129	41	42	130
129	43	128	42	43	129
128	44	127	43	44	128
127	45	126	44	45	127
126	10	125	45	10	126
161	47	160	46	47	161	197	83	196	82	83	197
160	48	195	47	48	160	196	84	231	83	84	196
195	49	194	48	49	195	231	85	230	84	85	231
194	50	193	49	50	194
193	51	192	50	51	193
192	52	191	51	52	192	228	88	227	87	88	228
191	53	190	52	53	191	227	89	226	88	89	227
190	54	189	53	54	190
189	55	188	54	55	189
188	56	187	55	56	188	224	92	223	91	92	224
187	57	186	56	57	187	223	93	222	92	93	223
186	58	185	57	58	186
185	59	184	58	59	185	221	95	220	94	95	221
184	60	183	59	60	184	220	96	219	95	96	220
183	61	182	60	61	183	219	97	218	96	97	219
182	62	181	61	62	182	218	98	217	97	98	218
181	63	180	62	63	181	217	99	216	98	99	217
180	64	179	63	64	180	216	100	215	99	100	216
179	65	178	64	65	179	215	101	214	100	101	215
178	66	177	65	66	178	214	102	213	101	102	214
177	67	176	66	67	177	213	103	212	102	103	213
176	68	175	67	68	176	212	104	211	103	104	212
175	69	174	68	69	175	211	105	210	104	105	211
174	70	173	69	70	174	210	106	209	105	106	210
173	71	172	70	71	173
172	72	171	71	72	172	208	108	207	107	108	208
171	73	170	72	73	171	207	109	206	108	109	207
170	74	169	73	74	170
169	75	168	74	75	169
168	76	167	75	76	168	204	112	203	111	112	204
167	77	166	76	77	167	203	113	202	112	113	203
166	78	165	77	78	166
165	79	164	78	79	165
164	80	163	79	80	164	200	116	199	115	116	200
163	81	162	80	81	163	199	117	198	116	117	199
162	46	161	81	46	162	198	82	197	117	82	198
230	86	229	85	86	230
229	87	228	86	87	229
226	90	225	89	90	226
225	91	224	90	91	225
222	94	221	93	94	222
209	107	208	106	107	209
206	110	205	109	110	206
205	111	204	110	111	205
202	114	201	113	114	202
201	115	200	114	115	201

#	Normal	88
-0	1	0
-1	0	0
-0	-1	-0
1	0	0
0	-0	1
0	0	-1
0	0.087167	-0.996194
0	0.258778	-0.965937
0	0.42261	-0.906311
0	0.573725	-0.819048
0	0.707085	-0.707129
0	0.819234	-0.573459
0	0.906321	-0.422591
0	0.965892	-0.258946
0	0.996164	-0.0875006
-0	0.996164	0.0875006
-0	0.965892	0.258946
-0	0.906321	0.422591
-0	0.819234	0.573459
-0	0.707085	0.707129
-0	0.573725	0.819048
-0	0.42261	0.906311
-0	0.258736	0.965948
-0	0.087167	0.996194
0	-0.0871052	0.996199
0	-0.258736	0.965948
0	-0.422883	0.906184
0	-0.573391	0.819282
0	-0.707085	0.707129
0	-0.819234	0.573459
0	-0.906321	0.422591
0	-0.965892	0.258946
0	-0.996226	0.0867946
0	-0.996226	-0.0867946
0	-0.965892	-0.258946
0	-0.906321	-0.422591
0	-0.819234	-0.573459
0	-0.707085	-0.707129
0	-0.573391	-0.819282
0	-0.422883	-0.906184
0	-0.258778	-0.965937
0	-0.0871052	-0.996199
0	0.0871511	-0.996195
0	0.258829	-0.965923
0	0.42262	-0.906307
0	0.573546	-0.819174
0	0.707067	-0.707147
0	0.819251	-0.573435
0	0.906322	-0.422588
0	0.965883	-0.258977
0	0.996201	-0.0870786
-0	0.996201	0.0870786
-0	0.965883	0.258977
-0	0.906326	0.42258
-0	0.819251	0.573435
-0	0.707067	0.707147
-0	0.573532	0.819183
-0	0.42262	0.906307
-0	0.258848	0.965918
-0	0.0871511	0.996195
0	-0.0871511	0.996195
0	-0.258848	0.965918
0	-0.42262	0.906307
0	-0.573532	0.819183
0	-0.707227	0.706987
0	-0.8191	0.57365
0	-0.906326	0.42258
0	-0.965883	0.258977
0	-0.996201	0.0870786
0	-0.996201	-0.0870786
0	-0.965883	-0.258977
0	-0.906322	-0.422588
0	-0.8191	-0.57365
0	-0.707227	-0.706987
0	-0.573546	-0.819174
0	-0.42262	-0.906307
0	-0.258829	-0.965923
0	-0.0871511	-0.996195
0	0.573532	-0.819183
0	0.707077	-0.707137
0	0.965882	-0.258982
0	0.996202	-0.0870769
-0	0.906322	0.422588
0	-0.906322	0.422588
0	-0.996202	-0.0870769
0	-0.965882	-0.258982
0	-0.707237	-0.706977
0	-0.573532	-0.819183

#	Mesh	0	End

