#	Mesh	0	Begin

#	Vertex	232
70518.3	59564.5	-50
70518.3	59564.5	4550
70318.3	59564.5	4550
70318.3	59564.5	-50
70318.3	51864.5	4550
70318.3	58246.2	4550
70318.3	58246.2	3950
70318.3	56896.2	3950
70318.3	56896.2	4550
70318.3	51864.5	-50
70318.3	59094.1	4005.43
70318.3	59079.3	4006.72
70318.3	59065	4010.56
70318.3	59051.6	4016.82
70318.3	59039.4	4025.32
70318.3	59029	4035.79
70318.3	59020.5	4047.93
70318.3	59014.2	4061.36
70318.3	59010.4	4075.67
70318.3	59009.1	4090.43
70318.3	59010.4	4105.19
70318.3	59014.2	4119.5
70318.3	59020.5	4132.93
70318.3	59029	4145.07
70318.3	59039.4	4155.54
70318.3	59051.6	4164.04
70318.3	59065	4170.3
70318.3	59079.3	4174.14
70318.3	59094.1	4175.43
70318.3	59108.8	4174.14
70318.3	59123.2	4170.3
70318.3	59136.6	4164.04
70318.3	59148.7	4155.54
70318.3	59159.2	4145.07
70318.3	59167.7	4132.93
70318.3	59174	4119.5
70318.3	59177.8	4105.19
70318.3	59179.1	4090.43
70318.3	59177.8	4075.67
70318.3	59174	4061.36
70318.3	59167.7	4047.93
70318.3	59159.2	4035.79
70318.3	59148.7	4025.32
70318.3	59136.6	4016.82
70318.3	59123.2	4010.56
70318.3	59108.8	4006.72
70318.3	58833.5	4004.92
70318.3	58818.8	4006.21
70318.3	58804.5	4010.05
70318.3	58791	4016.31
70318.3	58778.9	4024.81
70318.3	58768.4	4035.29
70318.3	58759.9	4047.42
70318.3	58753.7	4060.85
70318.3	58749.8	4075.16
70318.3	58748.5	4089.92
70318.3	58749.8	4104.68
70318.3	58753.7	4119
70318.3	58759.9	4132.42
70318.3	58768.4	4144.56
70318.3	58778.9	4155.04
70318.3	58791	4163.54
70318.3	58804.5	4169.8
70318.3	58818.8	4173.63
70318.3	58833.5	4174.92
70318.3	58848.3	4173.63
70318.3	58862.6	4169.8
70318.3	58876	4163.54
70318.3	58888.2	4155.04
70318.3	58898.6	4144.56
70318.3	58907.1	4132.42
70318.3	58913.4	4119
70318.3	58917.2	4104.68
70318.3	58918.5	4089.92
70318.3	58917.2	4075.16
70318.3	58913.4	4060.85
70318.3	58907.1	4047.42
70318.3	58898.6	4035.29
70318.3	58888.2	4024.81
70318.3	58876	4016.31
70318.3	58862.6	4010.05
70318.3	58848.3	4006.21
70318.3	59374.5	4059.37
70318.3	59369.1	4059.85
70318.3	59363.8	4061.27
70318.3	59358.8	4063.59
70318.3	59354.3	4066.74
70318.3	59350.4	4070.63
70318.3	59347.2	4075.12
70318.3	59344.9	4080.1
70318.3	59343.5	4085.4
70318.3	59343	4090.87
70318.3	59343.5	4096.34
70318.3	59344.9	4101.65
70318.3	59347.2	4106.62
70318.3	59350.4	4111.12
70318.3	59354.3	4115
70318.3	59358.8	4118.15
70318.3	59363.8	4120.47
70318.3	59369.1	4121.89
70318.3	59374.5	4122.37
70318.3	59380	4121.89
70318.3	59385.3	4120.47
70318.3	59390.3	4118.15
70318.3	59394.8	4115
70318.3	59398.7	4111.12
70318.3	59401.8	4106.62
70318.3	59404.1	4101.65
70318.3	59405.5	4096.34
70318.3	59406	4090.87
70318.3	59405.5	4085.4
70318.3	59404.1	4080.1
70318.3	59401.8	4075.12
70318.3	59398.7	4070.63
70318.3	59394.8	4066.74
70318.3	59390.3	4063.59
70318.3	59385.3	4061.27
70318.3	59380	4059.85
70518.3	51864.5	4550
70518.3	51864.5	-50
70518.3	56896.2	4550
70518.3	56896.2	3950
70518.3	58246.2	3950
70518.3	58246.2	4550
70518.3	59079.3	4006.72
70518.3	59094.1	4005.43
70518.3	59108.8	4006.72
70518.3	59123.2	4010.56
70518.3	59136.6	4016.82
70518.3	59148.7	4025.32
70518.3	59159.2	4035.79
70518.3	59167.7	4047.93
70518.3	59174	4061.36
70518.3	59177.8	4075.67
70518.3	59179.1	4090.43
70518.3	59177.8	4105.19
70518.3	59174	4119.5
70518.3	59167.7	4132.93
70518.3	59159.2	4145.07
70518.3	59148.7	4155.54
70518.3	59136.6	4164.04
70518.3	59123.2	4170.3
70518.3	59108.8	4174.14
70518.3	59094.1	4175.43
70518.3	59079.3	4174.14
70518.3	59065	4170.3
70518.3	59051.6	4164.04
70518.3	59039.4	4155.54
70518.3	59029	4145.07
70518.3	59020.5	4132.93
70518.3	59014.2	4119.5
70518.3	59010.4	4105.19
70518.3	59009.1	4090.43
70518.3	59010.4	4075.67
70518.3	59014.2	4061.36
70518.3	59020.5	4047.93
70518.3	59029	4035.79
70518.3	59039.4	4025.32
70518.3	59051.6	4016.82
70518.3	59065	4010.56
70518.3	58818.8	4006.21
70518.3	58833.5	4004.92
70518.3	58848.3	4006.21
70518.3	58862.6	4010.05
70518.3	58876	4016.31
70518.3	58888.2	4024.81
70518.3	58898.6	4035.29
70518.3	58907.1	4047.42
70518.3	58913.4	4060.85
70518.3	58917.2	4075.16
70518.3	58918.5	4089.92
70518.3	58917.2	4104.68
70518.3	58913.4	4119
70518.3	58907.1	4132.42
70518.3	58898.6	4144.56
70518.3	58888.2	4155.04
70518.3	58876	4163.54
70518.3	58862.6	4169.8
70518.3	58848.3	4173.63
70518.3	58833.5	4174.92
70518.3	58818.8	4173.63
70518.3	58804.5	4169.8
70518.3	58791	4163.54
70518.3	58778.9	4155.04
70518.3	58768.4	4144.56
70518.3	58759.9	4132.42
70518.3	58753.7	4119
70518.3	58749.8	4104.68
70518.3	58748.5	4089.92
70518.3	58749.8	4075.16
70518.3	58753.7	4060.85
70518.3	58759.9	4047.42
70518.3	58768.4	4035.29
70518.3	58778.9	4024.81
70518.3	58791	4016.31
70518.3	58804.5	4010.05
70518.3	59369.1	4059.85
70518.3	59374.5	4059.37
70518.3	59380	4059.85
70518.3	59385.3	4061.27
70518.3	59390.3	4063.59
70518.3	59394.8	4066.74
70518.3	59398.7	4070.63
70518.3	59401.8	4075.12
70518.3	59404.1	4080.1
70518.3	59405.5	4085.4
70518.3	59406	4090.87
70518.3	59405.5	4096.34
70518.3	59404.1	4101.65
70518.3	59401.8	4106.62
70518.3	59398.7	4111.12
70518.3	59394.8	4115
70518.3	59390.3	4118.15
70518.3	59385.3	4120.47
70518.3	59380	4121.89
70518.3	59374.5	4122.37
70518.3	59369.1	4121.89
70518.3	59363.8	4120.47
70518.3	59358.8	4118.15
70518.3	59354.3	4115
70518.3	59350.4	4111.12
70518.3	59347.2	4106.62
70518.3	59344.9	4101.65
70518.3	59343.5	4096.34
70518.3	59343	4090.87
70518.3	59343.5	4085.4
70518.3	59344.9	4080.1
70518.3	59347.2	4075.12
70518.3	59350.4	4070.63
70518.3	59354.3	4066.74
70518.3	59358.8	4063.59
70518.3	59363.8	4061.27

#	Triangle	93
0	2	1	3	2	0	121	8	120	7	8	121
4	3	9	4	7	3	7	6	3	6	46	3	46	10	3	10	45	3	45	44	3	44	43	3	43	42	3	42	41	3	41	82	3	82	117	3	117	116	3	116	115	3	115	114	3	114	113	3	113	112	3	112	111	3	111	2	3	4	8	7	5	50	6	50	49	6	49	48	6	48	47	6	47	46	6	81	10	46	81	11	10	80	11	81	80	12	11	79	12	80	79	13	12	78	13	79	78	14	13	5	51	50	77	14	78	77	15	14	5	52	51	76	15	77	76	16	15	40	82	41	5	53	52	75	16	76	75	17	16	39	82	40	39	83	82	39	84	83	5	54	53	74	17	75	39	85	84	74	18	17	38	85	39	38	86	85	38	87	86	38	88	87	38	89	88	5	55	54	73	18	74	73	19	18	37	89	38	37	90	89	110	2	111	37	91	90	109	2	110	5	56	55	72	19	73	72	20	19	36	91	37	36	92	91	108	2	109	36	93	92	107	2	108	36	94	93	106	2	107	5	57	56	71	20	72	71	21	20	35	94	36	35	95	94	105	2	106	35	96	95	104	2	105	35	97	96	103	2	104	35	98	97	102	2	103	5	58	57	70	21	71	70	22	21	34	98	35	34	99	98	101	2	102	34	100	99	100	2	101	34	2	100	5	59	58	69	22	70	69	23	22	33	2	34	5	60	59	68	23	69	68	24	23	32	2	33	5	61	60	67	24	68	67	25	24	31	2	32	5	62	61	66	25	67	66	26	25	30	2	31	5	63	62	65	26	66	65	27	26	29	2	30	5	64	63	64	27	65	64	28	27	28	2	29	5	28	64	5	2	28
9	118	4	119	118	9	123	6	122	5	6	123
1	204	0	204	203	0	203	202	0	202	201	0	201	200	0	200	199	0	199	198	0	198	197	0	197	130	0	130	129	0	129	128	0	128	127	0	127	126	0	126	125	0	125	161	0	161	119	0	161	122	119	122	121	119	121	118	119	161	160	122	160	195	122	195	194	122	194	193	122	193	123	122	120	118	121	125	162	161	124	162	125	124	163	162	159	163	124	159	164	163	158	164	159	158	165	164	157	165	158	157	166	165	192	123	193	156	166	157	156	167	166	191	123	192	197	131	130	155	167	156	155	168	167	190	123	191	197	132	131	154	168	155	196	132	197	231	132	196	154	169	168	189	123	190	230	132	231	230	133	132	153	169	154	229	133	230	228	133	229	227	133	228	226	133	227	153	170	169	188	123	189	226	134	133	152	170	153	1	205	204	225	134	226	1	206	205	224	134	225	152	171	170	187	123	188	224	135	134	151	171	152	1	207	206	223	135	224	1	208	207	222	135	223	1	209	208	221	135	222	151	172	171	186	123	187	221	136	135	150	172	151	1	210	209	220	136	221	1	211	210	219	136	220	1	212	211	218	136	219	1	213	212	217	136	218	150	173	172	185	123	186	217	137	136	149	173	150	1	214	213	216	137	217	1	215	214	215	137	216	1	137	215	149	174	173	184	123	185	1	138	137	148	174	149	148	175	174	183	123	184	1	139	138	147	175	148	147	176	175	182	123	183	1	140	139	146	176	147	146	177	176	181	123	182	1	141	140	145	177	146	145	178	177	180	123	181	1	142	141	144	178	145	144	179	178	179	123	180	1	143	142	143	179	144	143	123	179	1	123	143
0	9	3	119	9	0
8	118	120	4	118	8	123	2	5	1	2	123	122	7	121	6	7	122
125	11	124	10	11	125
124	12	159	11	12	124
159	13	158	12	13	159	195	49	194	48	49	195
158	14	157	13	14	158	194	50	193	49	50	194
157	15	156	14	15	157	193	51	192	50	51	193
156	16	155	15	16	156	192	52	191	51	52	192
155	17	154	16	17	155	191	53	190	52	53	191
154	18	153	17	18	154	190	54	189	53	54	190
153	19	152	18	19	153	189	55	188	54	55	189
152	20	151	19	20	152
151	21	150	20	21	151	187	57	186	56	57	187
150	22	149	21	22	150	186	58	185	57	58	186
149	23	148	22	23	149	185	59	184	58	59	185
148	24	147	23	24	148	184	60	183	59	60	184
147	25	146	24	25	147	183	61	182	60	61	183
146	26	145	25	26	146	182	62	181	61	62	182
145	27	144	26	27	145
144	28	143	27	28	144
143	29	142	28	29	143
142	30	141	29	30	142
141	31	140	30	31	141
140	32	139	31	32	140	176	68	175	67	68	176
139	33	138	32	33	139	175	69	174	68	69	175
138	34	137	33	34	138	174	70	173	69	70	174
137	35	136	34	35	137	173	71	172	70	71	173
136	36	135	35	36	136
135	37	134	36	37	135
134	38	133	37	38	134
133	39	132	38	39	133
132	40	131	39	40	132	168	76	167	75	76	168
131	41	130	40	41	131	167	77	166	76	77	167
130	42	129	41	42	130	166	78	165	77	78	166
129	43	128	42	43	129	165	79	164	78	79	165
128	44	127	43	44	128
127	45	126	44	45	127
126	10	125	45	10	126
161	47	160	46	47	161
160	48	195	47	48	160
188	56	187	55	56	188
181	63	180	62	63	181
180	64	179	63	64	180
179	65	178	64	65	179
178	66	177	65	66	178
177	67	176	66	67	177
172	72	171	71	72	172
171	73	170	72	73	171
170	74	169	73	74	170
169	75	168	74	75	169
164	80	163	79	80	164
163	81	162	80	81	163
162	46	161	81	46	162
197	83	196	82	83	197
196	84	231	83	84	196
231	85	230	84	85	231
230	86	229	85	86	230
229	87	228	86	87	229
228	88	227	87	88	228
227	89	226	88	89	227
226	90	225	89	90	226
225	91	224	90	91	225
224	92	223	91	92	224
223	93	222	92	93	223
222	94	221	93	94	222
221	95	220	94	95	221
220	96	219	95	96	220
219	97	218	96	97	219
218	98	217	97	98	218
217	99	216	98	99	217
216	100	215	99	100	216
215	101	214	100	101	215
214	102	213	101	102	214
213	103	212	102	103	213
212	104	211	103	104	212
211	105	210	104	105	211
210	106	209	105	106	210
209	107	208	106	107	209
208	108	207	107	108	208
207	109	206	108	109	207
206	110	205	109	110	206
205	111	204	110	111	205
204	112	203	111	112	204
203	113	202	112	113	203
202	114	201	113	114	202
201	115	200	114	115	201
200	116	199	115	116	200
199	117	198	116	117	199
198	82	197	117	82	198

#	Normal	93
-0	-1	-0
1	0	0
-0	1	0
-1	0	0
-0	0	1
-0	-0	-1
-0	-0.08718	-0.996193
-0	-0.2588	-0.965931
-0	-0.422582	-0.906325
-0	-0.57358	-0.81915
-0	-0.707115	-0.707099
-0	-0.819101	-0.573649
-0	-0.906307	-0.42262
-0	-0.965973	-0.258643
-0	-0.996185	-0.0872653
0	-0.996185	0.0872638
0	-0.965972	0.258647
0	-0.906307	0.42262
0	-0.819107	0.573641
0	-0.707107	0.707107
0	-0.573591	0.819142
0	-0.422582	0.906325
0	-0.258784	0.965935
0	-0.08718	0.996193
0	0.0871571	0.996195
0	0.258784	0.965935
0	0.422683	0.906277
0	0.573591	0.819142
0	0.707107	0.707107
0	0.819107	0.573641
0	0.906307	0.42262
0	0.965906	0.258893
0	0.996208	0.0870022
0	0.996208	-0.0870036
0	0.965907	-0.258889
0	0.906307	-0.42262
0	0.819101	-0.573649
0	0.707115	-0.707099
0	0.57358	-0.81915
0	0.422683	-0.906277
0	0.2588	-0.965931
0	0.0871571	-0.996195
-0	-0.0871408	-0.996196
-0	-0.258881	-0.965909
0	-0.996185	0.0872653
0	-0.258881	0.965909
0	-0.0871244	0.996197
0	0.0871244	0.996197
0	0.258881	0.965909
0	0.422582	0.906325
0	0.965972	0.258647
0	0.996185	0.0872653
0	0.996185	-0.0872653
0	0.965973	-0.258643
0	0.422582	-0.906325
0	0.258881	-0.965909
0	0.0871408	-0.996196
-0	-0.0871052	-0.996199
-0	-0.258778	-0.965937
-0	-0.422883	-0.906184
-0	-0.573391	-0.819282
-0	-0.707085	-0.707129
-0	-0.819234	-0.573459
-0	-0.906321	-0.422591
-0	-0.965892	-0.258946
-0	-0.996226	-0.0867946
0	-0.996226	0.0867946
0	-0.965892	0.258946
0	-0.906313	0.422608
0	-0.819249	0.573438
0	-0.707062	0.707151
0	-0.573391	0.819282
0	-0.42292	0.906167
0	-0.258736	0.965948
0	-0.0871052	0.996199
0	0.087167	0.996194
0	0.258736	0.965948
0	0.422647	0.906294
0	0.573725	0.819048
0	0.707062	0.707151
0	0.819249	0.573438
0	0.906313	0.422608
0	0.965892	0.258946
0	0.996164	0.0875006
0	0.996164	-0.0875006
0	0.965892	-0.258946
0	0.906321	-0.422591
0	0.819234	-0.573459
0	0.707085	-0.707129
0	0.573725	-0.819048
0	0.42261	-0.906311
0	0.258778	-0.965937
0	0.087167	-0.996194

#	Mesh	0	End

