#	Mesh	0	Begin

#	Vertex	232
78718.3	51864.5	-50
78718.3	51864.5	4650
78918.3	51864.5	4650
78918.3	51864.5	-50
78918.3	59564.5	4650
78918.3	59564.5	-50
78918.3	56896.2	3950
78918.3	58246.2	3950
78918.3	58246.2	4550
78918.3	56896.2	4550
78918.3	59094.1	4030.63
78918.3	59108.8	4031.92
78918.3	59123.2	4035.76
78918.3	59136.6	4042.02
78918.3	59148.7	4050.52
78918.3	59159.2	4060.99
78918.3	59167.7	4073.13
78918.3	59174	4086.56
78918.3	59177.8	4100.87
78918.3	59179.1	4115.63
78918.3	59177.8	4130.39
78918.3	59174	4144.7
78918.3	59167.7	4158.13
78918.3	59159.2	4170.27
78918.3	59148.7	4180.74
78918.3	59136.6	4189.24
78918.3	59123.2	4195.5
78918.3	59108.8	4199.34
78918.3	59094.1	4200.63
78918.3	59079.3	4199.34
78918.3	59065	4195.5
78918.3	59051.6	4189.24
78918.3	59039.4	4180.74
78918.3	59029	4170.27
78918.3	59020.5	4158.13
78918.3	59014.2	4144.7
78918.3	59010.4	4130.39
78918.3	59009.1	4115.63
78918.3	59010.4	4100.87
78918.3	59014.2	4086.56
78918.3	59020.5	4073.13
78918.3	59029	4060.99
78918.3	59039.4	4050.52
78918.3	59051.6	4042.02
78918.3	59065	4035.76
78918.3	59079.3	4031.92
78918.3	58833.5	4030.12
78918.3	58848.3	4031.41
78918.3	58862.6	4035.25
78918.3	58876	4041.51
78918.3	58888.2	4050.01
78918.3	58898.6	4060.49
78918.3	58907.1	4072.62
78918.3	58913.4	4086.05
78918.3	58917.2	4100.36
78918.3	58918.5	4115.12
78918.3	58917.2	4129.88
78918.3	58913.4	4144.2
78918.3	58907.1	4157.62
78918.3	58898.6	4169.76
78918.3	58888.2	4180.24
78918.3	58876	4188.74
78918.3	58862.6	4195
78918.3	58848.3	4198.83
78918.3	58833.5	4200.12
78918.3	58818.8	4198.83
78918.3	58804.5	4195
78918.3	58791	4188.74
78918.3	58778.9	4180.24
78918.3	58768.4	4169.76
78918.3	58759.9	4157.62
78918.3	58753.7	4144.2
78918.3	58749.8	4129.88
78918.3	58748.5	4115.12
78918.3	58749.8	4100.36
78918.3	58753.7	4086.05
78918.3	58759.9	4072.62
78918.3	58768.4	4060.49
78918.3	58778.9	4050.01
78918.3	58791	4041.51
78918.3	58804.5	4035.25
78918.3	58818.8	4031.41
78918.3	59374.5	4084.58
78918.3	59380	4085.06
78918.3	59385.3	4086.48
78918.3	59390.3	4088.8
78918.3	59394.8	4091.95
78918.3	59398.7	4095.83
78918.3	59401.8	4100.33
78918.3	59404.1	4105.31
78918.3	59405.5	4110.61
78918.3	59406	4116.08
78918.3	59405.5	4121.55
78918.3	59404.1	4126.86
78918.3	59401.8	4131.83
78918.3	59398.7	4136.33
78918.3	59394.8	4140.21
78918.3	59390.3	4143.36
78918.3	59385.3	4145.68
78918.3	59380	4147.1
78918.3	59374.5	4147.58
78918.3	59369.1	4147.1
78918.3	59363.8	4145.68
78918.3	59358.8	4143.36
78918.3	59354.3	4140.21
78918.3	59350.4	4136.33
78918.3	59347.2	4131.83
78918.3	59344.9	4126.86
78918.3	59343.5	4121.55
78918.3	59343	4116.08
78918.3	59343.5	4110.61
78918.3	59344.9	4105.31
78918.3	59347.2	4100.33
78918.3	59350.4	4095.83
78918.3	59354.3	4091.95
78918.3	59358.8	4088.8
78918.3	59363.8	4086.48
78918.3	59369.1	4085.06
78718.3	59564.5	4650
78718.3	59564.5	-50
78718.3	58246.2	3950
78718.3	56896.2	3950
78718.3	56896.2	4550
78718.3	58246.2	4550
78718.3	59108.8	4031.92
78718.3	59094.1	4030.63
78718.3	59079.3	4031.92
78718.3	59065	4035.76
78718.3	59051.6	4042.02
78718.3	59039.4	4050.52
78718.3	59029	4060.99
78718.3	59020.5	4073.13
78718.3	59014.2	4086.56
78718.3	59010.4	4100.87
78718.3	59009.1	4115.63
78718.3	59010.4	4130.39
78718.3	59014.2	4144.7
78718.3	59020.5	4158.13
78718.3	59029	4170.27
78718.3	59039.4	4180.74
78718.3	59051.6	4189.24
78718.3	59065	4195.5
78718.3	59079.3	4199.34
78718.3	59094.1	4200.63
78718.3	59108.8	4199.34
78718.3	59123.2	4195.5
78718.3	59136.6	4189.24
78718.3	59148.7	4180.74
78718.3	59159.2	4170.27
78718.3	59167.7	4158.13
78718.3	59174	4144.7
78718.3	59177.8	4130.39
78718.3	59179.1	4115.63
78718.3	59177.8	4100.87
78718.3	59174	4086.56
78718.3	59167.7	4073.13
78718.3	59159.2	4060.99
78718.3	59148.7	4050.52
78718.3	59136.6	4042.02
78718.3	59123.2	4035.76
78718.3	58848.3	4031.41
78718.3	58833.5	4030.12
78718.3	58818.8	4031.41
78718.3	58804.5	4035.25
78718.3	58791	4041.51
78718.3	58778.9	4050.01
78718.3	58768.4	4060.49
78718.3	58759.9	4072.62
78718.3	58753.7	4086.05
78718.3	58749.8	4100.36
78718.3	58748.5	4115.12
78718.3	58749.8	4129.88
78718.3	58753.7	4144.2
78718.3	58759.9	4157.62
78718.3	58768.4	4169.76
78718.3	58778.9	4180.24
78718.3	58791	4188.74
78718.3	58804.5	4195
78718.3	58818.8	4198.83
78718.3	58833.5	4200.12
78718.3	58848.3	4198.83
78718.3	58862.6	4195
78718.3	58876	4188.74
78718.3	58888.2	4180.24
78718.3	58898.6	4169.76
78718.3	58907.1	4157.62
78718.3	58913.4	4144.2
78718.3	58917.2	4129.88
78718.3	58918.5	4115.12
78718.3	58917.2	4100.36
78718.3	58913.4	4086.05
78718.3	58907.1	4072.62
78718.3	58898.6	4060.49
78718.3	58888.2	4050.01
78718.3	58876	4041.51
78718.3	58862.6	4035.25
78718.3	59380	4085.06
78718.3	59374.5	4084.58
78718.3	59369.1	4085.06
78718.3	59363.8	4086.48
78718.3	59358.8	4088.8
78718.3	59354.3	4091.95
78718.3	59350.4	4095.83
78718.3	59347.2	4100.33
78718.3	59344.9	4105.31
78718.3	59343.5	4110.61
78718.3	59343	4116.08
78718.3	59343.5	4121.55
78718.3	59344.9	4126.86
78718.3	59347.2	4131.83
78718.3	59350.4	4136.33
78718.3	59354.3	4140.21
78718.3	59358.8	4143.36
78718.3	59363.8	4145.68
78718.3	59369.1	4147.1
78718.3	59374.5	4147.58
78718.3	59380	4147.1
78718.3	59385.3	4145.68
78718.3	59390.3	4143.36
78718.3	59394.8	4140.21
78718.3	59398.7	4136.33
78718.3	59401.8	4131.83
78718.3	59404.1	4126.86
78718.3	59405.5	4121.55
78718.3	59406	4116.08
78718.3	59405.5	4110.61
78718.3	59404.1	4105.31
78718.3	59401.8	4100.33
78718.3	59398.7	4095.83
78718.3	59394.8	4091.95
78718.3	59390.3	4088.8
78718.3	59385.3	4086.48

#	Triangle	99
0	2	1	3	2	0	120	8	123	7	8	120
4	89	5	89	88	5	88	87	5	87	86	5	86	85	5	85	84	5	84	83	5	83	82	5	82	16	5	16	15	5	15	14	5	14	13	5	13	12	5	12	11	5	11	10	5	10	46	5	46	3	5	46	7	3	7	6	3	6	2	3	46	81	7	81	80	7	80	79	7	79	78	7	78	8	7	9	2	6	10	47	46	45	47	10	45	48	47	44	48	45	44	49	48	43	49	44	43	50	49	42	50	43	42	51	50	77	8	78	41	51	42	41	52	51	76	8	77	40	52	41	40	53	52	75	8	76	82	17	16	39	53	40	117	17	82	116	17	117	39	54	53	74	8	75	115	17	116	115	18	17	38	54	39	114	18	115	113	18	114	112	18	113	111	18	112	38	55	54	73	8	74	111	19	18	37	55	38	4	90	89	110	19	111	4	91	90	109	19	110	37	56	55	72	8	73	109	20	19	36	56	37	4	92	91	108	20	109	4	93	92	107	20	108	4	94	93	106	20	107	36	57	56	71	8	72	106	21	20	35	57	36	4	95	94	105	21	106	4	96	95	104	21	105	4	97	96	103	21	104	4	98	97	102	21	103	35	58	57	70	8	71	102	22	21	34	58	35	4	99	98	101	22	102	4	100	99	100	22	101	4	22	100	34	59	58	69	8	70	4	23	22	33	59	34	33	60	59	68	8	69	4	24	23	32	60	33	32	61	60	67	8	68	4	25	24	31	61	32	31	62	61	66	8	67	4	26	25	30	62	31	30	63	62	65	8	66	4	27	26	29	63	30	29	64	63	64	8	65	4	28	27	28	64	29	28	8	64	4	8	28	4	9	8	4	2	9
5	118	4	119	118	5	122	6	121	9	6	122
1	119	0	1	121	119	121	120	119	120	161	119	161	125	119	125	124	119	124	159	119	159	158	119	158	157	119	157	156	119	156	155	119	155	197	119	197	196	119	196	231	119	231	230	119	230	229	119	229	228	119	228	227	119	227	226	119	226	118	119	1	122	121	123	165	120	165	164	120	164	163	120	163	162	120	162	161	120	160	125	161	160	126	125	195	126	160	195	127	126	194	127	195	194	128	127	193	128	194	193	129	128	123	166	165	192	129	193	192	130	129	123	167	166	191	130	192	191	131	130	123	168	167	190	131	191	190	132	131	154	197	155	154	198	197	154	199	198	123	169	168	189	132	190	154	200	199	189	133	132	153	200	154	153	201	200	153	202	201	153	203	202	153	204	203	123	170	169	188	133	189	188	134	133	152	204	153	152	205	204	225	118	226	152	206	205	224	118	225	123	171	170	187	134	188	187	135	134	151	206	152	151	207	206	223	118	224	151	208	207	222	118	223	151	209	208	221	118	222	123	172	171	186	135	187	186	136	135	150	209	151	150	210	209	220	118	221	150	211	210	219	118	220	150	212	211	218	118	219	150	213	212	217	118	218	123	173	172	185	136	186	185	137	136	149	213	150	149	214	213	216	118	217	149	215	214	215	118	216	149	118	215	123	174	173	184	137	185	184	138	137	148	118	149	123	175	174	183	138	184	183	139	138	147	118	148	123	176	175	182	139	183	182	140	139	146	118	147	123	177	176	181	140	182	181	141	140	145	118	146	123	178	177	180	141	181	180	142	141	144	118	145	123	179	178	179	142	180	179	143	142	143	118	144	123	143	179	123	118	143	1	123	122	1	118	123
0	5	3	119	5	0	123	9	122	8	9	123
2	118	1	4	118	2	121	7	120	6	7	121
125	11	124	10	11	125
124	12	159	11	12	124
159	13	158	12	13	159
158	14	157	13	14	158	194	50	193	49	50	194
157	15	156	14	15	157	193	51	192	50	51	193
156	16	155	15	16	156	192	52	191	51	52	192
155	17	154	16	17	155
154	18	153	17	18	154
153	19	152	18	19	153
152	20	151	19	20	152
151	21	150	20	21	151
150	22	149	21	22	150	186	58	185	57	58	186
149	23	148	22	23	149
148	24	147	23	24	148
147	25	146	24	25	147
146	26	145	25	26	146
145	27	144	26	27	145
144	28	143	27	28	144	180	64	179	63	64	180
143	29	142	28	29	143
142	30	141	29	30	142
141	31	140	30	31	141	177	67	176	66	67	177
140	32	139	31	32	140
139	33	138	32	33	139
138	34	137	33	34	138
137	35	136	34	35	137	173	71	172	70	71	173
136	36	135	35	36	136
135	37	134	36	37	135
134	38	133	37	38	134	170	74	169	73	74	170
133	39	132	38	39	133	169	75	168	74	75	169
132	40	131	39	40	132
131	41	130	40	41	131	167	77	166	76	77	167
130	42	129	41	42	130	166	78	165	77	78	166
129	43	128	42	43	129	165	79	164	78	79	165
128	44	127	43	44	128	164	80	163	79	80	164
127	45	126	44	45	127
126	10	125	45	10	126
161	47	160	46	47	161
160	48	195	47	48	160
195	49	194	48	49	195
191	53	190	52	53	191
190	54	189	53	54	190
189	55	188	54	55	189
188	56	187	55	56	188
187	57	186	56	57	187
185	59	184	58	59	185
184	60	183	59	60	184	220	96	219	95	96	220
183	61	182	60	61	183
182	62	181	61	62	182
181	63	180	62	63	181
179	65	178	64	65	179
178	66	177	65	66	178
176	68	175	67	68	176
175	69	174	68	69	175	211	105	210	104	105	211
174	70	173	69	70	174
172	72	171	71	72	172
171	73	170	72	73	171
168	76	167	75	76	168
163	81	162	80	81	163
162	46	161	81	46	162
197	83	196	82	83	197
196	84	231	83	84	196
231	85	230	84	85	231
230	86	229	85	86	230
229	87	228	86	87	229
228	88	227	87	88	228
227	89	226	88	89	227
226	90	225	89	90	226
225	91	224	90	91	225
224	92	223	91	92	224
223	93	222	92	93	223
222	94	221	93	94	222
221	95	220	94	95	221
219	97	218	96	97	219
218	98	217	97	98	218
217	99	216	98	99	217
216	100	215	99	100	216
215	101	214	100	101	215
214	102	213	101	102	214
213	103	212	102	103	213
212	104	211	103	104	212
210	106	209	105	106	210
209	107	208	106	107	209
208	108	207	107	108	208
207	109	206	108	109	207
206	110	205	109	110	206
205	111	204	110	111	205
204	112	203	111	112	204
203	113	202	112	113	203
202	114	201	113	114	202
201	115	200	114	115	201
200	116	199	115	116	200
199	117	198	116	117	199
198	82	197	117	82	198

#	Normal	99
-0	1	0
-1	0	0
-0	-1	-0
1	0	0
0	-0	1
0	0	-1
0	0.0871571	-0.996195
0	0.2588	-0.965931
0	0.422683	-0.906277
0	0.57358	-0.81915
0	0.707115	-0.707099
0	0.819101	-0.573649
0	0.90631	-0.422614
0	0.965906	-0.258893
0	0.996208	-0.0870022
-0	0.996208	0.0870051
-0	0.965908	0.258885
-0	0.906307	0.42262
-0	0.819096	0.573657
-0	0.707123	0.70709
-0	0.573569	0.819158
-0	0.422683	0.906277
-0	0.258815	0.965927
-0	0.0871571	0.996195
0	-0.08718	0.996193
0	-0.258815	0.965927
0	-0.422582	0.906325
0	-0.573569	0.819158
0	-0.707123	0.70709
0	-0.819096	0.573657
0	-0.906307	0.42262
0	-0.965974	0.258639
0	-0.996185	0.0872667
0	-0.996185	-0.0872638
0	-0.965972	-0.258647
0	-0.90631	-0.422614
0	-0.819101	-0.573649
0	-0.707115	-0.707099
0	-0.57358	-0.81915
0	-0.422582	-0.906325
0	-0.2588	-0.965931
0	-0.08718	-0.996193
0	0.0871408	-0.996196
0	0.258881	-0.965909
0	0.422582	-0.906325
0	0.906307	-0.42262
0	0.965972	-0.258647
0	0.996185	-0.0872638
-0	0.996185	0.0872638
-0	0.965972	0.258647
-0	0.819107	0.573641
-0	0.707107	0.707107
-0	0.573591	0.819142
-0	0.422582	0.906325
-0	0.25885	0.965917
0	-0.0871571	0.996195
0	-0.25885	0.965917
0	-0.573591	0.819142
0	-0.707107	0.707107
0	-0.819107	0.573641
0	-0.965972	0.258647
0	-0.996185	0.0872638
0	-0.906307	-0.42262
0	-0.258881	-0.965909
0	-0.0871408	-0.996196
0	0.087167	-0.996194
0	0.258778	-0.965937
0	0.42261	-0.906311
0	0.573725	-0.819048
0	0.707085	-0.707129
0	0.819249	-0.573438
0	0.906313	-0.422608
0	0.965892	-0.258946
0	0.996165	-0.0874968
-0	0.996164	0.0875045
-0	0.965892	0.258946
-0	0.906328	0.422574
-0	0.819219	0.57348
-0	0.573725	0.819048
-0	0.422574	0.906328
-0	0.258819	0.965926
-0	0.087167	0.996194
0	-0.0871052	0.996199
0	-0.258819	0.965926
0	-0.422846	0.906201
0	-0.573391	0.819282
0	-0.819219	0.57348
0	-0.906328	0.422574
0	-0.965892	0.258946
0	-0.996226	0.0867985
0	-0.996227	-0.0867908
0	-0.965892	-0.258946
0	-0.906313	-0.422608
0	-0.819249	-0.573438
0	-0.707085	-0.707129
0	-0.573391	-0.819282
0	-0.422883	-0.906184
0	-0.258778	-0.965937
0	-0.0871052	-0.996199

#	Mesh	0	End

