#	Mesh	0	Begin

#	Vertex	232
87318.3	59564.5	-50
87318.3	59564.5	4650
87118.3	59564.5	4650
87118.3	59564.5	-50
87118.3	51864.5	4650
87118.3	51864.5	-50
87118.3	58246.2	3950
87118.3	56896.2	3950
87118.3	56896.2	4550
87118.3	58246.2	4550
87118.3	59374.5	4109.78
87118.3	59369.1	4110.26
87118.3	59363.8	4111.68
87118.3	59358.8	4114
87118.3	59354.3	4117.15
87118.3	59350.4	4121.03
87118.3	59347.2	4125.53
87118.3	59344.9	4130.51
87118.3	59343.5	4135.81
87118.3	59343	4141.28
87118.3	59343.5	4146.75
87118.3	59344.9	4152.06
87118.3	59347.2	4157.03
87118.3	59350.4	4161.53
87118.3	59354.3	4165.41
87118.3	59358.8	4168.56
87118.3	59363.8	4170.88
87118.3	59369.1	4172.3
87118.3	59374.5	4172.78
87118.3	59380	4172.3
87118.3	59385.3	4170.88
87118.3	59390.3	4168.56
87118.3	59394.8	4165.41
87118.3	59398.7	4161.53
87118.3	59401.8	4157.03
87118.3	59404.1	4152.06
87118.3	59405.5	4146.75
87118.3	59406	4141.28
87118.3	59405.5	4135.81
87118.3	59404.1	4130.51
87118.3	59401.8	4125.53
87118.3	59398.7	4121.03
87118.3	59394.8	4117.15
87118.3	59390.3	4114
87118.3	59385.3	4111.68
87118.3	59380	4110.26
87118.3	59094.1	4095.83
87118.3	59086.3	4096.51
87118.3	59078.7	4098.54
87118.3	59071.6	4101.86
87118.3	59065.2	4106.36
87118.3	59059.6	4111.91
87118.3	59055.1	4118.33
87118.3	59051.8	4125.44
87118.3	59049.8	4133.02
87118.3	59049.1	4140.83
87118.3	59049.8	4148.65
87118.3	59051.8	4156.22
87118.3	59055.1	4163.33
87118.3	59059.6	4169.76
87118.3	59065.2	4175.3
87118.3	59071.6	4179.8
87118.3	59078.7	4183.12
87118.3	59086.3	4185.15
87118.3	59094.1	4185.83
87118.3	59101.9	4185.15
87118.3	59109.5	4183.12
87118.3	59116.6	4179.8
87118.3	59123	4175.3
87118.3	59128.6	4169.76
87118.3	59133.1	4163.33
87118.3	59136.4	4156.22
87118.3	59138.4	4148.65
87118.3	59139.1	4140.83
87118.3	59138.4	4133.02
87118.3	59136.4	4125.44
87118.3	59133.1	4118.33
87118.3	59128.6	4111.91
87118.3	59123	4106.36
87118.3	59116.6	4101.86
87118.3	59109.5	4098.54
87118.3	59101.9	4096.51
87118.3	58833.5	4095.32
87118.3	58825.7	4096.01
87118.3	58818.1	4098.04
87118.3	58811	4101.35
87118.3	58804.6	4105.85
87118.3	58799.1	4111.4
87118.3	58794.6	4117.82
87118.3	58791.2	4124.93
87118.3	58789.2	4132.51
87118.3	58788.5	4140.32
87118.3	58789.2	4148.14
87118.3	58791.2	4155.71
87118.3	58794.6	4162.82
87118.3	58799.1	4169.25
87118.3	58804.6	4174.8
87118.3	58811	4179.29
87118.3	58818.1	4182.61
87118.3	58825.7	4184.64
87118.3	58833.5	4185.32
87118.3	58841.3	4184.64
87118.3	58848.9	4182.61
87118.3	58856	4179.29
87118.3	58862.5	4174.8
87118.3	58868	4169.25
87118.3	58872.5	4162.82
87118.3	58875.8	4155.71
87118.3	58877.8	4148.14
87118.3	58878.5	4140.32
87118.3	58877.8	4132.51
87118.3	58875.8	4124.93
87118.3	58872.5	4117.82
87118.3	58868	4111.4
87118.3	58862.5	4105.85
87118.3	58856	4101.35
87118.3	58848.9	4098.04
87118.3	58841.3	4096.01
87318.3	51864.5	4650
87318.3	51864.5	-50
87318.3	56896.2	3950
87318.3	58246.2	3950
87318.3	58246.2	4550
87318.3	56896.2	4550
87318.3	59369.1	4110.26
87318.3	59374.5	4109.78
87318.3	59380	4110.26
87318.3	59385.3	4111.68
87318.3	59390.3	4114
87318.3	59394.8	4117.15
87318.3	59398.7	4121.03
87318.3	59401.8	4125.53
87318.3	59404.1	4130.51
87318.3	59405.5	4135.81
87318.3	59406	4141.28
87318.3	59405.5	4146.75
87318.3	59404.1	4152.06
87318.3	59401.8	4157.03
87318.3	59398.7	4161.53
87318.3	59394.8	4165.41
87318.3	59390.3	4168.56
87318.3	59385.3	4170.88
87318.3	59380	4172.3
87318.3	59374.5	4172.78
87318.3	59369.1	4172.3
87318.3	59363.8	4170.88
87318.3	59358.8	4168.56
87318.3	59354.3	4165.41
87318.3	59350.4	4161.53
87318.3	59347.2	4157.03
87318.3	59344.9	4152.06
87318.3	59343.5	4146.75
87318.3	59343	4141.28
87318.3	59343.5	4135.81
87318.3	59344.9	4130.51
87318.3	59347.2	4125.53
87318.3	59350.4	4121.03
87318.3	59354.3	4117.15
87318.3	59358.8	4114
87318.3	59363.8	4111.68
87318.3	59086.3	4096.51
87318.3	59094.1	4095.83
87318.3	59101.9	4096.51
87318.3	59109.5	4098.54
87318.3	59116.6	4101.86
87318.3	59123	4106.36
87318.3	59128.6	4111.91
87318.3	59133.1	4118.33
87318.3	59136.4	4125.44
87318.3	59138.4	4133.02
87318.3	59139.1	4140.83
87318.3	59138.4	4148.65
87318.3	59136.4	4156.22
87318.3	59133.1	4163.33
87318.3	59128.6	4169.76
87318.3	59123	4175.3
87318.3	59116.6	4179.8
87318.3	59109.5	4183.12
87318.3	59101.9	4185.15
87318.3	59094.1	4185.83
87318.3	59086.3	4185.15
87318.3	59078.7	4183.12
87318.3	59071.6	4179.8
87318.3	59065.2	4175.3
87318.3	59059.6	4169.76
87318.3	59055.1	4163.33
87318.3	59051.8	4156.22
87318.3	59049.8	4148.65
87318.3	59049.1	4140.83
87318.3	59049.8	4133.02
87318.3	59051.8	4125.44
87318.3	59055.1	4118.33
87318.3	59059.6	4111.91
87318.3	59065.2	4106.36
87318.3	59071.6	4101.86
87318.3	59078.7	4098.54
87318.3	58825.7	4096.01
87318.3	58833.5	4095.32
87318.3	58841.3	4096.01
87318.3	58848.9	4098.04
87318.3	58856	4101.35
87318.3	58862.5	4105.85
87318.3	58868	4111.4
87318.3	58872.5	4117.82
87318.3	58875.8	4124.93
87318.3	58877.8	4132.51
87318.3	58878.5	4140.32
87318.3	58877.8	4148.14
87318.3	58875.8	4155.71
87318.3	58872.5	4162.82
87318.3	58868	4169.25
87318.3	58862.5	4174.8
87318.3	58856	4179.29
87318.3	58848.9	4182.61
87318.3	58841.3	4184.64
87318.3	58833.5	4185.32
87318.3	58825.7	4184.64
87318.3	58818.1	4182.61
87318.3	58811	4179.29
87318.3	58804.6	4174.8
87318.3	58799.1	4169.25
87318.3	58794.6	4162.82
87318.3	58791.2	4155.71
87318.3	58789.2	4148.14
87318.3	58788.5	4140.32
87318.3	58789.2	4132.51
87318.3	58791.2	4124.93
87318.3	58794.6	4117.82
87318.3	58799.1	4111.4
87318.3	58804.6	4105.85
87318.3	58811	4101.35
87318.3	58818.1	4098.04

#	Triangle	96
0	2	1	3	2	0	120	8	123	7	8	120
4	3	5	4	7	3	7	6	3	6	82	3	82	46	3	46	81	3	81	80	3	80	79	3	79	78	3	78	10	3	10	45	3	45	44	3	44	43	3	43	42	3	42	41	3	41	40	3	40	39	3	39	2	3	4	8	7	9	86	6	86	85	6	85	84	6	84	83	6	83	82	6	117	46	82	117	47	46	116	47	117	116	48	47	115	48	116	115	49	48	114	49	115	114	50	49	9	87	86	113	50	114	113	51	50	77	10	78	77	11	10	77	12	11	9	88	87	112	51	113	77	13	12	112	52	51	76	13	77	76	14	13	76	15	14	9	89	88	111	52	112	111	53	52	75	15	76	75	16	15	9	90	89	110	53	111	110	54	53	74	16	75	74	17	16	74	18	17	38	2	39	9	91	90	109	54	110	109	55	54	73	18	74	73	19	18	37	2	38	9	92	91	108	55	109	108	56	55	72	19	73	72	20	19	36	2	37	72	21	20	35	2	36	9	93	92	107	56	108	107	57	56	71	21	72	71	22	21	34	2	35	9	94	93	106	57	107	106	58	57	70	22	71	70	23	22	33	2	34	70	24	23	32	2	33	9	95	94	105	58	106	105	59	58	69	24	70	69	25	24	31	2	32	69	26	25	30	2	31	9	96	95	104	59	105	104	60	59	68	26	69	68	27	26	29	2	30	68	28	27	28	2	29	68	2	28	9	97	96	103	60	104	103	61	60	67	2	68	9	98	97	102	61	103	102	62	61	66	2	67	9	99	98	101	62	102	101	63	62	65	2	66	9	100	99	100	63	101	100	64	63	64	2	65	9	64	100	9	2	64	4	9	8	4	2	9
5	118	4	119	118	5	122	6	121	9	6	122
1	132	0	132	131	0	131	130	0	130	129	0	129	128	0	128	127	0	127	126	0	126	125	0	125	165	0	165	164	0	164	163	0	163	162	0	162	161	0	161	197	0	197	119	0	197	121	119	121	120	119	120	118	119	197	196	121	196	231	121	231	230	121	230	229	121	229	122	121	123	118	120	161	198	197	160	198	161	160	199	198	195	199	160	195	200	199	194	200	195	194	201	200	193	201	194	193	202	201	228	122	229	125	166	165	192	202	193	124	166	125	159	166	124	192	203	202	227	122	228	158	166	159	158	167	166	191	203	192	157	167	158	156	167	157	191	204	203	226	122	227	156	168	167	190	204	191	155	168	156	190	205	204	225	122	226	155	169	168	189	205	190	154	169	155	1	133	132	153	169	154	189	206	205	224	122	225	153	170	169	188	206	189	1	134	133	152	170	153	188	207	206	223	122	224	152	171	170	187	207	188	1	135	134	151	171	152	1	136	135	150	171	151	187	208	207	222	122	223	150	172	171	186	208	187	1	137	136	149	172	150	186	209	208	221	122	222	149	173	172	185	209	186	1	138	137	148	173	149	1	139	138	147	173	148	185	210	209	220	122	221	147	174	173	184	210	185	1	140	139	146	174	147	1	141	140	145	174	146	184	211	210	219	122	220	145	175	174	183	211	184	1	142	141	144	175	145	1	143	142	143	175	144	1	175	143	183	212	211	218	122	219	1	176	175	182	212	183	182	213	212	217	122	218	1	177	176	181	213	182	181	214	213	216	122	217	1	178	177	180	214	181	180	215	214	215	122	216	1	179	178	179	215	180	179	122	215	1	122	179	1	123	122	1	118	123
0	5	3	119	5	0	123	9	122	8	9	123
2	118	1	4	118	2	121	7	120	6	7	121
125	11	124	10	11	125
124	12	159	11	12	124
159	13	158	12	13	159
158	14	157	13	14	158
157	15	156	14	15	157
156	16	155	15	16	156
155	17	154	16	17	155
154	18	153	17	18	154
153	19	152	18	19	153
152	20	151	19	20	152
151	21	150	20	21	151
150	22	149	21	22	150
149	23	148	22	23	149
148	24	147	23	24	148
147	25	146	24	25	147
146	26	145	25	26	146
145	27	144	26	27	145
144	28	143	27	28	144
143	29	142	28	29	143
142	30	141	29	30	142
141	31	140	30	31	141
140	32	139	31	32	140
139	33	138	32	33	139
138	34	137	33	34	138
137	35	136	34	35	137
136	36	135	35	36	136
135	37	134	36	37	135
134	38	133	37	38	134
133	39	132	38	39	133
132	40	131	39	40	132
131	41	130	40	41	131
130	42	129	41	42	130
129	43	128	42	43	129
128	44	127	43	44	128
127	45	126	44	45	127
126	10	125	45	10	126
161	47	160	46	47	161
160	48	195	47	48	160	196	84	231	83	84	196
195	49	194	48	49	195	231	85	230	84	85	231
194	50	193	49	50	194
193	51	192	50	51	193	229	87	228	86	87	229
192	52	191	51	52	192
191	53	190	52	53	191
190	54	189	53	54	190	226	90	225	89	90	226
189	55	188	54	55	189
188	56	187	55	56	188
187	57	186	56	57	187	223	93	222	92	93	223
186	58	185	57	58	186
185	59	184	58	59	185
184	60	183	59	60	184	220	96	219	95	96	220
183	61	182	60	61	183
182	62	181	61	62	182	218	98	217	97	98	218
181	63	180	62	63	181	217	99	216	98	99	217
180	64	179	63	64	180	216	100	215	99	100	216
179	65	178	64	65	179	215	101	214	100	101	215
178	66	177	65	66	178	214	102	213	101	102	214
177	67	176	66	67	177	213	103	212	102	103	213
176	68	175	67	68	176
175	69	174	68	69	175	211	105	210	104	105	211
174	70	173	69	70	174
173	71	172	70	71	173
172	72	171	71	72	172	208	108	207	107	108	208
171	73	170	72	73	171
170	74	169	73	74	170
169	75	168	74	75	169	205	111	204	110	111	205
168	76	167	75	76	168
167	77	166	76	77	167
166	78	165	77	78	166	202	114	201	113	114	202
165	79	164	78	79	165
164	80	163	79	80	164	200	116	199	115	116	200
163	81	162	80	81	163	199	117	198	116	117	199
162	46	161	81	46	162
197	83	196	82	83	197
230	86	229	85	86	230
228	88	227	87	88	228
227	89	226	88	89	227
225	91	224	90	91	225
224	92	223	91	92	224
222	94	221	93	94	222
221	95	220	94	95	221
219	97	218	96	97	219
212	104	211	103	104	212
210	106	209	105	106	210
209	107	208	106	107	209
207	109	206	108	109	207
206	110	205	109	110	206
204	112	203	111	112	204
203	113	202	112	113	203
201	115	200	114	115	201
198	82	197	117	82	198

#	Normal	96
-0	-1	-0
1	0	0
-0	1	0
-1	0	0
-0	0	1
-0	-0	-1
-0	-0.0871052	-0.996199
-0	-0.258819	-0.965926
-0	-0.422846	-0.906201
-0	-0.573391	-0.819282
-0	-0.707107	-0.707107
-0	-0.819219	-0.57348
-0	-0.906328	-0.422574
-0	-0.965892	-0.258946
-0	-0.996226	-0.0867985
0	-0.996227	0.0867908
0	-0.965892	0.258946
0	-0.906313	0.422608
0	-0.819249	0.573438
0	-0.707062	0.707151
0	-0.573391	0.819282
0	-0.42292	0.906167
0	-0.258736	0.965948
0	-0.0871052	0.996199
0	0.087167	0.996194
0	0.258736	0.965948
0	0.422647	0.906294
0	0.573725	0.819048
0	0.707062	0.707151
0	0.819249	0.573438
0	0.906313	0.422608
0	0.965892	0.258946
0	0.996165	0.0874968
0	0.996164	-0.0875045
0	0.965892	-0.258946
0	0.906328	-0.422574
0	0.819219	-0.57348
0	0.707107	-0.707107
0	0.573725	-0.819048
0	0.422574	-0.906328
0	0.258819	-0.965926
0	0.087167	-0.996194
-0	-0.0871361	-0.996196
-0	-0.258786	-0.965935
-0	-0.422596	-0.906318
-0	-0.573588	-0.819144
-0	-0.707076	-0.707138
-0	-0.819328	-0.573324
-0	-0.906247	-0.422749
-0	-0.965891	-0.258949
-0	-0.996195	-0.0871507
0	-0.996196	0.0871453
0	-0.965891	0.258949
0	-0.906236	0.422773
0	-0.819349	0.573295
0	-0.707076	0.707138
0	-0.573546	0.819173
0	-0.422596	0.906318
0	-0.258786	0.965935
0	-0.087167	0.996194
0	0.0871237	0.996197
0	0.25891	0.965901
0	0.422596	0.906318
0	0.573546	0.819173
0	0.707076	0.707138
0	0.819115	0.573629
0	0.906426	0.422364
0	0.965891	0.258949
0	0.996196	0.0871453
0	0.996195	-0.0871507
0	0.965891	-0.258949
0	0.906437	-0.42234
0	0.819094	-0.573659
0	0.707076	-0.707138
0	0.573588	-0.819144
0	0.422596	-0.906318
0	0.25891	-0.965901
0	0.0870928	-0.9962
-0	-0.0871978	-0.996191
-0	-0.573546	-0.819173
-0	-0.819115	-0.573629
-0	-0.906426	-0.422364
-0	-0.996196	-0.0871453
0	-0.996195	0.0871507
0	-0.906437	0.42234
0	-0.819094	0.573659
0	-0.573588	0.819144
0	0.573588	0.819144
0	0.819094	0.573659
0	0.906437	0.42234
0	0.996195	0.0871507
0	0.996196	-0.0871453
0	0.906426	-0.422364
0	0.819115	-0.573629
0	0.573546	-0.819173
0	0.0871546	-0.996195

#	Mesh	0	End

