#	Mesh	0	Begin

#	Vertex	240
97168.3	59814.5	-50
97168.3	59814.5	5230
97368.3	59814.5	5230
97368.3	59814.5	-50
97368.3	72464.5	5230
97368.3	72464.5	-50
97368.3	61989.5	2100
97368.3	60189.5	2100
97368.3	60189.5	0
97368.3	61989.5	0
97368.3	60558.8	4130
97368.3	61158.8	4130
97368.3	61158.8	4550
97368.3	60558.8	4550
97368.3	61673.5	4568.5
97368.3	61679	4568.98
97368.3	61684.3	4570.4
97368.3	61689.3	4572.72
97368.3	61693.8	4575.87
97368.3	61697.6	4579.75
97368.3	61700.8	4584.25
97368.3	61703.1	4589.23
97368.3	61704.5	4594.53
97368.3	61705	4600
97368.3	61704.5	4605.47
97368.3	61703.1	4610.77
97368.3	61700.8	4615.75
97368.3	61697.6	4620.25
97368.3	61693.8	4624.13
97368.3	61689.3	4627.28
97368.3	61684.3	4629.6
97368.3	61679	4631.02
97368.3	61673.5	4631.5
97368.3	61668	4631.02
97368.3	61662.7	4629.6
97368.3	61657.8	4627.28
97368.3	61653.3	4624.13
97368.3	61649.4	4620.25
97368.3	61646.2	4615.75
97368.3	61643.9	4610.77
97368.3	61642.5	4605.47
97368.3	61642	4600
97368.3	61642.5	4594.53
97368.3	61643.9	4589.23
97368.3	61646.2	4584.25
97368.3	61649.4	4579.75
97368.3	61653.3	4575.87
97368.3	61657.8	4572.72
97368.3	61662.7	4570.4
97368.3	61668	4568.98
97368.3	61506.9	4568.5
97368.3	61512.4	4568.98
97368.3	61517.7	4570.4
97368.3	61522.7	4572.72
97368.3	61527.2	4575.87
97368.3	61531.1	4579.75
97368.3	61534.2	4584.25
97368.3	61536.5	4589.23
97368.3	61538	4594.53
97368.3	61538.4	4600
97368.3	61538	4605.47
97368.3	61536.5	4610.77
97368.3	61534.2	4615.75
97368.3	61531.1	4620.25
97368.3	61527.2	4624.13
97368.3	61522.7	4627.28
97368.3	61517.7	4629.6
97368.3	61512.4	4631.02
97368.3	61506.9	4631.5
97368.3	61501.5	4631.02
97368.3	61496.2	4629.6
97368.3	61491.2	4627.28
97368.3	61486.7	4624.13
97368.3	61482.8	4620.25
97368.3	61479.7	4615.75
97368.3	61477.3	4610.77
97368.3	61475.9	4605.47
97368.3	61475.4	4600
97368.3	61475.9	4594.53
97368.3	61477.3	4589.23
97368.3	61479.7	4584.25
97368.3	61482.8	4579.75
97368.3	61486.7	4575.87
97368.3	61491.2	4572.72
97368.3	61496.2	4570.4
97368.3	61501.5	4568.98
97368.3	61825.9	4575
97368.3	61830.2	4575.38
97368.3	61834.4	4576.51
97368.3	61838.4	4578.35
97368.3	61842	4580.85
97368.3	61845	4583.93
97368.3	61847.5	4587.5
97368.3	61849.4	4591.45
97368.3	61850.5	4595.66
97368.3	61850.9	4600
97368.3	61850.5	4604.34
97368.3	61849.4	4608.55
97368.3	61847.5	4612.5
97368.3	61845	4616.07
97368.3	61842	4619.15
97368.3	61838.4	4621.65
97368.3	61834.4	4623.49
97368.3	61830.2	4624.62
97368.3	61825.9	4625
97368.3	61821.6	4624.62
97368.3	61817.3	4623.49
97368.3	61813.4	4621.65
97368.3	61809.8	4619.15
97368.3	61806.7	4616.07
97368.3	61804.2	4612.5
97368.3	61802.4	4608.55
97368.3	61801.3	4604.34
97368.3	61800.9	4600
97368.3	61801.3	4595.66
97368.3	61802.4	4591.45
97368.3	61804.2	4587.5
97368.3	61806.7	4583.93
97368.3	61809.8	4580.85
97368.3	61813.4	4578.35
97368.3	61817.3	4576.51
97368.3	61821.6	4575.38
97168.3	72464.5	5230
97168.3	72464.5	-50
97168.3	60189.5	2100
97168.3	61989.5	2100
97168.3	61989.5	0
97168.3	60189.5	0
97168.3	61158.8	4130
97168.3	60558.8	4130
97168.3	60558.8	4550
97168.3	61158.8	4550
97168.3	61679	4568.98
97168.3	61673.5	4568.5
97168.3	61668	4568.98
97168.3	61662.7	4570.4
97168.3	61657.8	4572.72
97168.3	61653.3	4575.87
97168.3	61649.4	4579.75
97168.3	61646.2	4584.25
97168.3	61643.9	4589.23
97168.3	61642.5	4594.53
97168.3	61642	4600
97168.3	61642.5	4605.47
97168.3	61643.9	4610.77
97168.3	61646.2	4615.75
97168.3	61649.4	4620.25
97168.3	61653.3	4624.13
97168.3	61657.8	4627.28
97168.3	61662.7	4629.6
97168.3	61668	4631.02
97168.3	61673.5	4631.5
97168.3	61679	4631.02
97168.3	61684.3	4629.6
97168.3	61689.3	4627.28
97168.3	61693.8	4624.13
97168.3	61697.6	4620.25
97168.3	61700.8	4615.75
97168.3	61703.1	4610.77
97168.3	61704.5	4605.47
97168.3	61705	4600
97168.3	61704.5	4594.53
97168.3	61703.1	4589.23
97168.3	61700.8	4584.25
97168.3	61697.6	4579.75
97168.3	61693.8	4575.87
97168.3	61689.3	4572.72
97168.3	61684.3	4570.4
97168.3	61512.4	4568.98
97168.3	61506.9	4568.5
97168.3	61501.5	4568.98
97168.3	61496.2	4570.4
97168.3	61491.2	4572.72
97168.3	61486.7	4575.87
97168.3	61482.8	4579.75
97168.3	61479.7	4584.25
97168.3	61477.3	4589.23
97168.3	61475.9	4594.53
97168.3	61475.4	4600
97168.3	61475.9	4605.47
97168.3	61477.3	4610.77
97168.3	61479.7	4615.75
97168.3	61482.8	4620.25
97168.3	61486.7	4624.13
97168.3	61491.2	4627.28
97168.3	61496.2	4629.6
97168.3	61501.5	4631.02
97168.3	61506.9	4631.5
97168.3	61512.4	4631.02
97168.3	61517.7	4629.6
97168.3	61522.7	4627.28
97168.3	61527.2	4624.13
97168.3	61531.1	4620.25
97168.3	61534.2	4615.75
97168.3	61536.5	4610.77
97168.3	61538	4605.47
97168.3	61538.4	4600
97168.3	61538	4594.53
97168.3	61536.5	4589.23
97168.3	61534.2	4584.25
97168.3	61531.1	4579.75
97168.3	61527.2	4575.87
97168.3	61522.7	4572.72
97168.3	61517.7	4570.4
97168.3	61830.2	4575.38
97168.3	61825.9	4575
97168.3	61821.6	4575.38
97168.3	61817.3	4576.51
97168.3	61813.4	4578.35
97168.3	61809.8	4580.85
97168.3	61806.7	4583.93
97168.3	61804.2	4587.5
97168.3	61802.4	4591.45
97168.3	61801.3	4595.66
97168.3	61800.9	4600
97168.3	61801.3	4604.34
97168.3	61802.4	4608.55
97168.3	61804.2	4612.5
97168.3	61806.7	4616.07
97168.3	61809.8	4619.15
97168.3	61813.4	4621.65
97168.3	61817.3	4623.49
97168.3	61821.6	4624.62
97168.3	61825.9	4625
97168.3	61830.2	4624.62
97168.3	61834.4	4623.49
97168.3	61838.4	4621.65
97168.3	61842	4619.15
97168.3	61845	4616.07
97168.3	61847.5	4612.5
97168.3	61849.4	4608.55
97168.3	61850.5	4604.34
97168.3	61850.9	4600
97168.3	61850.5	4595.66
97168.3	61849.4	4591.45
97168.3	61847.5	4587.5
97168.3	61845	4583.93
97168.3	61842	4580.85
97168.3	61838.4	4578.35
97168.3	61834.4	4576.51

#	Triangle	86
0	2	1	3	2	0	125	9	6	126	9	125	128	12	131	11	12	128
4	9	5	9	3	5	9	8	3	8	2	3	4	6	9	7	2	8	4	7	6	4	11	7	11	10	7	10	2	7	4	86	11	86	14	11	14	12	11	13	2	10	14	13	12	14	50	13	50	85	13	85	84	13	84	2	13	86	15	14	49	50	14	49	51	50	86	16	15	48	51	49	48	52	51	86	17	16	47	52	48	47	53	52	83	2	84	86	18	17	46	53	47	46	54	53	82	2	83	4	87	86	121	18	86	4	88	87	120	18	121	120	19	18	45	54	46	45	55	54	81	2	82	4	89	88	119	19	120	4	90	89	118	19	119	118	20	19	44	55	45	44	56	55	80	2	81	4	91	90	117	20	118	4	92	91	116	20	117	116	21	20	43	56	44	43	57	56	79	2	80	4	93	92	115	21	116	115	22	21	42	57	43	42	58	57	78	2	79	4	94	93	114	22	115	114	23	22	41	58	42	41	59	58	77	2	78	4	95	94	113	23	114	4	96	95	112	23	113	112	24	23	40	59	41	40	60	59	76	2	77	4	97	96	111	24	112	111	25	24	39	60	40	39	61	60	75	2	76	4	98	97	110	25	111	110	26	25	38	61	39	38	62	61	74	2	75	4	99	98	109	26	110	109	27	26	37	62	38	37	63	62	73	2	74	4	100	99	108	27	109	4	101	100	107	27	108	107	28	27	36	63	37	36	64	63	72	2	73	4	102	101	106	28	107	4	103	102	105	28	106	105	29	28	35	64	36	35	65	64	71	2	72	4	104	103	104	29	105	4	29	104	4	30	29	34	65	35	34	66	65	70	2	71	4	31	30	33	66	34	33	67	66	69	2	70	4	32	31	32	67	33	32	68	67	68	2	69	4	68	32	4	2	68
5	122	4	123	122	5	127	7	8	124	7	127	130	10	129	13	10	130
1	127	0	127	123	0	127	126	123	126	122	123	1	124	127	125	122	126	1	129	124	129	125	124	129	128	125	128	122	125	1	130	129	131	169	128	169	133	128	133	205	128	205	122	128	1	131	130	1	171	131	171	170	131	170	169	131	168	133	169	168	134	133	132	205	133	203	134	168	203	135	134	167	205	132	1	172	171	202	135	203	202	136	135	166	205	167	1	173	172	201	136	202	201	137	136	165	205	166	165	206	205	204	122	205	165	207	206	239	122	204	1	174	173	200	137	201	200	138	137	164	207	165	164	208	207	238	122	239	164	209	208	237	122	238	1	175	174	199	138	200	199	139	138	163	209	164	163	210	209	236	122	237	163	211	210	235	122	236	1	176	175	198	139	199	198	140	139	162	211	163	162	212	211	234	122	235	1	177	176	197	140	198	197	141	140	161	212	162	161	213	212	233	122	234	1	178	177	196	141	197	196	142	141	160	213	161	160	214	213	232	122	233	1	179	178	195	142	196	195	143	142	159	214	160	159	215	214	231	122	232	159	216	215	230	122	231	1	180	179	194	143	195	194	144	143	158	216	159	158	217	216	229	122	230	1	181	180	193	144	194	193	145	144	157	217	158	157	218	217	228	122	229	1	182	181	192	145	193	192	146	145	156	218	157	156	219	218	227	122	228	156	220	219	226	122	227	1	183	182	191	146	192	191	147	146	155	220	156	155	221	220	225	122	226	155	222	221	224	122	225	1	184	183	190	147	191	190	148	147	154	222	155	154	223	222	223	122	224	154	122	223	1	185	184	189	148	190	189	149	148	153	122	154	1	186	185	188	149	189	188	150	149	152	122	153	1	187	186	187	150	188	187	151	150	151	122	152	1	151	187	1	122	151
0	5	3	123	5	0	124	6	7	125	6	124	131	13	130	12	13	131
2	122	1	4	122	2	126	8	9	127	8	126	129	11	128	10	11	129
133	15	132	14	15	133	169	51	168	50	51	169
132	16	167	15	16	132	168	52	203	51	52	168
167	17	166	16	17	167	203	53	202	52	53	203
166	18	165	17	18	166	202	54	201	53	54	202
165	19	164	18	19	165
164	20	163	19	20	164
163	21	162	20	21	163	199	57	198	56	57	199
162	22	161	21	22	162	198	58	197	57	58	198
161	23	160	22	23	161	197	59	196	58	59	197
160	24	159	23	24	160	196	60	195	59	60	196
159	25	158	24	25	159	195	61	194	60	61	195
158	26	157	25	26	158	194	62	193	61	62	194
157	27	156	26	27	157
156	28	155	27	28	156
155	29	154	28	29	155	191	65	190	64	65	191
154	30	153	29	30	154	190	66	189	65	66	190
153	31	152	30	31	153	189	67	188	66	67	189
152	32	151	31	32	152	188	68	187	67	68	188
151	33	150	32	33	151	187	69	186	68	69	187
150	34	149	33	34	150	186	70	185	69	70	186
149	35	148	34	35	149	185	71	184	70	71	185
148	36	147	35	36	148	184	72	183	71	72	184
147	37	146	36	37	147	183	73	182	72	73	183
146	38	145	37	38	146
145	39	144	38	39	145	181	75	180	74	75	181
144	40	143	39	40	144
143	41	142	40	41	143	179	77	178	76	77	179
142	42	141	41	42	142	178	78	177	77	78	178
141	43	140	42	43	141
140	44	139	43	44	140	176	80	175	79	80	176
139	45	138	44	45	139
138	46	137	45	46	138	174	82	173	81	82	174
137	47	136	46	47	137	173	83	172	82	83	173
136	48	135	47	48	136	172	84	171	83	84	172
135	49	134	48	49	135	171	85	170	84	85	171
134	14	133	49	14	134	170	50	169	85	50	170
201	55	200	54	55	201
200	56	199	55	56	200
193	63	192	62	63	193
192	64	191	63	64	192
182	74	181	73	74	182
180	76	179	75	76	180
177	79	176	78	79	177
175	81	174	80	81	175
205	87	204	86	87	205
204	88	239	87	88	204
239	89	238	88	89	239
238	90	237	89	90	238
237	91	236	90	91	237
236	92	235	91	92	236
235	93	234	92	93	235
234	94	233	93	94	234
233	95	232	94	95	233
232	96	231	95	96	232
231	97	230	96	97	231
230	98	229	97	98	230
229	99	228	98	99	229
228	100	227	99	100	228
227	101	226	100	101	227
226	102	225	101	102	226
225	103	224	102	103	225
224	104	223	103	104	224
223	105	222	104	105	223
222	106	221	105	106	222
221	107	220	106	107	221
220	108	219	107	108	220
219	109	218	108	109	219
218	110	217	109	110	218
217	111	216	110	111	217
216	112	215	111	112	216
215	113	214	112	113	215
214	114	213	113	114	214
213	115	212	114	115	213
212	116	211	115	116	212
211	117	210	116	117	211
210	118	209	117	118	210
209	119	208	118	119	209
208	120	207	119	120	208
207	121	206	120	121	207
206	86	205	121	86	206

#	Normal	86
-0	1	0
-1	0	0
-0	-1	-0
1	0	0
0	-0	1
0	0	-1
0	0.087167	-0.996194
0	0.258819	-0.965926
0	0.422574	-0.906328
0	0.573391	-0.819282
0	0.707418	-0.706795
0	0.818914	-0.573916
0	0.906328	-0.422574
0	0.965892	-0.258946
0	0.996226	-0.0867985
-0	0.996226	0.0867985
-0	0.965892	0.258946
-0	0.906328	0.422574
-0	0.818914	0.573916
-0	0.707418	0.706795
-0	0.573391	0.819282
-0	0.422574	0.906328
-0	0.258819	0.965926
-0	0.087167	0.996194
0	-0.087167	0.996194
0	-0.258819	0.965926
0	-0.422574	0.906328
0	-0.573725	0.819048
0	-0.707062	0.707151
0	-0.818914	0.573916
0	-0.906328	0.422574
0	-0.966069	0.258283
0	-0.996164	0.0875045
0	-0.996164	-0.0875045
0	-0.966069	-0.258283
0	-0.906328	-0.422574
0	-0.818914	-0.573916
0	-0.707062	-0.707151
0	-0.573725	-0.819048
0	-0.422574	-0.906328
0	-0.258819	-0.965926
0	-0.087167	-0.996194
0	0.707062	-0.707151
0	0.819249	-0.573438
-0	0.819249	0.573438
-0	0.707062	0.707151
0	-0.819249	0.573438
0	-0.965892	0.258946
0	-0.965892	-0.258946
0	-0.819249	-0.573438
0	0.0871225	-0.996198
0	0.25896	-0.965888
0	0.422573	-0.906329
0	0.573583	-0.819148
0	0.706995	-0.707219
0	0.819111	-0.573635
0	0.906478	-0.422253
0	0.965862	-0.259057
0	0.996213	-0.0869487
-0	0.996213	0.0869487
-0	0.965862	0.259057
-0	0.906478	0.422253
-0	0.819111	0.573635
-0	0.706995	0.707219
-0	0.573583	0.819148
-0	0.422573	0.906329
-0	0.25896	0.965888
-0	0.0871225	0.996198
0	-0.0872003	0.996191
0	-0.25896	0.965888
0	-0.422229	0.906489
0	-0.574004	0.818853
0	-0.706995	0.707219
0	-0.819111	0.573635
0	-0.906134	0.42299
0	-0.966086	0.258221
0	-0.996135	0.0878382
0	-0.996135	-0.0878382
0	-0.966086	-0.258221
0	-0.906134	-0.42299
0	-0.819111	-0.573635
0	-0.706995	-0.707219
0	-0.574004	-0.818853
0	-0.422229	-0.906489
0	-0.25896	-0.965888
0	-0.0872003	-0.996191

#	Mesh	0	End

