#	Mesh	0	Begin

#	Vertex	16
105868	59914.5	-50
105868	59914.5	5230
106068	59914.5	5230
106068	59914.5	-50
106068	62364.5	-50
106068	61264.5	4950
106068	61064.5	4950
106068	61064.5	-50
106068	62364.5	5230
105868	62364.5	5230
105868	62364.5	-50
105868	61064.5	4950
105868	61264.5	4950
105868	61264.5	-50
106068	61264.5	-50
105868	61064.5	-50

#	Triangle	6
0	2	1	3	2	0	12	14	5	13	14	12
8	14	4	8	5	14	6	3	7	6	2	3	8	6	5	8	2	6
4	9	8	10	9	4	6	15	11	7	15	6
1	15	0	1	11	15	12	10	13	12	9	10	1	12	11	1	9	12
13	4	14	10	4	13	7	0	15	3	0	7	6	12	5	11	12	6
2	9	1	8	9	2

#	Normal	6
-0	1	0
-1	0	0
-0	-1	-0
1	0	0
0	-0	1
0	0	-1

#	Mesh	0	End

