#	Mesh	0	Begin

#	Vertex	40
107568	72464.5	-50
107568	72464.5	4700
107568	54323.1	4700
107568	54323.1	-50
107568	56614.6	2100
107568	58114.6	2100
107568	58114.6	0
107568	56614.6	0
107568	67964.5	0
107568	66264.5	0
107568	66264.5	2400
107568	67964.5	2400
107568	64464.5	0
107568	62764.5	0
107568	62764.5	2400
107568	64464.5	2400
107768	54523.1	4700
107768	54523.1	-50
107768	72464.5	4700
107768	72464.5	-50
107768	58114.6	2100
107768	56614.6	2100
107768	56614.6	0
107768	58114.6	0
107768	66264.5	0
107768	67964.5	0
107768	67964.5	2400
107768	66264.5	2400
107768	62764.5	0
107768	64464.5	0
107768	64464.5	2400
107768	62764.5	2400
107596	55304.6	1900
107768	55304.6	1900
107596	54604.6	1900
107768	54604.6	1900
107596	54604.6	100
107768	54604.6	100
107596	55304.6	100
107768	55304.6	100

#	Triangle	7
2	7	3	7	0	3	7	6	0	6	13	0	13	12	0	12	9	0	9	8	0	8	1	0	2	4	7	5	13	6	5	14	13	15	9	12	15	10	9	11	1	8	2	5	4	2	14	5	2	15	14	2	10	15	2	11	10	2	1	11
3	16	2	17	16	3
18	25	19	25	17	19	25	24	17	24	29	17	29	28	17	28	23	17	23	22	17	22	39	17	39	37	17	37	16	17	18	26	25	27	29	24	27	30	29	31	23	28	31	20	23	21	39	22	21	33	39	35	16	37	21	35	33	21	16	35	31	21	20	31	16	21	18	27	26	18	30	27	18	31	30	18	16	31	38	34	36	32	34	38
19	1	18	0	1	19	34	37	36	35	37	34	7	21	22	4	21	7	27	9	10	24	9	27	31	13	14	28	13	31
0	17	3	19	17	0	32	35	34	33	35	32	4	20	21	5	20	4	26	10	11	27	10	26	30	14	15	31	14	30
2	18	1	16	18	2	36	39	38	37	39	36	6	22	23	7	22	6	24	8	9	25	8	24	28	12	13	29	12	28
38	33	32	39	33	38	5	23	20	6	23	5	25	11	8	26	11	25	29	15	12	30	15	29

#	Normal	7
1	0	0
-0.707107	0.707107	0
-1	0	0
-0	-1	-0
0	0	1
0	0	-1
-0	1	0

#	Mesh	0	End

