#	Mesh	0	Begin

#	Vertex	224
103470	44850.8	-50
103470	44850.8	5230
110234	51614.5	5230
110234	51614.5	-50
109235	50616.1	4137.4
109240	50620.7	4136.83
109244	50625.3	4137.4
109249	50629.8	4139.09
109253	50634	4141.85
109257	50637.7	4145.6
109260	50641	4150.22
109263	50643.7	4155.58
109265	50645.6	4161.5
109266	50646.8	4167.82
109266	50647.2	4174.33
109266	50646.8	4180.84
109265	50645.6	4187.15
109263	50643.7	4193.08
109260	50641	4198.43
109257	50637.7	4203.05
109253	50634	4206.8
109249	50629.8	4209.57
109244	50625.3	4211.26
109240	50620.7	4211.83
109235	50616.1	4211.26
109231	50611.6	4209.57
109227	50607.4	4206.8
109223	50603.7	4203.05
109220	50600.4	4198.43
109217	50597.7	4193.08
109215	50595.8	4187.15
109214	50594.6	4180.84
109213	50594.2	4174.33
109214	50594.6	4167.82
109215	50595.8	4161.5
109217	50597.7	4155.58
109220	50600.4	4150.22
109223	50603.7	4145.6
109227	50607.4	4141.85
109231	50611.6	4139.09
109485	50866.1	4140.79
109490	50870.7	4140.22
109494	50875.3	4140.79
109499	50879.8	4142.48
109503	50884	4145.25
109507	50887.7	4149
109510	50891	4153.62
109513	50893.7	4158.97
109515	50895.6	4164.9
109516	50896.8	4171.21
109516	50897.2	4177.72
109516	50896.8	4184.23
109515	50895.6	4190.55
109513	50893.7	4196.47
109510	50891	4201.83
109507	50887.7	4206.45
109503	50884	4210.2
109499	50879.8	4212.96
109494	50875.3	4214.65
109490	50870.7	4215.22
109485	50866.1	4214.65
109481	50861.6	4212.96
109477	50857.4	4210.2
109473	50853.7	4206.45
109470	50850.4	4201.83
109467	50847.7	4196.47
109465	50845.8	4190.55
109464	50844.6	4184.23
109463	50844.2	4177.72
109464	50844.6	4171.21
109465	50845.8	4164.9
109467	50847.7	4158.97
109470	50850.4	4153.62
109473	50853.7	4149
109477	50857.4	4145.25
109481	50861.6	4142.48
109735	51115.9	4149.19
109739	51119.8	4148.71
109743	51123.7	4149.19
109747	51127.4	4150.61
109750	51130.9	4152.93
109753	51134.1	4156.08
109756	51136.9	4159.96
109758	51139.1	4164.46
109760	51140.7	4169.43
109761	51141.7	4174.74
109761	51142.1	4180.21
109761	51141.7	4185.68
109760	51140.7	4190.98
109758	51139.1	4195.96
109756	51136.9	4200.46
109753	51134.1	4204.34
109750	51130.9	4207.49
109747	51127.4	4209.81
109743	51123.7	4211.23
109739	51119.8	4211.71
109735	51115.9	4211.23
109731	51112.2	4209.81
109728	51108.7	4207.49
109725	51105.5	4204.34
109722	51102.7	4200.46
109720	51100.5	4195.96
109718	51098.9	4190.98
109717	51097.9	4185.68
109717	51097.5	4180.21
109717	51097.9	4174.74
109718	51098.9	4169.43
109720	51100.5	4164.46
109722	51102.7	4159.96
109725	51105.5	4156.08
109728	51108.7	4152.93
109731	51112.2	4150.61
109951	51614.5	5230
109951	51614.5	-50
103329	44992.2	5230
103329	44992.2	-50
109098	50762.1	4136.83
109094	50757.5	4137.4
109089	50753.1	4139.09
109085	50748.9	4141.85
109081	50745.1	4145.6
109078	50741.8	4150.22
109075	50739.2	4155.58
109074	50737.2	4161.5
109072	50736	4167.82
109072	50735.6	4174.33
109072	50736	4180.84
109074	50737.2	4187.15
109075	50739.2	4193.08
109078	50741.8	4198.43
109081	50745.1	4203.05
109085	50748.9	4206.8
109089	50753.1	4209.57
109094	50757.5	4211.26
109098	50762.1	4211.83
109103	50766.7	4211.26
109108	50771.2	4209.57
109112	50775.4	4206.8
109115	50779.2	4203.05
109119	50782.4	4198.43
109121	50785.1	4193.08
109123	50787	4187.15
109125	50788.2	4180.84
109125	50788.6	4174.33
109125	50788.2	4167.82
109123	50787	4161.5
109121	50785.1	4155.58
109119	50782.4	4150.22
109115	50779.2	4145.6
109112	50775.4	4141.85
109108	50771.2	4139.09
109103	50766.7	4137.4
109348	51012.1	4140.22
109344	51007.5	4140.79
109339	51003.1	4142.48
109335	50998.9	4145.25
109331	50995.1	4149
109328	50991.8	4153.62
109325	50989.2	4158.97
109324	50987.2	4164.9
109322	50986	4171.21
109322	50985.6	4177.72
109322	50986	4184.23
109324	50987.2	4190.55
109325	50989.2	4196.47
109328	50991.8	4201.83
109331	50995.1	4206.45
109335	50998.9	4210.2
109339	51003.1	4212.96
109344	51007.5	4214.65
109348	51012.1	4215.22
109353	51016.7	4214.65
109358	51021.2	4212.96
109362	51025.4	4210.2
109365	51029.2	4206.45
109369	51032.4	4201.83
109371	51035.1	4196.47
109373	51037	4190.55
109375	51038.2	4184.23
109375	51038.6	4177.72
109375	51038.2	4171.21
109373	51037	4164.9
109371	51035.1	4158.97
109369	51032.4	4153.62
109365	51029.2	4149
109362	51025.4	4145.25
109358	51021.2	4142.48
109353	51016.7	4140.79
109598	51261.2	4148.71
109594	51257.4	4149.19
109590	51253.6	4150.61
109586	51250.1	4152.93
109583	51246.9	4156.08
109580	51244.2	4159.96
109578	51241.9	4164.46
109577	51240.3	4169.43
109576	51239.3	4174.74
109575	51238.9	4180.21
109576	51239.3	4185.68
109577	51240.3	4190.98
109578	51241.9	4195.96
109580	51244.2	4200.46
109583	51246.9	4204.34
109586	51250.1	4207.49
109590	51253.6	4209.81
109594	51257.4	4211.23
109598	51261.2	4211.71
109601	51265.1	4211.23
109605	51268.8	4209.81
109609	51272.4	4207.49
109612	51275.5	4204.34
109615	51278.3	4200.46
109617	51280.5	4195.96
109618	51282.2	4190.98
109619	51283.2	4185.68
109620	51283.5	4180.21
109619	51283.2	4174.74
109618	51282.2	4169.43
109617	51280.5	4164.46
109615	51278.3	4159.96
109612	51275.5	4156.08
109609	51272.4	4152.93
109605	51268.8	4150.61
109601	51265.1	4149.19

#	Triangle	276
2	83	3
83	82	3
82	81	3
81	80	3	4	1	0	35	1	36	70	13	12	33	1	34	106	48	107	106	49	48	69	13	70	69	14	13	67	16	15	30	1	31	66	16	67	66	17	16	102	53	52	101	53	102	28	1	29	2	92	91
80	79	3
79	78	3	78	77	3	41	7	3	5	0	3	5	4	0
77	44	3
44	43	3
43	42	3
42	41	3
7	6	3
6	5	3
39	1	4
41	8	7
38	1	39
40	8	41
75	8	40
75	9	8
37	1	38
74	9	75
77	45	44
73	9	74
73	10	9
36	1	37
76	45	77
76	46	45
72	10	73
111	46	76
72	11	10
110	46	111
109	46	110
109	47	46
71	11	72
71	12	11
34	1	35
108	47	109
108	48	47
70	12	71
107	48	108
2	84	83
32	1	33
2	85	84
105	49	106
105	50	49	103	51	104
68	14	69
68	15	14	104	50	105	104	51	50
31	1	32
2	86	85
67	15	68
2	87	86
103	52	51
2	88	87
102	52	103
29	1	30
65	17	66
2	89	88	2	90	89
65	18	17
100	53	101
100	54	53
64	18	65
64	19	18
27	1	28
2	91	90
99	54	100
99	55	54
63	19	64
63	20	19
26	1	27
98	55	99
98	56	55
62	20	63
62	21	20
25	1	26
2	93	92
97	56	98
62	22	21
24	1	25
2	94	93
96	56	97
96	57	56
61	22	62
2	95	94	2	57	95	2	1	59
95	57	96
61	23	22
23	1	24	59	1	60
61	1	23
2	58	57
60	1	61
2	59	58
3	112	2	113	112	3
114	113	115	114	117	113	221	220	113	114	118	117	183	192	191	114	123	122	145	158	146	145	159	158	181	193	182	181	194	193	114	124	123	144	159	145	181	195	194	144	160	159	180	195	181	114	127	126	141	162	142	141	163	162	114	128	127	140	163	141	140	164	163	176	199	177	176	200	199	176	201	200	209	112	210	114	133	132	114	169	168
117	116	113
116	151	113
151	150	113
150	152	113
152	187	113
187	186	113
186	185	113
185	188	113
188	223	113	223	222	113
222	221	113
220	219	113
219	218	113
218	217	113
217	112	113
114	119	118
149	152	150
149	153	152
149	154	153
114	120	119
148	154	149
148	155	154
148	156	155
184	188	185
114	121	120
147	156	148
184	189	188
147	157	156
183	189	184
183	190	189
114	122	121
146	157	147	139	165	164
183	191	190
146	158	157	139	164	140
182	192	183
182	193	192
114	125	124
143	160	144	142	162	161
180	196	195
216	112	217
143	161	160	142	161	143
179	196	180
114	126	125
179	197	196
215	112	216
178	197	179
178	198	197
214	112	215
177	198	178
177	199	198
213	112	214
212	112	213
114	129	128
211	112	212
175	201	176
114	130	129
138	165	139
175	202	201
210	112	211
138	166	165
174	202	175
114	131	130
137	166	138
174	203	202
137	167	166
173	203	174
114	132	131
136	167	137
173	204	203
208	112	209
135	167	136
173	205	204
207	112	208
135	168	167
172	205	173
172	206	205
206	112	207	172	112	206
114	134	133
134	168	135
114	168	134
171	112	172
114	170	169
170	112	171
114	112	170
115	1	114	0	1	115
0	113	3	115	113	0
2	114	1	112	114	2
5	117	4	41	153	40
116	117	5	152	153	41
4	118	39
117	118	4
39	119	38	118	119	39
38	120	37	119	120	38	74	156	73	155	156	74
37	121	36	120	121	37	73	157	72	156	157	73
36	122	35	72	158	71
121	122	36	157	158	72
35	123	34	71	159	70
122	123	35	158	159	71
34	124	33	123	124	34	70	160	69	159	160	70
33	125	32	124	125	33	69	161	68	160	161	69
32	126	31	125	126	32	68	162	67	161	162	68
31	127	30	126	127	31	67	163	66	162	163	67
30	128	29	66	164	65
127	128	30	163	164	66
29	129	28	65	165	64
128	129	29	164	165	65
28	130	27	129	130	28	64	166	63	165	166	64
27	131	26	130	131	27	63	167	62	166	167	63
26	132	25	131	132	26	62	168	61	167	168	62
25	133	24	61	169	60
132	133	25	168	169	61
24	134	23	60	170	59
133	134	24	169	170	60
23	135	22	59	171	58
134	135	23	170	171	59
22	136	21	135	136	22	58	172	57	171	172	58
21	137	20	136	137	21	57	173	56	172	173	57
20	138	19	137	138	20	56	174	55	173	174	56
19	139	18	138	139	19	55	175	54	174	175	55
18	140	17	139	140	18	54	176	53	175	176	54
17	141	16	140	141	17	53	177	52	176	177	53
16	142	15	141	142	16	52	178	51	177	178	52
15	143	14	51	179	50
142	143	15	178	179	51
14	144	13	50	180	49
143	144	14	179	180	50
13	145	12	144	145	13	49	181	48	180	181	49
12	146	11	145	146	12	48	182	47	181	182	48
11	147	10	146	147	11	47	183	46	182	183	47
10	148	9	147	148	10	46	184	45	183	184	46
9	149	8	148	149	9	45	185	44	184	185	45
8	150	7	149	150	8
7	151	6	150	151	7
6	116	5	42	152	41
151	116	6	187	152	42
40	154	75
153	154	40
75	155	74	154	155	75
44	186	43	185	186	44
43	187	42	186	187	43
77	189	76	188	189	77
76	190	111	189	190	76
111	191	110
190	191	111
110	192	109
191	192	110
109	193	108
192	193	109
108	194	107
193	194	108
107	195	106	194	195	107
106	196	105	195	196	106
105	197	104
196	197	105
104	198	103
197	198	104
103	199	102	198	199	103
102	200	101	199	200	102
101	201	100
200	201	101
100	202	99
201	202	100
99	203	98
202	203	99
98	204	97
203	204	98
97	205	96	204	205	97
96	206	95	205	206	96
95	207	94	206	207	95
94	208	93	207	208	94
93	209	92	208	209	93
92	210	91	209	210	92
91	211	90	210	211	91
90	212	89	211	212	90
89	213	88	212	213	89
88	214	87	213	214	88
87	215	86	214	215	87
86	216	85	215	216	86
85	217	84	216	217	85
84	218	83	217	218	84
83	219	82	218	219	83
82	220	81	219	220	82
81	221	80	220	221	81
80	222	79	221	222	80
79	223	78	222	223	79
78	188	77	223	188	78

#	Normal	276
-0.707104	0.70711	0
-0.707106	0.707107	-5.33765e-007
-0.70754	0.706673	-9.89713e-005
-0.707107	0.707107	0
-0.706742	0.707471	8.38889e-005
-0.707107	0.707107	-6.2988e-007
-0.707118	0.707095	-3.41184e-006
-0.706516	0.707697	0.000206478
-0.707397	0.706817	-0.000102331
-0.706813	0.7074	0.000103489
-0.707391	0.706823	-0.000134193
-0.706815	0.707398	0.000137604
-0.706794	0.707412	0.00326193
-0.70711	0.707101	0.00201433
-0.707239	0.706973	-0.00140343
-0.707119	0.707094	-0.000199522
-0.707114	0.707098	0.00158937
-0.70711	0.707102	-0.00146519
-0.707021	0.707192	0.000909677
-0.707107	0.707106	-0.00100225
-0.707107	0.707105	-0.00147148
-0.707106	0.707107	0.000737865
-0.707109	0.707103	0.00119949
-0.707172	0.707042	-0.000689602
-0.707091	0.707098	0.00582493
-0.707101	0.707112	0.00118733
-0.707115	0.707098	-0.000609278
-0.707113	0.7071	-3.41878e-005
-0.707116	0.707098	-0.000506862
-0.707113	0.7071	-1.93206e-005
-0.707114	0.707099	-0.000892733
-0.707117	0.707097	-0.000505975
-0.707113	0.7071	-6.64007e-006
-0.707114	0.7071	4.48685e-006
-0.707061	0.707153	0.000496725
-0.707113	0.7071	-9.29904e-006
-0.707113	0.7071	4.36215e-006
-0.707111	0.707103	0.000463641
-0.707106	0.707107	0.000614795
-0.707096	0.707118	-7.33417e-006
-0.707146	0.707067	-0.000429106
-0.708114	0.706098	0.000903059
-0.707109	0.707104	-0.000521663
-0.707114	0.7071	8.58025e-007
-0.70711	0.707103	-0.000424595
-0.707114	0.7071	-8.7396e-007
-0.707068	0.707145	0.000419423
-0.706453	0.70776	-0.000585749
-0.70711	0.707103	0.000424632
-0.707597	0.706616	0.000444318
-0.707114	0.7071	-2.59727e-006
-0.706701	0.707512	-0.000367036
-0.707107	0.707106	0.000521003
-0.707147	0.707067	-0.000439886
-0.70711	0.707104	-0.00046432
-0.707105	0.707108	1.11554e-006
-0.707118	0.707096	0.000504995
-0.707107	0.707106	-0.000613317
-0.707118	0.707095	0.000504558
-0.70712	0.707093	1.31561e-005
-0.70711	0.707103	-0.00120009
-0.707059	0.707154	0.000530561
-0.707409	0.706804	0.000283543
-0.70712	0.707094	1.83425e-005
-0.707112	0.7071	-0.00120345
-0.707105	0.707108	0.000595167
-0.707111	0.707101	0.00146302
-0.707162	0.707051	-0.000624232
-0.707102	0.707111	0.000868647
-0.707103	0.707109	0.00147894
-0.707113	0.7071	-0.000722805
-0.707103	0.707108	-0.00199154
-0.707037	0.707176	0.000788058
-0.706808	0.707406	-0.00028281
-0.707113	0.707101	1.82858e-005
-0.707108	0.707104	0.00162068
-0.707205	0.707008	-0.00111268
-0.707106	0.707107	2.29269e-006
-0.707113	0.707101	3.17968e-005
-0.707107	0.707104	-0.00200451
-0.70711	0.707103	0.00101104
-0.707107	0.707107	2.5587e-006
-0.70711	0.707081	-0.00553829
-0.707083	0.707116	-0.00458032
-0.707107	0.707107	1.59414e-006
-0.707101	0.707112	6.59218e-005
-0.707349	0.706864	0.000353133
-0.707202	0.707011	-0.00112878
-0.706832	0.707382	-0.000400412
-0	-1	-0
0.707107	-0.707107	0
0.706799	-0.707414	-0.000125883
0.707399	-0.706814	0.000118511
0.707394	-0.706819	0.000116376
0.707095	-0.707118	-3.95285e-006
0.707402	-0.706812	8.41041e-005
0.7074	-0.706813	8.37579e-005
0.706504	-0.707709	-0.000170012
0.707118	-0.707095	2.62556e-006
0.707107	-0.707107	6.51068e-007
0.706734	-0.707479	-6.0605e-005
0.707558	-0.706655	7.28185e-005
0.707106	-0.707107	5.64952e-007
0.707106	-0.707108	5.28372e-007
0.707103	-0.707111	0
0.707239	-0.706973	0.00140343
0.707099	-0.707112	-0.00197929
0.707115	-0.70708	0.00513275
0.707113	-0.707101	3.17642e-005
0.707021	-0.707192	-0.000909677
0.70711	-0.707102	0.00146519
0.707107	-0.707106	0.00100225
0.707106	-0.707107	-0.000737865
0.707107	-0.707105	0.00147148
0.707172	-0.707042	0.000689602
0.707109	-0.707103	-0.00119949
0.707091	-0.707098	-0.00582493
0.707115	-0.707098	0.000609278
0.707101	-0.707112	-0.00118733
0.707113	-0.7071	3.41878e-005
0.707054	-0.70716	-0.000568459
0.707116	-0.707098	0.000506862
0.707104	-0.707108	-0.00119617
0.707111	-0.707102	-0.00051164
0.707104	-0.70711	0.000518797
0.707105	-0.707108	0.000709006
0.707146	-0.707067	0.000429106
0.70711	-0.707103	-0.000424632
0.707109	-0.707104	0.000521663
0.709197	-0.705009	-0.00131499
0.707117	-0.707096	0.000425465
0.707117	-0.707096	-0.000425496
0.707068	-0.707145	-0.000419423
0.707117	-0.707097	-0.000503748
0.706105	-0.708107	0.000628659
0.707111	-0.707102	0.000424708
0.707112	-0.707102	0.000504316
0.707772	-0.70644	-0.000422662
0.707114	-0.7071	2.59727e-006
0.707107	-0.707106	-0.000521003
0.706593	-0.70762	0.000325964
0.707105	-0.707109	-1.34928e-006
0.707149	-0.707064	0.00047356
0.707105	-0.707108	-1.61641e-006
0.707112	-0.707102	-0.000511036
0.707059	-0.707154	-0.000530561
0.70711	-0.707103	0.00120009
0.707111	-0.707102	-0.000717318
0.70745	-0.706764	-0.00022667
0.707105	-0.707108	-0.000595167
0.707099	-0.707113	0.00118538
0.707162	-0.707051	0.000624232
0.707111	-0.707101	-0.00146302
0.707094	-0.707119	2.53697e-005
0.707113	-0.7071	0.000722805
0.707097	-0.707115	-0.0014915
0.707037	-0.707176	-0.000788058
0.707103	-0.707108	0.00199154
0.707113	-0.707099	0.00116878
0.706785	-0.707428	0.000215048
0.707108	-0.707104	-0.00162068
0.707113	-0.707101	-3.17968e-005
0.707106	-0.707107	-2.39941e-006
0.70711	-0.707103	-0.00101104
0.707107	-0.707104	0.00200451
0.70711	-0.707081	0.00553829
0.707107	-0.707107	-2.60086e-006
0.706929	-0.707282	-0.00199581
0.707116	-0.707083	-0.00458054
0.707112	-0.707101	6.59228e-005
0.70736	-0.706854	-0.000297903
0.706932	-0.707278	-0.00204978
0.707386	-0.706827	-0.000329268
0.707107	-0.707107	2.72191e-006
0.707107	0.707107	0
0	0	1
0	0	-1
-0.0616795	-0.0616812	-0.996188
-0.0616042	-0.0616008	-0.996198
-0.183087	-0.183087	-0.965898
-0.18316	-0.183165	-0.965869
-0.298557	-0.298557	-0.906492
-0.405814	-0.405814	-0.81892
-0.499756	-0.499756	-0.707451
-0.579413	-0.579429	-0.573186
-0.579281	-0.579281	-0.57347
-0.640759	-0.640759	-0.422913
-0.640865	-0.640883	-0.422566
-0.68305	-0.68305	-0.25862
-0.704397	-0.704397	-0.0874686
-0.704397	-0.704397	0.0874686
-0.68305	-0.68305	0.25862
-0.64075	-0.640768	0.422913
-0.640874	-0.640874	0.422566
-0.579421	-0.579421	0.573186
-0.579273	-0.579289	0.57347
-0.499756	-0.499756	0.707451
-0.405814	-0.405814	0.81892
-0.298557	-0.298557	0.906492
-0.183085	-0.18309	0.965898
-0.183162	-0.183162	0.965869
-0.0616821	-0.0616787	0.996188
-0.0616017	-0.0616034	0.996198
0.0616025	0.0616025	0.996198
0.0616561	0.0616527	0.996191
0.183087	0.183087	0.965898
0.298672	0.298672	0.906416
0.405673	0.405673	0.819059
0.499906	0.499906	0.70724
0.579281	0.579281	0.57347
0.640874	0.640874	0.422566
0.68305	0.68305	0.25862
0.704361	0.70438	0.0878879
0.704397	0.704397	0.0874686
0.704371	0.704371	-0.0878879
0.704387	0.704406	-0.0874686
0.68305	0.68305	-0.25862
0.640874	0.640874	-0.422566
0.579281	0.579281	-0.57347
0.499906	0.499906	-0.70724
0.405673	0.405673	-0.819059
0.298672	0.298672	-0.906416
0.183087	0.183087	-0.965898
0.0616042	0.0616008	-0.996198
0.0616544	0.0616544	-0.996191
-0.183038	-0.183038	-0.965916
-0.18311	-0.183115	-0.965888
-0.298601	-0.298601	-0.906463
0.298715	0.298715	-0.906388
0.183038	0.183038	-0.965916
-0.0616647	-0.0616647	-0.99619
-0.182999	-0.182999	-0.965931
-0.299034	-0.299042	-0.906175
-0.298901	-0.298901	-0.906265
-0.405155	-0.405132	-0.819584
-0.405639	-0.40565	-0.819088
-0.500301	-0.500314	-0.706672
-0.499788	-0.49976	-0.707426
-0.579084	-0.579084	-0.573866
-0.579244	-0.57926	-0.573529
-0.640877	-0.640877	-0.422556
-0.682968	-0.682968	-0.259053
-0.704445	-0.704464	-0.0865318
-0.704424	-0.704424	-0.0870311
-0.704455	-0.704455	0.0865241
-0.704414	-0.704434	0.0870234
-0.682968	-0.682968	0.259053
-0.640866	-0.640866	0.42259
-0.579097	-0.579113	0.573825
-0.579272	-0.579272	0.573487
-0.500321	-0.500294	0.706672
-0.499767	-0.499781	0.707426
-0.405096	-0.405107	0.819625
-0.405614	-0.405591	0.81913
-0.299089	-0.299089	0.906141
-0.298949	-0.298957	0.906231
-0.182999	-0.182999	0.965931
-0.0616023	-0.0616023	0.996198
0.0616332	0.0616332	0.996194
0.182999	0.182999	0.965931
0.298681	0.298681	0.90641
0.405602	0.405602	0.81913
0.50013	0.50013	0.706924
0.579272	0.579272	0.573487
0.640866	0.640866	0.42259
0.682968	0.682968	0.259053
0.704424	0.704424	0.0870234
0.704424	0.704424	-0.0870311
0.682968	0.682968	-0.259053
0.640877	0.640877	-0.422556
0.579252	0.579252	-0.573529
0.50013	0.50013	-0.706924
0.405645	0.405645	-0.819088
0.298629	0.298629	-0.906444
0.182999	0.182999	-0.965931
0.0616956	0.0616956	-0.996186

#	Mesh	0	End

