#	Mesh	0	Begin

#	Vertex	224
112318	54014.5	300
112318	54014.5	4250
112118	54014.5	4250
112118	54014.5	300
112118	51864.5	4250
112118	51864.5	300
112118	52219.6	4168.5
112118	52214.2	4168.98
112118	52208.9	4170.4
112118	52203.9	4172.72
112118	52199.4	4175.87
112118	52195.5	4179.75
112118	52192.4	4184.25
112118	52190.1	4189.23
112118	52188.6	4194.53
112118	52188.1	4200
112118	52188.6	4205.47
112118	52190.1	4210.77
112118	52192.4	4215.75
112118	52195.5	4220.25
112118	52199.4	4224.13
112118	52203.9	4227.28
112118	52208.9	4229.6
112118	52214.2	4231.02
112118	52219.6	4231.5
112118	52225.1	4231.02
112118	52230.4	4229.6
112118	52235.4	4227.28
112118	52239.9	4224.13
112118	52243.8	4220.25
112118	52246.9	4215.75
112118	52249.3	4210.77
112118	52250.7	4205.47
112118	52251.1	4200
112118	52250.7	4194.53
112118	52249.3	4189.23
112118	52246.9	4184.25
112118	52243.8	4179.75
112118	52239.9	4175.87
112118	52235.4	4172.72
112118	52230.4	4170.4
112118	52225.1	4168.98
112118	52369.6	4168.5
112118	52364.2	4168.98
112118	52358.9	4170.4
112118	52353.9	4172.72
112118	52349.4	4175.87
112118	52345.5	4179.75
112118	52342.4	4184.25
112118	52340.1	4189.23
112118	52338.6	4194.53
112118	52338.1	4200
112118	52338.6	4205.47
112118	52340.1	4210.77
112118	52342.4	4215.75
112118	52345.5	4220.25
112118	52349.4	4224.13
112118	52353.9	4227.28
112118	52358.9	4229.6
112118	52364.2	4231.02
112118	52369.6	4231.5
112118	52375.1	4231.02
112118	52380.4	4229.6
112118	52385.4	4227.28
112118	52389.9	4224.13
112118	52393.8	4220.25
112118	52396.9	4215.75
112118	52399.3	4210.77
112118	52400.7	4205.47
112118	52401.1	4200
112118	52400.7	4194.53
112118	52399.3	4189.23
112118	52396.9	4184.25
112118	52393.8	4179.75
112118	52389.9	4175.87
112118	52385.4	4172.72
112118	52380.4	4170.4
112118	52375.1	4168.98
112118	52519.7	4156.57
112118	52515.3	4156.95
112118	52511.1	4158.08
112118	52507.2	4159.92
112118	52503.6	4162.42
112118	52500.5	4165.5
112118	52498	4169.07
112118	52496.2	4173.02
112118	52495	4177.23
112118	52494.7	4181.57
112118	52495	4185.91
112118	52496.2	4190.12
112118	52498	4194.07
112118	52500.5	4197.64
112118	52503.6	4200.72
112118	52507.2	4203.22
112118	52511.1	4205.06
112118	52515.3	4206.19
112118	52519.7	4206.57
112118	52524	4206.19
112118	52528.2	4205.06
112118	52532.2	4203.22
112118	52535.7	4200.72
112118	52538.8	4197.64
112118	52541.3	4194.07
112118	52543.1	4190.12
112118	52544.3	4185.91
112118	52544.7	4181.57
112118	52544.3	4177.23
112118	52543.1	4173.02
112118	52541.3	4169.07
112118	52538.8	4165.5
112118	52535.7	4162.42
112118	52532.2	4159.92
112118	52528.2	4158.08
112118	52524	4156.95
112318	51864.5	4250
112318	51864.5	300
112318	52214.2	4168.98
112318	52219.6	4168.5
112318	52225.1	4168.98
112318	52230.4	4170.4
112318	52235.4	4172.72
112318	52239.9	4175.87
112318	52243.8	4179.75
112318	52246.9	4184.25
112318	52249.3	4189.23
112318	52250.7	4194.53
112318	52251.1	4200
112318	52250.7	4205.47
112318	52249.3	4210.77
112318	52246.9	4215.75
112318	52243.8	4220.25
112318	52239.9	4224.13
112318	52235.4	4227.28
112318	52230.4	4229.6
112318	52225.1	4231.02
112318	52219.6	4231.5
112318	52214.2	4231.02
112318	52208.9	4229.6
112318	52203.9	4227.28
112318	52199.4	4224.13
112318	52195.5	4220.25
112318	52192.4	4215.75
112318	52190.1	4210.77
112318	52188.6	4205.47
112318	52188.1	4200
112318	52188.6	4194.53
112318	52190.1	4189.23
112318	52192.4	4184.25
112318	52195.5	4179.75
112318	52199.4	4175.87
112318	52203.9	4172.72
112318	52208.9	4170.4
112318	52364.2	4168.98
112318	52369.6	4168.5
112318	52375.1	4168.98
112318	52380.4	4170.4
112318	52385.4	4172.72
112318	52389.9	4175.87
112318	52393.8	4179.75
112318	52396.9	4184.25
112318	52399.3	4189.23
112318	52400.7	4194.53
112318	52401.1	4200
112318	52400.7	4205.47
112318	52399.3	4210.77
112318	52396.9	4215.75
112318	52393.8	4220.25
112318	52389.9	4224.13
112318	52385.4	4227.28
112318	52380.4	4229.6
112318	52375.1	4231.02
112318	52369.6	4231.5
112318	52364.2	4231.02
112318	52358.9	4229.6
112318	52353.9	4227.28
112318	52349.4	4224.13
112318	52345.5	4220.25
112318	52342.4	4215.75
112318	52340.1	4210.77
112318	52338.6	4205.47
112318	52338.1	4200
112318	52338.6	4194.53
112318	52340.1	4189.23
112318	52342.4	4184.25
112318	52345.5	4179.75
112318	52349.4	4175.87
112318	52353.9	4172.72
112318	52358.9	4170.4
112318	52515.3	4156.95
112318	52519.7	4156.57
112318	52524	4156.95
112318	52528.2	4158.08
112318	52532.2	4159.92
112318	52535.7	4162.42
112318	52538.8	4165.5
112318	52541.3	4169.07
112318	52543.1	4173.02
112318	52544.3	4177.23
112318	52544.7	4181.57
112318	52544.3	4185.91
112318	52543.1	4190.12
112318	52541.3	4194.07
112318	52538.8	4197.64
112318	52535.7	4200.72
112318	52532.2	4203.22
112318	52528.2	4205.06
112318	52524	4206.19
112318	52519.7	4206.57
112318	52515.3	4206.19
112318	52511.1	4205.06
112318	52507.2	4203.22
112318	52503.6	4200.72
112318	52500.5	4197.64
112318	52498	4194.07
112318	52496.2	4190.12
112318	52495	4185.91
112318	52494.7	4181.57
112318	52495	4177.23
112318	52496.2	4173.02
112318	52498	4169.07
112318	52500.5	4165.5
112318	52503.6	4162.42
112318	52507.2	4159.92
112318	52511.1	4158.08

#	Triangle	78
0	2	1	3	2	0
4	3	5	4	7	3	7	6	3	6	79	3	79	78	3	78	2	3	113	2	78	6	80	79	112	2	113	6	81	80	111	2	112	6	82	81	110	2	111	6	83	82	109	2	110	6	42	83	42	84	83	108	2	109	41	42	6	41	43	42	77	84	42	4	8	7	40	43	41	40	44	43	76	84	77	76	85	84	107	2	108	4	9	8	39	44	40	39	45	44	75	85	76	4	10	9	38	45	39	38	46	45	74	85	75	74	86	85	106	2	107	4	11	10	37	46	38	37	47	46	73	86	74	73	87	86	105	2	106	4	12	11	36	47	37	36	48	47	72	87	73	72	88	87	104	2	105	4	13	12	35	48	36	35	49	48	71	88	72	71	89	88	103	2	104	4	14	13	34	49	35	34	50	49	70	89	71	70	90	89	102	2	103	70	91	90	101	2	102	4	15	14	33	50	34	33	51	50	69	91	70	69	92	91	100	2	101	4	16	15	32	51	33	32	52	51	68	92	69	68	93	92	99	2	100	68	94	93	98	2	99	68	95	94	97	2	98	4	17	16	31	52	32	31	53	52	67	95	68	67	96	95	96	2	97	67	2	96	4	18	17	30	53	31	30	54	53	66	2	67	4	19	18	29	54	30	29	55	54	65	2	66	4	20	19	28	55	29	28	56	55	64	2	65	4	21	20	27	56	28	27	57	56	63	2	64	4	22	21	26	57	27	26	58	57	62	2	63	4	23	22	25	58	26	25	59	58	61	2	62	4	24	23	24	59	25	24	60	59	60	2	61	4	60	24	4	2	60
5	114	4	115	114	5
1	115	0	1	189	115	189	188	115	188	153	115	153	117	115	117	116	115	116	114	115	1	190	189	1	191	190	223	153	188	1	192	191	222	153	223	1	193	192	221	153	222	1	194	193	220	153	221	1	195	194	219	153	220	219	154	153	152	117	153	152	118	117	219	155	154	187	118	152	187	119	118	151	114	116	1	196	195	218	155	219	218	156	155	186	119	187	186	120	119	150	114	151	218	157	156	185	120	186	185	121	120	149	114	150	1	197	196	217	157	218	217	158	157	184	121	185	184	122	121	148	114	149	1	198	197	216	158	217	216	159	158	183	122	184	183	123	122	147	114	148	1	199	198	215	159	216	215	160	159	182	123	183	182	124	123	146	114	147	1	200	199	214	160	215	214	161	160	181	124	182	181	125	124	145	114	146	1	201	200	213	161	214	1	202	201	212	161	213	212	162	161	180	125	181	180	126	125	144	114	145	1	203	202	211	162	212	211	163	162	179	126	180	179	127	126	143	114	144	1	204	203	210	163	211	1	205	204	209	163	210	1	206	205	208	163	209	208	164	163	178	127	179	178	128	127	142	114	143	1	207	206	207	164	208	1	164	207	1	165	164	177	128	178	177	129	128	141	114	142	1	166	165	176	129	177	176	130	129	140	114	141	1	167	166	175	130	176	175	131	130	139	114	140	1	168	167	174	131	175	174	132	131	138	114	139	1	169	168	173	132	174	173	133	132	137	114	138	1	170	169	172	133	173	172	134	133	136	114	137	1	171	170	171	134	172	171	135	134	135	114	136	1	135	171	1	114	135
0	5	3	115	5	0
2	114	1	4	114	2
117	7	116	6	7	117	153	43	152	42	43	153
116	8	151	7	8	116	152	44	187	43	44	152
151	9	150	8	9	151	187	45	186	44	45	187
150	10	149	9	10	150	186	46	185	45	46	186
149	11	148	10	11	149	185	47	184	46	47	185
148	12	147	11	12	148	184	48	183	47	48	184
147	13	146	12	13	147	183	49	182	48	49	183
146	14	145	13	14	146	182	50	181	49	50	182
145	15	144	14	15	145	181	51	180	50	51	181
144	16	143	15	16	144	180	52	179	51	52	180
143	17	142	16	17	143	179	53	178	52	53	179
142	18	141	17	18	142	178	54	177	53	54	178
141	19	140	18	19	141	177	55	176	54	55	177
140	20	139	19	20	140	176	56	175	55	56	176
139	21	138	20	21	139	175	57	174	56	57	175
138	22	137	21	22	138	174	58	173	57	58	174
137	23	136	22	23	137	173	59	172	58	59	173
136	24	135	23	24	136	172	60	171	59	60	172
135	25	134	24	25	135	171	61	170	60	61	171
134	26	133	25	26	134	170	62	169	61	62	170
133	27	132	26	27	133	169	63	168	62	63	169
132	28	131	27	28	132	168	64	167	63	64	168
131	29	130	28	29	131	167	65	166	64	65	167
130	30	129	29	30	130	166	66	165	65	66	166
129	31	128	30	31	129	165	67	164	66	67	165
128	32	127	31	32	128	164	68	163	67	68	164
127	33	126	32	33	127	163	69	162	68	69	163
126	34	125	33	34	126	162	70	161	69	70	162
125	35	124	34	35	125	161	71	160	70	71	161
124	36	123	35	36	124	160	72	159	71	72	160
123	37	122	36	37	123	159	73	158	72	73	159
122	38	121	37	38	122	158	74	157	73	74	158
121	39	120	38	39	121	157	75	156	74	75	157
120	40	119	39	40	120	156	76	155	75	76	156
119	41	118	40	41	119	155	77	154	76	77	155
118	6	117	41	6	118	154	42	153	77	42	154
189	79	188	78	79	189
188	80	223	79	80	188
223	81	222	80	81	223
222	82	221	81	82	222
221	83	220	82	83	221
220	84	219	83	84	220
219	85	218	84	85	219
218	86	217	85	86	218
217	87	216	86	87	217
216	88	215	87	88	216
215	89	214	88	89	215
214	90	213	89	90	214
213	91	212	90	91	213
212	92	211	91	92	212
211	93	210	92	93	211
210	94	209	93	94	210
209	95	208	94	95	209
208	96	207	95	96	208
207	97	206	96	97	207
206	98	205	97	98	206
205	99	204	98	99	205
204	100	203	99	100	204
203	101	202	100	101	203
202	102	201	101	102	202
201	103	200	102	103	201
200	104	199	103	104	200
199	105	198	104	105	199
198	106	197	105	106	198
197	107	196	106	107	197
196	108	195	107	108	196
195	109	194	108	109	195
194	110	193	109	110	194
193	111	192	110	111	193
192	112	191	111	112	192
191	113	190	112	113	191
190	78	189	113	78	190

#	Normal	78
-0	-1	-0
1	0	0
-0	1	0
-1	0	0
-0	0	1
-0	-0	-1
-0	-0.087167	-0.996194
-0	-0.258819	-0.965926
-0	-0.422574	-0.906328
-0	-0.573725	-0.819048
-0	-0.707062	-0.707151
-0	-0.819249	-0.573438
-0	-0.906328	-0.422574
-0	-0.965892	-0.258946
-0	-0.996164	-0.0875045
0	-0.996164	0.0875045
0	-0.965892	0.258946
0	-0.906328	0.422574
0	-0.819249	0.573438
0	-0.707062	0.707151
0	-0.573725	0.819048
0	-0.422574	0.906328
0	-0.258819	0.965926
0	-0.087167	0.996194
0	0.0871052	0.996199
0	0.258997	0.965878
0	0.422574	0.906328
0	0.573391	0.819282
0	0.707062	0.707151
0	0.819249	0.573438
0	0.906328	0.422574
0	0.965892	0.258946
0	0.996226	0.0867985
0	0.996226	-0.0867985
0	0.965892	-0.258946
0	0.906328	-0.422574
0	0.819249	-0.573438
0	0.707062	-0.707151
0	0.573391	-0.819282
0	0.422574	-0.906328
0	0.258997	-0.965878
0	0.0871052	-0.996199
-0	-0.0871225	-0.996198
-0	-0.258856	-0.965916
-0	-0.422665	-0.906286
-0	-0.573507	-0.8192
-0	-0.707051	-0.707163
-0	-0.819111	-0.573635
-0	-0.906458	-0.422296
-0	-0.96587	-0.259029
-0	-0.996213	-0.0869487
0	-0.996212	0.0869584
0	-0.96587	0.259029
0	-0.906478	0.422253
0	-0.819074	0.573688
0	-0.707051	0.707163
0	-0.573507	0.8192
0	-0.422665	0.906286
0	-0.25896	0.965888
0	-0.0871225	0.996198
0	0.0872003	0.996191
0	0.258736	0.965948
0	0.422665	0.906286
0	0.573507	0.8192
0	0.707499	0.706714
0	0.819074	0.573688
0	0.906134	0.42299
0	0.966093	0.258193
0	0.996134	0.087848
0	0.996135	-0.0878382
0	0.966093	-0.258193
0	0.906114	-0.423033
0	0.819111	-0.573635
0	0.707499	-0.706714
0	0.573507	-0.8192
0	0.422665	-0.906286
0	0.258632	-0.965976
0	0.0872003	-0.996191

#	Mesh	0	End

