#	Mesh	0	Begin

#	Vertex	680
97168.3	62364.5	-50
97168.3	62364.5	5230
97168.3	62564.5	5230
97168.3	62564.5	-50
87318.3	62564.5	5230
87318.3	62564.5	-50
95068.3	62564.5	2700
96868.3	62564.5	2700
96868.3	62564.5	0
95068.3	62564.5	0
91793	62564.5	4210
90693	62564.5	4210
90693	62564.5	4630
91793	62564.5	4630
93881.2	62564.5	4290
93381.2	62564.5	4290
93381.2	62564.5	4550
93881.2	62564.5	4550
89119.4	62564.5	4575
89115.1	62564.5	4575.38
89110.9	62564.5	4576.51
89106.9	62564.5	4578.35
89103.4	62564.5	4580.85
89100.3	62564.5	4583.93
89097.8	62564.5	4587.5
89095.9	62564.5	4591.45
89094.8	62564.5	4595.66
89094.4	62564.5	4600
89094.8	62564.5	4604.34
89095.9	62564.5	4608.55
89097.8	62564.5	4612.5
89100.3	62564.5	4616.07
89103.4	62564.5	4619.15
89106.9	62564.5	4621.65
89110.9	62564.5	4623.49
89115.1	62564.5	4624.62
89119.4	62564.5	4625
89123.8	62564.5	4624.62
89128	62564.5	4623.49
89131.9	62564.5	4621.65
89135.5	62564.5	4619.15
89138.6	62564.5	4616.07
89141.1	62564.5	4612.5
89142.9	62564.5	4608.55
89144.1	62564.5	4604.34
89144.4	62564.5	4600
89144.1	62564.5	4595.66
89142.9	62564.5	4591.45
89141.1	62564.5	4587.5
89138.6	62564.5	4583.93
89135.5	62564.5	4580.85
89131.9	62564.5	4578.35
89128	62564.5	4576.51
89123.8	62564.5	4575.38
89271.8	62564.5	4568.5
89266.4	62564.5	4568.98
89261	62564.5	4570.4
89256.1	62564.5	4572.72
89251.6	62564.5	4575.87
89247.7	62564.5	4579.75
89244.5	62564.5	4584.25
89242.2	62564.5	4589.23
89240.8	62564.5	4594.53
89240.3	62564.5	4600
89240.8	62564.5	4605.47
89242.2	62564.5	4610.77
89244.5	62564.5	4615.75
89247.7	62564.5	4620.25
89251.6	62564.5	4624.13
89256.1	62564.5	4627.28
89261	62564.5	4629.6
89266.4	62564.5	4631.02
89271.8	62564.5	4631.5
89277.3	62564.5	4631.02
89282.6	62564.5	4629.6
89287.6	62564.5	4627.28
89292.1	62564.5	4624.13
89296	62564.5	4620.25
89299.1	62564.5	4615.75
89301.4	62564.5	4610.77
89302.8	62564.5	4605.47
89303.3	62564.5	4600
89302.8	62564.5	4594.53
89301.4	62564.5	4589.23
89299.1	62564.5	4584.25
89296	62564.5	4579.75
89292.1	62564.5	4575.87
89287.6	62564.5	4572.72
89282.6	62564.5	4570.4
89277.3	62564.5	4568.98
89438.4	62564.5	4568.5
89432.9	62564.5	4568.98
89427.6	62564.5	4570.4
89422.6	62564.5	4572.72
89418.1	62564.5	4575.87
89414.3	62564.5	4579.75
89411.1	62564.5	4584.25
89408.8	62564.5	4589.23
89407.4	62564.5	4594.53
89406.9	62564.5	4600
89407.4	62564.5	4605.47
89408.8	62564.5	4610.77
89411.1	62564.5	4615.75
89414.3	62564.5	4620.25
89418.1	62564.5	4624.13
89422.6	62564.5	4627.28
89427.6	62564.5	4629.6
89432.9	62564.5	4631.02
89438.4	62564.5	4631.5
89443.9	62564.5	4631.02
89449.2	62564.5	4629.6
89454.1	62564.5	4627.28
89458.6	62564.5	4624.13
89462.5	62564.5	4620.25
89465.7	62564.5	4615.75
89468	62564.5	4610.77
89469.4	62564.5	4605.47
89469.9	62564.5	4600
89469.4	62564.5	4594.53
89468	62564.5	4589.23
89465.7	62564.5	4584.25
89462.5	62564.5	4579.75
89458.6	62564.5	4575.87
89454.1	62564.5	4572.72
89449.2	62564.5	4570.4
89443.9	62564.5	4568.98
91919.4	62564.5	4575
91915.1	62564.5	4575.38
91910.9	62564.5	4576.51
91906.9	62564.5	4578.35
91903.4	62564.5	4580.85
91900.3	62564.5	4583.93
91897.8	62564.5	4587.5
91895.9	62564.5	4591.45
91894.8	62564.5	4595.66
91894.4	62564.5	4600
91894.8	62564.5	4604.34
91895.9	62564.5	4608.55
91897.8	62564.5	4612.5
91900.3	62564.5	4616.07
91903.4	62564.5	4619.15
91906.9	62564.5	4621.65
91910.9	62564.5	4623.49
91915.1	62564.5	4624.62
91919.4	62564.5	4625
91923.8	62564.5	4624.62
91928	62564.5	4623.49
91931.9	62564.5	4621.65
91935.5	62564.5	4619.15
91938.6	62564.5	4616.07
91941.1	62564.5	4612.5
91942.9	62564.5	4608.55
91944.1	62564.5	4604.34
91944.4	62564.5	4600
91944.1	62564.5	4595.66
91942.9	62564.5	4591.45
91941.1	62564.5	4587.5
91938.6	62564.5	4583.93
91935.5	62564.5	4580.85
91931.9	62564.5	4578.35
91928	62564.5	4576.51
91923.8	62564.5	4575.38
92071.8	62564.5	4568.5
92066.4	62564.5	4568.98
92061	62564.5	4570.4
92056.1	62564.5	4572.72
92051.6	62564.5	4575.87
92047.7	62564.5	4579.75
92044.5	62564.5	4584.25
92042.2	62564.5	4589.23
92040.8	62564.5	4594.53
92040.3	62564.5	4600
92040.8	62564.5	4605.47
92042.2	62564.5	4610.77
92044.5	62564.5	4615.75
92047.7	62564.5	4620.25
92051.6	62564.5	4624.13
92056.1	62564.5	4627.28
92061	62564.5	4629.6
92066.4	62564.5	4631.02
92071.8	62564.5	4631.5
92077.3	62564.5	4631.02
92082.6	62564.5	4629.6
92087.6	62564.5	4627.28
92092.1	62564.5	4624.13
92096	62564.5	4620.25
92099.1	62564.5	4615.75
92101.4	62564.5	4610.77
92102.8	62564.5	4605.47
92103.3	62564.5	4600
92102.8	62564.5	4594.53
92101.4	62564.5	4589.23
92099.1	62564.5	4584.25
92096	62564.5	4579.75
92092.1	62564.5	4575.87
92087.6	62564.5	4572.72
92082.6	62564.5	4570.4
92077.3	62564.5	4568.98
92238.4	62564.5	4568.5
92232.9	62564.5	4568.98
92227.6	62564.5	4570.4
92222.6	62564.5	4572.72
92218.1	62564.5	4575.87
92214.3	62564.5	4579.75
92211.1	62564.5	4584.25
92208.8	62564.5	4589.23
92207.4	62564.5	4594.53
92206.9	62564.5	4600
92207.4	62564.5	4605.47
92208.8	62564.5	4610.77
92211.1	62564.5	4615.75
92214.3	62564.5	4620.25
92218.1	62564.5	4624.13
92222.6	62564.5	4627.28
92227.6	62564.5	4629.6
92232.9	62564.5	4631.02
92238.4	62564.5	4631.5
92243.9	62564.5	4631.02
92249.2	62564.5	4629.6
92254.1	62564.5	4627.28
92258.6	62564.5	4624.13
92262.5	62564.5	4620.25
92265.7	62564.5	4615.75
92268	62564.5	4610.77
92269.4	62564.5	4605.47
92269.9	62564.5	4600
92269.4	62564.5	4594.53
92268	62564.5	4589.23
92265.7	62564.5	4584.25
92262.5	62564.5	4579.75
92258.6	62564.5	4575.87
92254.1	62564.5	4572.72
92249.2	62564.5	4570.4
92243.9	62564.5	4568.98
94427.3	62564.5	4575
94423	62564.5	4575.38
94418.7	62564.5	4576.51
94414.8	62564.5	4578.35
94411.2	62564.5	4580.85
94408.1	62564.5	4583.93
94405.6	62564.5	4587.5
94403.8	62564.5	4591.45
94402.7	62564.5	4595.66
94402.3	62564.5	4600
94402.7	62564.5	4604.34
94403.8	62564.5	4608.55
94405.6	62564.5	4612.5
94408.1	62564.5	4616.07
94411.2	62564.5	4619.15
94414.8	62564.5	4621.65
94418.7	62564.5	4623.49
94423	62564.5	4624.62
94427.3	62564.5	4625
94431.6	62564.5	4624.62
94435.8	62564.5	4623.49
94439.8	62564.5	4621.65
94443.4	62564.5	4619.15
94446.4	62564.5	4616.07
94448.9	62564.5	4612.5
94450.8	62564.5	4608.55
94451.9	62564.5	4604.34
94452.3	62564.5	4600
94451.9	62564.5	4595.66
94450.8	62564.5	4591.45
94448.9	62564.5	4587.5
94446.4	62564.5	4583.93
94443.4	62564.5	4580.85
94439.8	62564.5	4578.35
94435.8	62564.5	4576.51
94431.6	62564.5	4575.38
94579.7	62564.5	4568.5
94574.2	62564.5	4568.98
94568.9	62564.5	4570.4
94563.9	62564.5	4572.72
94559.4	62564.5	4575.87
94555.5	62564.5	4579.75
94552.4	62564.5	4584.25
94550.1	62564.5	4589.23
94548.7	62564.5	4594.53
94548.2	62564.5	4600
94548.7	62564.5	4605.47
94550.1	62564.5	4610.77
94552.4	62564.5	4615.75
94555.5	62564.5	4620.25
94559.4	62564.5	4624.13
94563.9	62564.5	4627.28
94568.9	62564.5	4629.6
94574.2	62564.5	4631.02
94579.7	62564.5	4631.5
94585.1	62564.5	4631.02
94590.5	62564.5	4629.6
94595.4	62564.5	4627.28
94599.9	62564.5	4624.13
94603.8	62564.5	4620.25
94607	62564.5	4615.75
94609.3	62564.5	4610.77
94610.7	62564.5	4605.47
94611.2	62564.5	4600
94610.7	62564.5	4594.53
94609.3	62564.5	4589.23
94607	62564.5	4584.25
94603.8	62564.5	4579.75
94599.9	62564.5	4575.87
94595.4	62564.5	4572.72
94590.5	62564.5	4570.4
94585.1	62564.5	4568.98
94746.2	62564.5	4568.5
94740.8	62564.5	4568.98
94735.5	62564.5	4570.4
94730.5	62564.5	4572.72
94726	62564.5	4575.87
94722.1	62564.5	4579.75
94719	62564.5	4584.25
94716.6	62564.5	4589.23
94715.2	62564.5	4594.53
94714.7	62564.5	4600
94715.2	62564.5	4605.47
94716.6	62564.5	4610.77
94719	62564.5	4615.75
94722.1	62564.5	4620.25
94726	62564.5	4624.13
94730.5	62564.5	4627.28
94735.5	62564.5	4629.6
94740.8	62564.5	4631.02
94746.2	62564.5	4631.5
94751.7	62564.5	4631.02
94757	62564.5	4629.6
94762	62564.5	4627.28
94766.5	62564.5	4624.13
94770.4	62564.5	4620.25
94773.5	62564.5	4615.75
94775.8	62564.5	4610.77
94777.3	62564.5	4605.47
94777.7	62564.5	4600
94777.3	62564.5	4594.53
94775.8	62564.5	4589.23
94773.5	62564.5	4584.25
94770.4	62564.5	4579.75
94766.5	62564.5	4575.87
94762	62564.5	4572.72
94757	62564.5	4570.4
94751.7	62564.5	4568.98
87318.3	62364.5	5230
87318.3	62364.5	-50
96868.3	62364.5	2700
95068.3	62364.5	2700
95068.3	62364.5	0
96868.3	62364.5	0
90693	62364.5	4210
91793	62364.5	4210
91793	62364.5	4630
90693	62364.5	4630
93381.2	62364.5	4290
93881.2	62364.5	4290
93881.2	62364.5	4550
93381.2	62364.5	4550
89115.1	62364.5	4575.38
89119.4	62364.5	4575
89123.8	62364.5	4575.38
89128	62364.5	4576.51
89131.9	62364.5	4578.35
89135.5	62364.5	4580.85
89138.6	62364.5	4583.93
89141.1	62364.5	4587.5
89142.9	62364.5	4591.45
89144.1	62364.5	4595.66
89144.4	62364.5	4600
89144.1	62364.5	4604.34
89142.9	62364.5	4608.55
89141.1	62364.5	4612.5
89138.6	62364.5	4616.07
89135.5	62364.5	4619.15
89131.9	62364.5	4621.65
89128	62364.5	4623.49
89123.8	62364.5	4624.62
89119.4	62364.5	4625
89115.1	62364.5	4624.62
89110.9	62364.5	4623.49
89106.9	62364.5	4621.65
89103.4	62364.5	4619.15
89100.3	62364.5	4616.07
89097.8	62364.5	4612.5
89095.9	62364.5	4608.55
89094.8	62364.5	4604.34
89094.4	62364.5	4600
89094.8	62364.5	4595.66
89095.9	62364.5	4591.45
89097.8	62364.5	4587.5
89100.3	62364.5	4583.93
89103.4	62364.5	4580.85
89106.9	62364.5	4578.35
89110.9	62364.5	4576.51
89266.4	62364.5	4568.98
89271.8	62364.5	4568.5
89277.3	62364.5	4568.98
89282.6	62364.5	4570.4
89287.6	62364.5	4572.72
89292.1	62364.5	4575.87
89296	62364.5	4579.75
89299.1	62364.5	4584.25
89301.4	62364.5	4589.23
89302.8	62364.5	4594.53
89303.3	62364.5	4600
89302.8	62364.5	4605.47
89301.4	62364.5	4610.77
89299.1	62364.5	4615.75
89296	62364.5	4620.25
89292.1	62364.5	4624.13
89287.6	62364.5	4627.28
89282.6	62364.5	4629.6
89277.3	62364.5	4631.02
89271.8	62364.5	4631.5
89266.4	62364.5	4631.02
89261	62364.5	4629.6
89256.1	62364.5	4627.28
89251.6	62364.5	4624.13
89247.7	62364.5	4620.25
89244.5	62364.5	4615.75
89242.2	62364.5	4610.77
89240.8	62364.5	4605.47
89240.3	62364.5	4600
89240.8	62364.5	4594.53
89242.2	62364.5	4589.23
89244.5	62364.5	4584.25
89247.7	62364.5	4579.75
89251.6	62364.5	4575.87
89256.1	62364.5	4572.72
89261	62364.5	4570.4
89432.9	62364.5	4568.98
89438.4	62364.5	4568.5
89443.9	62364.5	4568.98
89449.2	62364.5	4570.4
89454.1	62364.5	4572.72
89458.6	62364.5	4575.87
89462.5	62364.5	4579.75
89465.7	62364.5	4584.25
89468	62364.5	4589.23
89469.4	62364.5	4594.53
89469.9	62364.5	4600
89469.4	62364.5	4605.47
89468	62364.5	4610.77
89465.7	62364.5	4615.75
89462.5	62364.5	4620.25
89458.6	62364.5	4624.13
89454.1	62364.5	4627.28
89449.2	62364.5	4629.6
89443.9	62364.5	4631.02
89438.4	62364.5	4631.5
89432.9	62364.5	4631.02
89427.6	62364.5	4629.6
89422.6	62364.5	4627.28
89418.1	62364.5	4624.13
89414.3	62364.5	4620.25
89411.1	62364.5	4615.75
89408.8	62364.5	4610.77
89407.4	62364.5	4605.47
89406.9	62364.5	4600
89407.4	62364.5	4594.53
89408.8	62364.5	4589.23
89411.1	62364.5	4584.25
89414.3	62364.5	4579.75
89418.1	62364.5	4575.87
89422.6	62364.5	4572.72
89427.6	62364.5	4570.4
91915.1	62364.5	4575.38
91919.4	62364.5	4575
91923.8	62364.5	4575.38
91928	62364.5	4576.51
91931.9	62364.5	4578.35
91935.5	62364.5	4580.85
91938.6	62364.5	4583.93
91941.1	62364.5	4587.5
91942.9	62364.5	4591.45
91944.1	62364.5	4595.66
91944.4	62364.5	4600
91944.1	62364.5	4604.34
91942.9	62364.5	4608.55
91941.1	62364.5	4612.5
91938.6	62364.5	4616.07
91935.5	62364.5	4619.15
91931.9	62364.5	4621.65
91928	62364.5	4623.49
91923.8	62364.5	4624.62
91919.4	62364.5	4625
91915.1	62364.5	4624.62
91910.9	62364.5	4623.49
91906.9	62364.5	4621.65
91903.4	62364.5	4619.15
91900.3	62364.5	4616.07
91897.8	62364.5	4612.5
91895.9	62364.5	4608.55
91894.8	62364.5	4604.34
91894.4	62364.5	4600
91894.8	62364.5	4595.66
91895.9	62364.5	4591.45
91897.8	62364.5	4587.5
91900.3	62364.5	4583.93
91903.4	62364.5	4580.85
91906.9	62364.5	4578.35
91910.9	62364.5	4576.51
92066.4	62364.5	4568.98
92071.8	62364.5	4568.5
92077.3	62364.5	4568.98
92082.6	62364.5	4570.4
92087.6	62364.5	4572.72
92092.1	62364.5	4575.87
92096	62364.5	4579.75
92099.1	62364.5	4584.25
92101.4	62364.5	4589.23
92102.8	62364.5	4594.53
92103.3	62364.5	4600
92102.8	62364.5	4605.47
92101.4	62364.5	4610.77
92099.1	62364.5	4615.75
92096	62364.5	4620.25
92092.1	62364.5	4624.13
92087.6	62364.5	4627.28
92082.6	62364.5	4629.6
92077.3	62364.5	4631.02
92071.8	62364.5	4631.5
92066.4	62364.5	4631.02
92061	62364.5	4629.6
92056.1	62364.5	4627.28
92051.6	62364.5	4624.13
92047.7	62364.5	4620.25
92044.5	62364.5	4615.75
92042.2	62364.5	4610.77
92040.8	62364.5	4605.47
92040.3	62364.5	4600
92040.8	62364.5	4594.53
92042.2	62364.5	4589.23
92044.5	62364.5	4584.25
92047.7	62364.5	4579.75
92051.6	62364.5	4575.87
92056.1	62364.5	4572.72
92061	62364.5	4570.4
92232.9	62364.5	4568.98
92238.4	62364.5	4568.5
92243.9	62364.5	4568.98
92249.2	62364.5	4570.4
92254.1	62364.5	4572.72
92258.6	62364.5	4575.87
92262.5	62364.5	4579.75
92265.7	62364.5	4584.25
92268	62364.5	4589.23
92269.4	62364.5	4594.53
92269.9	62364.5	4600
92269.4	62364.5	4605.47
92268	62364.5	4610.77
92265.7	62364.5	4615.75
92262.5	62364.5	4620.25
92258.6	62364.5	4624.13
92254.1	62364.5	4627.28
92249.2	62364.5	4629.6
92243.9	62364.5	4631.02
92238.4	62364.5	4631.5
92232.9	62364.5	4631.02
92227.6	62364.5	4629.6
92222.6	62364.5	4627.28
92218.1	62364.5	4624.13
92214.3	62364.5	4620.25
92211.1	62364.5	4615.75
92208.8	62364.5	4610.77
92207.4	62364.5	4605.47
92206.9	62364.5	4600
92207.4	62364.5	4594.53
92208.8	62364.5	4589.23
92211.1	62364.5	4584.25
92214.3	62364.5	4579.75
92218.1	62364.5	4575.87
92222.6	62364.5	4572.72
92227.6	62364.5	4570.4
94423	62364.5	4575.38
94427.3	62364.5	4575
94431.6	62364.5	4575.38
94435.8	62364.5	4576.51
94439.8	62364.5	4578.35
94443.4	62364.5	4580.85
94446.4	62364.5	4583.93
94448.9	62364.5	4587.5
94450.8	62364.5	4591.45
94451.9	62364.5	4595.66
94452.3	62364.5	4600
94451.9	62364.5	4604.34
94450.8	62364.5	4608.55
94448.9	62364.5	4612.5
94446.4	62364.5	4616.07
94443.4	62364.5	4619.15
94439.8	62364.5	4621.65
94435.8	62364.5	4623.49
94431.6	62364.5	4624.62
94427.3	62364.5	4625
94423	62364.5	4624.62
94418.7	62364.5	4623.49
94414.8	62364.5	4621.65
94411.2	62364.5	4619.15
94408.1	62364.5	4616.07
94405.6	62364.5	4612.5
94403.8	62364.5	4608.55
94402.7	62364.5	4604.34
94402.3	62364.5	4600
94402.7	62364.5	4595.66
94403.8	62364.5	4591.45
94405.6	62364.5	4587.5
94408.1	62364.5	4583.93
94411.2	62364.5	4580.85
94414.8	62364.5	4578.35
94418.7	62364.5	4576.51
94574.2	62364.5	4568.98
94579.7	62364.5	4568.5
94585.1	62364.5	4568.98
94590.5	62364.5	4570.4
94595.4	62364.5	4572.72
94599.9	62364.5	4575.87
94603.8	62364.5	4579.75
94607	62364.5	4584.25
94609.3	62364.5	4589.23
94610.7	62364.5	4594.53
94611.2	62364.5	4600
94610.7	62364.5	4605.47
94609.3	62364.5	4610.77
94607	62364.5	4615.75
94603.8	62364.5	4620.25
94599.9	62364.5	4624.13
94595.4	62364.5	4627.28
94590.5	62364.5	4629.6
94585.1	62364.5	4631.02
94579.7	62364.5	4631.5
94574.2	62364.5	4631.02
94568.9	62364.5	4629.6
94563.9	62364.5	4627.28
94559.4	62364.5	4624.13
94555.5	62364.5	4620.25
94552.4	62364.5	4615.75
94550.1	62364.5	4610.77
94548.7	62364.5	4605.47
94548.2	62364.5	4600
94548.7	62364.5	4594.53
94550.1	62364.5	4589.23
94552.4	62364.5	4584.25
94555.5	62364.5	4579.75
94559.4	62364.5	4575.87
94563.9	62364.5	4572.72
94568.9	62364.5	4570.4
94740.8	62364.5	4568.98
94746.2	62364.5	4568.5
94751.7	62364.5	4568.98
94757	62364.5	4570.4
94762	62364.5	4572.72
94766.5	62364.5	4575.87
94770.4	62364.5	4579.75
94773.5	62364.5	4584.25
94775.8	62364.5	4589.23
94777.3	62364.5	4594.53
94777.7	62364.5	4600
94777.3	62364.5	4605.47
94775.8	62364.5	4610.77
94773.5	62364.5	4615.75
94770.4	62364.5	4620.25
94766.5	62364.5	4624.13
94762	62364.5	4627.28
94757	62364.5	4629.6
94751.7	62364.5	4631.02
94746.2	62364.5	4631.5
94740.8	62364.5	4631.02
94735.5	62364.5	4629.6
94730.5	62364.5	4627.28
94726	62364.5	4624.13
94722.1	62364.5	4620.25
94719	62364.5	4615.75
94716.6	62364.5	4610.77
94715.2	62364.5	4605.47
94714.7	62364.5	4600
94715.2	62364.5	4594.53
94716.6	62364.5	4589.23
94719	62364.5	4584.25
94722.1	62364.5	4579.75
94726	62364.5	4575.87
94730.5	62364.5	4572.72
94735.5	62364.5	4570.4

#	Triangle	98
0	2	1	3	2	0	9	345	346	6	345	9	348	12	351	11	12	348	352	16	355	15	16	352
4	9	5	9	3	5	9	8	3	8	2	3	4	20	9	20	19	9	19	18	9	18	56	9	56	55	9	55	54	9	54	6	9	7	2	8	54	11	6	11	7	6	11	10	7	10	15	7	15	14	7	14	2	7	54	90	11	90	12	11	13	128	10	128	127	10	127	126	10	126	163	10	163	162	10	162	15	10	162	16	15	17	270	14	270	306	14	306	341	14	341	340	14	340	2	14	162	17	16	162	198	17	198	270	17	89	90	54	89	91	90	125	12	90	197	198	162	197	199	198	233	270	198	233	271	270	305	306	270	305	307	306	88	91	89	88	92	91	124	12	125	126	164	163	196	199	197	196	200	199	232	271	233	232	272	271	304	307	305	304	308	307	18	57	56	87	92	88	87	93	92	123	12	124	126	165	164	195	200	196	195	201	200	231	272	232	231	273	272	303	308	304	303	309	308	339	2	340	18	58	57	86	93	87	86	94	93	122	12	123	126	166	165	194	201	195	194	202	201	230	273	231	230	234	273	234	274	273	302	309	303	302	310	309	338	2	339	53	58	18	161	166	126	230	235	234	269	274	234	52	58	53	160	166	161	230	236	235	268	274	269	52	59	58	85	94	86	85	95	94	121	12	122	160	167	166	193	202	194	193	203	202	229	236	230	268	275	274	301	310	302	301	311	310	337	2	338	4	21	20	51	59	52	13	129	128	159	167	160	229	237	236	267	275	268	4	22	21	50	59	51	13	130	129	158	167	159	229	238	237	266	275	267	50	60	59	84	95	85	84	96	95	120	12	121	158	168	167	192	203	193	192	204	203	228	238	229	266	276	275	300	311	301	300	312	311	336	2	337	4	23	22	49	60	50	13	131	130	157	168	158	228	239	238	265	276	266	4	24	23	48	60	49	13	132	131	156	168	157	228	240	239	264	276	265	48	61	60	83	96	84	83	97	96	119	12	120	156	169	168	191	204	192	191	205	204	227	240	228	264	277	276	299	312	300	299	313	312	335	2	336	4	25	24	47	61	48	13	133	132	155	169	156	227	241	240	263	277	264	47	62	61	82	97	83	82	98	97	118	12	119	155	170	169	190	205	191	190	206	205	226	241	227	263	278	277	298	313	299	298	314	313	334	2	335	4	26	25	46	62	47	13	134	133	154	170	155	226	242	241	262	278	263	46	63	62	81	98	82	81	99	98	117	12	118	154	171	170	189	206	190	189	207	206	225	242	226	262	279	278	297	314	298	297	315	314	333	2	334	4	27	26	45	63	46	13	135	134	153	171	154	225	243	242	261	279	262	4	28	27	44	63	45	44	64	63	80	99	81	80	100	99	116	12	117	13	136	135	152	171	153	152	172	171	188	207	189	188	208	207	224	243	225	224	244	243	260	279	261	260	280	279	296	315	297	296	316	315	332	2	333	4	29	28	43	64	44	13	137	136	151	172	152	224	245	244	259	280	260	43	65	64	79	100	80	79	101	100	115	12	116	151	173	172	187	208	188	187	209	208	223	245	224	259	281	280	295	316	296	295	317	316	331	2	332	4	30	29	42	65	43	13	138	137	150	173	151	223	246	245	258	281	259	42	66	65	78	101	79	78	102	101	114	12	115	150	174	173	186	209	187	186	210	209	222	246	223	258	282	281	294	317	295	294	318	317	330	2	331	4	31	30	41	66	42	13	139	138	149	174	150	222	247	246	257	282	258	41	67	66	77	102	78	77	103	102	113	12	114	149	175	174	185	210	186	185	211	210	221	247	222	257	283	282	293	318	294	293	319	318	329	2	330	4	32	31	40	67	41	13	140	139	148	175	149	221	248	247	256	283	257	4	33	32	39	67	40	13	141	140	147	175	148	221	249	248	255	283	256	39	68	67	76	103	77	76	104	103	112	12	113	147	176	175	184	211	185	184	212	211	220	249	221	255	284	283	292	319	293	292	320	319	328	2	329	4	34	33	38	68	39	13	142	141	146	176	147	220	250	249	254	284	255	4	35	34	37	68	38	13	143	142	145	176	146	220	251	250	253	284	254	37	69	68	75	104	76	75	105	104	111	12	112	145	177	176	183	212	184	183	213	212	219	251	220	253	285	284	291	320	292	291	321	320	327	2	328	4	36	35	36	69	37	13	144	143	144	177	145	219	252	251	252	285	253	4	69	36	13	177	144	219	285	252	4	70	69	74	105	75	74	106	105	110	12	111	13	178	177	182	213	183	182	214	213	218	285	219	218	286	285	290	321	291	290	322	321	326	2	327	4	71	70	73	106	74	73	107	106	109	12	110	13	179	178	181	214	182	181	215	214	217	286	218	217	287	286	289	322	290	289	323	322	325	2	326	109	13	12	109	179	13	4	72	71	72	107	73	72	108	107	108	179	109	108	180	179	180	215	181	180	216	215	216	287	217	216	288	287	288	323	289	288	324	323	324	2	325	4	108	72	4	180	108	4	216	180	4	288	216	4	324	288	4	2	324
5	342	4	343	342	5	7	347	344	8	347	7	350	10	349	13	10	350	354	14	353	17	14	354
1	347	0	347	343	0	347	346	343	346	342	343	1	344	347	345	393	346	393	392	346	392	427	346	427	357	346	357	356	346	356	391	346	391	342	346	1	345	344	1	353	345	353	349	345	349	348	345	348	393	345	353	352	349	352	501	349	501	500	349	500	465	349	465	464	349	464	499	349	499	350	349	351	429	348	429	393	348	1	647	353	647	646	353	646	645	353	645	354	353	355	501	352	645	355	354	645	609	355	609	537	355	537	501	355	644	609	645	644	610	609	608	537	609	608	538	537	536	501	537	536	502	501	351	430	429	428	393	429	428	394	393	679	610	644	679	611	610	643	538	608	643	539	538	571	502	536	571	503	502	535	465	500	351	431	430	463	394	428	463	395	394	1	648	647	678	611	679	678	612	611	642	539	643	642	540	539	570	503	571	570	504	503	534	465	535	351	432	431	462	395	463	462	396	395	426	357	427	1	649	648	677	612	678	677	613	612	641	573	642	573	540	642	573	541	540	569	504	570	569	505	504	533	465	534	351	433	432	461	396	462	461	397	396	425	357	426	641	574	573	572	541	573	533	466	465	425	358	357	641	575	574	607	541	572	533	467	466	425	359	358	1	650	649	676	613	677	676	614	613	640	575	641	607	542	541	568	505	569	568	506	505	532	467	533	351	434	433	460	397	461	460	398	397	424	359	425	640	576	575	606	542	607	532	468	467	498	350	499	424	360	359	390	342	391	640	577	576	605	542	606	532	469	468	497	350	498	424	361	360	389	342	390	1	651	650	675	614	676	675	615	614	639	577	640	605	543	542	567	506	568	567	507	506	531	469	532	351	435	434	459	398	460	459	399	398	423	361	424	639	578	577	604	543	605	531	470	469	496	350	497	423	362	361	388	342	389	639	579	578	603	543	604	531	471	470	495	350	496	423	363	362	387	342	388	1	652	651	674	615	675	674	616	615	638	579	639	603	544	543	566	507	567	566	508	507	530	471	531	351	436	435	458	399	459	458	400	399	422	363	423	638	580	579	602	544	603	530	472	471	494	350	495	422	364	363	386	342	387	1	653	652	673	616	674	673	617	616	637	580	638	602	545	544	565	508	566	565	509	508	529	472	530	351	437	436	457	400	458	457	401	400	421	364	422	637	581	580	601	545	602	529	473	472	493	350	494	421	365	364	385	342	386	1	654	653	672	617	673	672	618	617	636	581	637	601	546	545	564	509	565	564	510	509	528	473	529	351	438	437	456	401	457	456	402	401	420	365	421	636	582	581	600	546	601	528	474	473	492	350	493	420	366	365	384	342	385	1	655	654	671	618	672	671	619	618	635	582	636	635	583	582	599	546	600	599	547	546	563	510	564	563	511	510	527	474	528	527	475	474	491	350	492	351	439	438	455	402	456	455	403	402	419	366	420	419	367	366	383	342	384	635	584	583	598	547	599	527	476	475	490	350	491	419	368	367	382	342	383	1	656	655	670	619	671	670	620	619	634	584	635	598	548	547	562	511	563	562	512	511	526	476	527	351	440	439	454	403	455	454	404	403	418	368	419	634	585	584	597	548	598	526	477	476	489	350	490	418	369	368	381	342	382	1	657	656	669	620	670	669	621	620	633	585	634	597	549	548	561	512	562	561	513	512	525	477	526	351	441	440	453	404	454	453	405	404	417	369	418	633	586	585	596	549	597	525	478	477	488	350	489	417	370	369	380	342	381	1	658	657	668	621	669	668	622	621	632	586	633	596	550	549	560	513	561	560	514	513	524	478	525	351	442	441	452	405	453	452	406	405	416	370	417	632	587	586	595	550	596	524	479	478	487	350	488	416	371	370	379	342	380	632	588	587	594	550	595	524	480	479	486	350	487	416	372	371	378	342	379	1	659	658	667	622	668	667	623	622	631	588	632	594	551	550	559	514	560	559	515	514	523	480	524	351	443	442	451	406	452	451	407	406	415	372	416	631	589	588	593	551	594	523	481	480	485	350	486	415	373	372	377	342	378	631	590	589	592	551	593	523	482	481	484	350	485	415	374	373	376	342	377	1	660	659	666	623	667	666	624	623	630	590	631	592	552	551	558	515	559	558	516	515	522	482	523	351	444	443	450	407	451	450	408	407	414	374	415	630	591	590	591	552	592	522	483	482	483	350	484	414	375	374	375	342	376	630	552	591	522	350	483	414	342	375	1	661	660	665	624	666	665	625	624	629	552	630	629	553	552	557	516	558	557	517	516	521	350	522	351	445	444	449	408	450	449	409	408	413	342	414	1	662	661	664	625	665	664	626	625	628	553	629	628	554	553	556	517	557	556	518	517	520	350	521	351	446	445	448	409	449	448	410	409	412	342	413	520	351	350	520	446	351	1	663	662	663	626	664	663	627	626	627	554	628	627	555	554	555	518	556	555	519	518	519	446	520	519	447	446	447	410	448	447	411	410	411	342	412	1	627	663	1	555	627	1	519	555	1	447	519	1	411	447	1	342	411
0	5	3	343	5	0	6	344	345	7	344	6	351	13	350	12	13	351	355	17	354	16	17	355
2	342	1	4	342	2	8	346	347	9	346	8	349	11	348	10	11	349	353	15	352	14	15	353
357	19	356	18	19	357	465	127	464	126	127	465	573	235	572	234	235	573
356	20	391	19	20	356	464	128	499	127	128	464	572	236	607	235	236	572
391	21	390	20	21	391	499	129	498	128	129	499	607	237	606	236	237	607
390	22	389	21	22	390	498	130	497	129	130	498
389	23	388	22	23	389	497	131	496	130	131	497
388	24	387	23	24	388	496	132	495	131	132	496	604	240	603	239	240	604
387	25	386	24	25	387	495	133	494	132	133	495	603	241	602	240	241	603
386	26	385	25	26	386	494	134	493	133	134	494	602	242	601	241	242	602
385	27	384	26	27	385	493	135	492	134	135	493	601	243	600	242	243	601
384	28	383	27	28	384	492	136	491	135	136	492	600	244	599	243	244	600
383	29	382	28	29	383	491	137	490	136	137	491	599	245	598	244	245	599
382	30	381	29	30	382	490	138	489	137	138	490	598	246	597	245	246	598
381	31	380	30	31	381	489	139	488	138	139	489	597	247	596	246	247	597
380	32	379	31	32	380	488	140	487	139	140	488
379	33	378	32	33	379	487	141	486	140	141	487
378	34	377	33	34	378	486	142	485	141	142	486	594	250	593	249	250	594
377	35	376	34	35	377	485	143	484	142	143	485	593	251	592	250	251	593
376	36	375	35	36	376	484	144	483	143	144	484	592	252	591	251	252	592
375	37	374	36	37	375	483	145	482	144	145	483	591	253	590	252	253	591
374	38	373	37	38	374	482	146	481	145	146	482	590	254	589	253	254	590
373	39	372	38	39	373	481	147	480	146	147	481	589	255	588	254	255	589
372	40	371	39	40	372	480	148	479	147	148	480	588	256	587	255	256	588
371	41	370	40	41	371	479	149	478	148	149	479	587	257	586	256	257	587
370	42	369	41	42	370	478	150	477	149	150	478	586	258	585	257	258	586
369	43	368	42	43	369	477	151	476	150	151	477	585	259	584	258	259	585
368	44	367	43	44	368	476	152	475	151	152	476	584	260	583	259	260	584
367	45	366	44	45	367	475	153	474	152	153	475	583	261	582	260	261	583
366	46	365	45	46	366	474	154	473	153	154	474	582	262	581	261	262	582
365	47	364	46	47	365	473	155	472	154	155	473	581	263	580	262	263	581
364	48	363	47	48	364	472	156	471	155	156	472	580	264	579	263	264	580
363	49	362	48	49	363	471	157	470	156	157	471	579	265	578	264	265	579
362	50	361	49	50	362	470	158	469	157	158	470	578	266	577	265	266	578
361	51	360	50	51	361	469	159	468	158	159	469	577	267	576	266	267	577
360	52	359	51	52	360	468	160	467	159	160	468	576	268	575	267	268	576
359	53	358	52	53	359	467	161	466	160	161	467	575	269	574	268	269	575
358	18	357	53	18	358	466	126	465	161	126	466	574	234	573	269	234	574
393	55	392	54	55	393	429	91	428	90	91	429	501	163	500	162	163	501	537	199	536	198	199	537	645	307	644	306	307	645
392	56	427	55	56	392	428	92	463	91	92	428	500	164	535	163	164	500	536	200	571	199	200	536	644	308	679	307	308	644
427	57	426	56	57	427	463	93	462	92	93	463	535	165	534	164	165	535	571	201	570	200	201	571	643	273	642	272	273	643	679	309	678	308	309	679
426	58	425	57	58	426	534	166	533	165	166	534
425	59	424	58	59	425	461	95	460	94	95	461	533	167	532	166	167	533	569	203	568	202	203	569	641	275	640	274	275	641	677	311	676	310	311	677
424	60	423	59	60	424	460	96	459	95	96	460	532	168	531	167	168	532	568	204	567	203	204	568	640	276	639	275	276	640	676	312	675	311	312	676
423	61	422	60	61	423	459	97	458	96	97	459	531	169	530	168	169	531	567	205	566	204	205	567	639	277	638	276	277	639	675	313	674	312	313	675
422	62	421	61	62	422	458	98	457	97	98	458	530	170	529	169	170	530	566	206	565	205	206	566	638	278	637	277	278	638	674	314	673	313	314	674
421	63	420	62	63	421	529	171	528	170	171	529
420	64	419	63	64	420	528	172	527	171	172	528
419	65	418	64	65	419	455	101	454	100	101	455	527	173	526	172	173	527	563	209	562	208	209	563	635	281	634	280	281	635	671	317	670	316	317	671
418	66	417	65	66	418	454	102	453	101	102	454	526	174	525	173	174	526	562	210	561	209	210	562	634	282	633	281	282	634	670	318	669	317	318	670
417	67	416	66	67	417	453	103	452	102	103	453	525	175	524	174	175	525	561	211	560	210	211	561	633	283	632	282	283	633	669	319	668	318	319	669
416	68	415	67	68	416	452	104	451	103	104	452	524	176	523	175	176	524	560	212	559	211	212	560	632	284	631	283	284	632	668	320	667	319	320	668
415	69	414	68	69	415	523	177	522	176	177	523
414	70	413	69	70	414	450	106	449	105	106	450	522	178	521	177	178	522	558	214	557	213	214	558	630	286	629	285	286	630	666	322	665	321	322	666
413	71	412	70	71	413	449	107	448	106	107	449	521	179	520	178	179	521	557	215	556	214	215	557	665	323	664	322	323	665
412	72	411	71	72	412	448	108	447	107	108	448	520	180	519	179	180	520	556	216	555	215	216	556	664	324	663	323	324	664
411	73	410	72	73	411	519	181	518	180	181	519
410	74	409	73	74	410	518	182	517	181	182	518
409	75	408	74	75	409	445	111	444	110	111	445	517	183	516	182	183	517	553	219	552	218	219	553	625	291	624	290	291	625	661	327	660	326	327	661
408	76	407	75	76	408	444	112	443	111	112	444	516	184	515	183	184	516	552	220	551	219	220	552	660	328	659	327	328	660
407	77	406	76	77	407	443	113	442	112	113	443	515	185	514	184	185	515	551	221	550	220	221	551	623	293	622	292	293	623	659	329	658	328	329	659
406	78	405	77	78	406	442	114	441	113	114	442	514	186	513	185	186	514	550	222	549	221	222	550	622	294	621	293	294	622	658	330	657	329	330	658
405	79	404	78	79	405	441	115	440	114	115	441	513	187	512	186	187	513	549	223	548	222	223	549	621	295	620	294	295	621	657	331	656	330	331	657
404	80	403	79	80	404	440	116	439	115	116	440	512	188	511	187	188	512	548	224	547	223	224	548	620	296	619	295	296	620	656	332	655	331	332	656
403	81	402	80	81	403	439	117	438	116	117	439	511	189	510	188	189	511	547	225	546	224	225	547	655	333	654	332	333	655
402	82	401	81	82	402	438	118	437	117	118	438	510	190	509	189	190	510	546	226	545	225	226	546	654	334	653	333	334	654
401	83	400	82	83	401	437	119	436	118	119	437	509	191	508	190	191	509	545	227	544	226	227	545	617	299	616	298	299	617	653	335	652	334	335	653
400	84	399	83	84	400	436	120	435	119	120	436	508	192	507	191	192	508	544	228	543	227	228	544	616	300	615	299	300	616	652	336	651	335	336	652
399	85	398	84	85	399	435	121	434	120	121	435	507	193	506	192	193	507	543	229	542	228	229	543	615	301	614	300	301	615	651	337	650	336	337	651
398	86	397	85	86	398	434	122	433	121	122	434	506	194	505	193	194	506	542	230	541	229	230	542	614	302	613	301	302	614	650	338	649	337	338	650
397	87	396	86	87	397	433	123	432	122	123	433	505	195	504	194	195	505	541	231	540	230	231	541	649	339	648	338	339	649
396	88	395	87	88	396	432	124	431	123	124	432	504	196	503	195	196	504	540	232	539	231	232	540	612	304	611	303	304	612	648	340	647	339	340	648
395	89	394	88	89	395	503	197	502	196	197	503
394	54	393	89	54	394	502	162	501	197	162	502
462	94	461	93	94	462	570	202	569	201	202	570	642	274	641	273	274	642	678	310	677	309	310	678
457	99	456	98	99	457	565	207	564	206	207	565	637	279	636	278	279	637	673	315	672	314	315	673
456	100	455	99	100	456	564	208	563	207	208	564	636	280	635	279	280	636	672	316	671	315	316	672
451	105	450	104	105	451	559	213	558	212	213	559	631	285	630	284	285	631	667	321	666	320	321	667
447	109	446	108	109	447	555	217	554	216	217	555	627	289	626	288	289	627	663	325	662	324	325	663
446	110	445	109	110	446	554	218	553	217	218	554	626	290	625	289	290	626	662	326	661	325	326	662
431	125	430	124	125	431	539	233	538	232	233	539	611	305	610	304	305	611	647	341	646	340	341	647
430	90	429	125	90	430	538	198	537	233	198	538	610	270	609	305	270	610	646	306	645	341	306	646
606	238	605	237	238	606
605	239	604	238	239	605
596	248	595	247	248	596
595	249	594	248	249	595
609	271	608	270	271	609
608	272	643	271	272	608
629	287	628	286	287	629
628	288	627	287	288	628
624	292	623	291	292	624
619	297	618	296	297	619
618	298	617	297	298	618
613	303	612	302	303	613

#	Normal	98
-1	0	0
0	-1	0
1	0	0
0	1	-0
0	0	1
0	0	-1
-0.0872783	0	-0.996184
-0.258736	0	-0.965948
-0.422229	0	-0.906489
-0.573583	0	-0.819148
-0.707443	0	-0.70677
-0.819111	0	-0.573635
-0.906134	0	-0.42299
-0.966086	0	-0.258221
-0.996135	0	-0.0878382
-0.996135	0	0.0878382
-0.966086	0	0.258221
-0.906134	0	0.42299
-0.819111	0	0.573635
-0.707443	0	0.70677
-0.573583	0	0.819148
-0.422229	0	0.906489
-0.258736	0	0.965948
-0.0872783	0	0.996184
0.0871225	-0	0.996198
0.258736	-0	0.965948
0.422916	-0	0.906169
0.573583	-0	0.819148
0.706547	-0	0.707666
0.819111	-0	0.573635
0.906821	-0	0.421516
0.965637	-0	0.259893
0.99629	-0	0.086059
0.99629	0	-0.086059
0.965637	0	-0.259893
0.906821	0	-0.421516
0.819111	0	-0.573635
0.706547	0	-0.707666
0.573583	0	-0.819148
0.422916	0	-0.906169
0.258736	0	-0.965948
0.0871225	0	-0.996198
-0.087167	0	-0.996194
-0.258819	0	-0.965926
-0.422574	0	-0.906328
-0.57406	0	-0.818814
-0.707062	0	-0.707151
-0.819249	0	-0.573438
-0.906328	0	-0.422574
-0.965892	0	-0.258946
-0.996102	0	-0.0882104
-0.996102	0	0.0882104
-0.965892	0	0.258946
-0.906328	0	0.422574
-0.819249	0	0.573438
-0.707062	0	0.707151
-0.57406	0	0.818814
-0.422574	0	0.906328
-0.258819	0	0.965926
-0.087167	0	0.996194
0.0870435	-0	0.996205
0.259175	-0	0.96583
0.422574	-0	0.906328
0.573391	-0	0.819282
0.707062	-0	0.707151
0.819249	-0	0.573438
0.906328	-0	0.422574
0.965892	-0	0.258946
0.996226	-0	0.0867985
0.996226	0	-0.0867985
0.965892	0	-0.258946
0.906328	0	-0.422574
0.819249	0	-0.573438
0.707062	0	-0.707151
0.573391	0	-0.819282
0.422574	0	-0.906328
0.259175	0	-0.96583
0.0870435	0	-0.996205
-0.573391	0	-0.819282
-0.996226	0	-0.0867985
-0.996226	0	0.0867985
-0.573391	0	0.819282
0.087167	-0	0.996194
0.258819	-0	0.965926
0.258819	0	-0.965926
0.087167	0	-0.996194
-0.574426	0	-0.818557
-0.706547	0	-0.707666
-0.706547	0	0.707666
-0.574426	0	0.818557
-0.0870435	0	-0.996205
-0.259175	0	-0.96583
-0.259175	0	0.96583
-0.0870435	0	0.996205
0.57406	-0	0.818814
0.996102	-0	0.0882104
0.996102	0	-0.0882104
0.57406	0	-0.818814

#	Mesh	0	End

