#	Mesh	0	Begin

#	Vertex	440
95268.3	59614.5	-50
95268.3	59614.5	5230
95268.3	59814.5	5230
95268.3	59814.5	-50
94218.3	59814.5	5230
94218.3	59814.5	-50
94427.3	59814.5	4575
94423	59814.5	4575.38
94418.7	59814.5	4576.51
94414.8	59814.5	4578.35
94411.2	59814.5	4580.85
94408.1	59814.5	4583.93
94405.6	59814.5	4587.5
94403.8	59814.5	4591.45
94402.7	59814.5	4595.66
94402.3	59814.5	4600
94402.7	59814.5	4604.34
94403.8	59814.5	4608.55
94405.6	59814.5	4612.5
94408.1	59814.5	4616.07
94411.2	59814.5	4619.15
94414.8	59814.5	4621.65
94418.7	59814.5	4623.49
94423	59814.5	4624.62
94427.3	59814.5	4625
94431.6	59814.5	4624.62
94435.8	59814.5	4623.49
94439.8	59814.5	4621.65
94443.4	59814.5	4619.15
94446.4	59814.5	4616.07
94448.9	59814.5	4612.5
94450.8	59814.5	4608.55
94451.9	59814.5	4604.34
94452.3	59814.5	4600
94451.9	59814.5	4595.66
94450.8	59814.5	4591.45
94448.9	59814.5	4587.5
94446.4	59814.5	4583.93
94443.4	59814.5	4580.85
94439.8	59814.5	4578.35
94435.8	59814.5	4576.51
94431.6	59814.5	4575.38
94579.7	59814.5	4568.5
94574.2	59814.5	4568.98
94568.9	59814.5	4570.4
94563.9	59814.5	4572.72
94559.4	59814.5	4575.87
94555.5	59814.5	4579.75
94552.4	59814.5	4584.25
94550.1	59814.5	4589.23
94548.7	59814.5	4594.53
94548.2	59814.5	4600
94548.7	59814.5	4605.47
94550.1	59814.5	4610.77
94552.4	59814.5	4615.75
94555.5	59814.5	4620.25
94559.4	59814.5	4624.13
94563.9	59814.5	4627.28
94568.9	59814.5	4629.6
94574.2	59814.5	4631.02
94579.7	59814.5	4631.5
94585.1	59814.5	4631.02
94590.4	59814.5	4629.6
94595.4	59814.5	4627.28
94599.9	59814.5	4624.13
94603.8	59814.5	4620.25
94607	59814.5	4615.75
94609.3	59814.5	4610.77
94610.7	59814.5	4605.47
94611.2	59814.5	4600
94610.7	59814.5	4594.53
94609.3	59814.5	4589.23
94607	59814.5	4584.25
94603.8	59814.5	4579.75
94599.9	59814.5	4575.87
94595.4	59814.5	4572.72
94590.4	59814.5	4570.4
94585.1	59814.5	4568.98
94746.2	59814.5	4568.5
94740.8	59814.5	4568.98
94735.5	59814.5	4570.4
94730.5	59814.5	4572.72
94726	59814.5	4575.87
94722.1	59814.5	4579.75
94719	59814.5	4584.25
94716.6	59814.5	4589.23
94715.2	59814.5	4594.53
94714.7	59814.5	4600
94715.2	59814.5	4605.47
94716.6	59814.5	4610.77
94719	59814.5	4615.75
94722.1	59814.5	4620.25
94726	59814.5	4624.13
94730.5	59814.5	4627.28
94735.5	59814.5	4629.6
94740.8	59814.5	4631.02
94746.2	59814.5	4631.5
94751.7	59814.5	4631.02
94757	59814.5	4629.6
94762	59814.5	4627.28
94766.5	59814.5	4624.13
94770.4	59814.5	4620.25
94773.5	59814.5	4615.75
94775.8	59814.5	4610.77
94777.3	59814.5	4605.47
94777.7	59814.5	4600
94777.3	59814.5	4594.53
94775.8	59814.5	4589.23
94773.5	59814.5	4584.25
94770.4	59814.5	4579.75
94766.5	59814.5	4575.87
94762	59814.5	4572.72
94757	59814.5	4570.4
94751.7	59814.5	4568.98
95042.2	59814.5	4568.5
95036.7	59814.5	4568.98
95031.4	59814.5	4570.4
95026.5	59814.5	4572.72
95022	59814.5	4575.87
95018.1	59814.5	4579.75
95014.9	59814.5	4584.25
95012.6	59814.5	4589.23
95011.2	59814.5	4594.53
95010.7	59814.5	4600
95011.2	59814.5	4605.47
95012.6	59814.5	4610.77
95014.9	59814.5	4615.75
95018.1	59814.5	4620.25
95022	59814.5	4624.13
95026.5	59814.5	4627.28
95031.4	59814.5	4629.6
95036.7	59814.5	4631.02
95042.2	59814.5	4631.5
95047.7	59814.5	4631.02
95053	59814.5	4629.6
95058	59814.5	4627.28
95062.4	59814.5	4624.13
95066.3	59814.5	4620.25
95069.5	59814.5	4615.75
95071.8	59814.5	4610.77
95073.2	59814.5	4605.47
95073.7	59814.5	4600
95073.2	59814.5	4594.53
95071.8	59814.5	4589.23
95069.5	59814.5	4584.25
95066.3	59814.5	4579.75
95062.4	59814.5	4575.87
95058	59814.5	4572.72
95053	59814.5	4570.4
95047.7	59814.5	4568.98
95173.8	59814.5	4568.5
95168.3	59814.5	4568.98
95163	59814.5	4570.4
95158	59814.5	4572.72
95153.5	59814.5	4575.87
95149.6	59814.5	4579.75
95146.5	59814.5	4584.25
95144.2	59814.5	4589.23
95142.7	59814.5	4594.53
95142.3	59814.5	4600
95142.7	59814.5	4605.47
95144.2	59814.5	4610.77
95146.5	59814.5	4615.75
95149.6	59814.5	4620.25
95153.5	59814.5	4624.13
95158	59814.5	4627.28
95163	59814.5	4629.6
95168.3	59814.5	4631.02
95173.8	59814.5	4631.5
95179.2	59814.5	4631.02
95184.5	59814.5	4629.6
95189.5	59814.5	4627.28
95194	59814.5	4624.13
95197.9	59814.5	4620.25
95201	59814.5	4615.75
95203.4	59814.5	4610.77
95204.8	59814.5	4605.47
95205.3	59814.5	4600
95204.8	59814.5	4594.53
95203.4	59814.5	4589.23
95201	59814.5	4584.25
95197.9	59814.5	4579.75
95194	59814.5	4575.87
95189.5	59814.5	4572.72
95184.5	59814.5	4570.4
95179.2	59814.5	4568.98
94933.3	59814.5	4575
94928.9	59814.5	4575.38
94924.7	59814.5	4576.51
94920.8	59814.5	4578.35
94917.2	59814.5	4580.85
94914.1	59814.5	4583.93
94911.6	59814.5	4587.5
94909.8	59814.5	4591.45
94908.6	59814.5	4595.66
94908.3	59814.5	4600
94908.6	59814.5	4604.34
94909.8	59814.5	4608.55
94911.6	59814.5	4612.5
94914.1	59814.5	4616.07
94917.2	59814.5	4619.15
94920.8	59814.5	4621.65
94924.7	59814.5	4623.49
94928.9	59814.5	4624.62
94933.3	59814.5	4625
94937.6	59814.5	4624.62
94941.8	59814.5	4623.49
94945.8	59814.5	4621.65
94949.3	59814.5	4619.15
94952.4	59814.5	4616.07
94954.9	59814.5	4612.5
94956.8	59814.5	4608.55
94957.9	59814.5	4604.34
94958.3	59814.5	4600
94957.9	59814.5	4595.66
94956.8	59814.5	4591.45
94954.9	59814.5	4587.5
94952.4	59814.5	4583.93
94949.3	59814.5	4580.85
94945.8	59814.5	4578.35
94941.8	59814.5	4576.51
94937.6	59814.5	4575.38
94218.3	59614.5	5230
94218.3	59614.5	-50
94423	59614.5	4575.38
94427.3	59614.5	4575
94431.6	59614.5	4575.38
94435.8	59614.5	4576.51
94439.8	59614.5	4578.35
94443.4	59614.5	4580.85
94446.4	59614.5	4583.93
94448.9	59614.5	4587.5
94450.8	59614.5	4591.45
94451.9	59614.5	4595.66
94452.3	59614.5	4600
94451.9	59614.5	4604.34
94450.8	59614.5	4608.55
94448.9	59614.5	4612.5
94446.4	59614.5	4616.07
94443.4	59614.5	4619.15
94439.8	59614.5	4621.65
94435.8	59614.5	4623.49
94431.6	59614.5	4624.62
94427.3	59614.5	4625
94423	59614.5	4624.62
94418.7	59614.5	4623.49
94414.8	59614.5	4621.65
94411.2	59614.5	4619.15
94408.1	59614.5	4616.07
94405.6	59614.5	4612.5
94403.8	59614.5	4608.55
94402.7	59614.5	4604.34
94402.3	59614.5	4600
94402.7	59614.5	4595.66
94403.8	59614.5	4591.45
94405.6	59614.5	4587.5
94408.1	59614.5	4583.93
94411.2	59614.5	4580.85
94414.8	59614.5	4578.35
94418.7	59614.5	4576.51
94574.2	59614.5	4568.98
94579.7	59614.5	4568.5
94585.1	59614.5	4568.98
94590.4	59614.5	4570.4
94595.4	59614.5	4572.72
94599.9	59614.5	4575.87
94603.8	59614.5	4579.75
94607	59614.5	4584.25
94609.3	59614.5	4589.23
94610.7	59614.5	4594.53
94611.2	59614.5	4600
94610.7	59614.5	4605.47
94609.3	59614.5	4610.77
94607	59614.5	4615.75
94603.8	59614.5	4620.25
94599.9	59614.5	4624.13
94595.4	59614.5	4627.28
94590.4	59614.5	4629.6
94585.1	59614.5	4631.02
94579.7	59614.5	4631.5
94574.2	59614.5	4631.02
94568.9	59614.5	4629.6
94563.9	59614.5	4627.28
94559.4	59614.5	4624.13
94555.5	59614.5	4620.25
94552.4	59614.5	4615.75
94550.1	59614.5	4610.77
94548.7	59614.5	4605.47
94548.2	59614.5	4600
94548.7	59614.5	4594.53
94550.1	59614.5	4589.23
94552.4	59614.5	4584.25
94555.5	59614.5	4579.75
94559.4	59614.5	4575.87
94563.9	59614.5	4572.72
94568.9	59614.5	4570.4
94740.8	59614.5	4568.98
94746.2	59614.5	4568.5
94751.7	59614.5	4568.98
94757	59614.5	4570.4
94762	59614.5	4572.72
94766.5	59614.5	4575.87
94770.4	59614.5	4579.75
94773.5	59614.5	4584.25
94775.8	59614.5	4589.23
94777.3	59614.5	4594.53
94777.7	59614.5	4600
94777.3	59614.5	4605.47
94775.8	59614.5	4610.77
94773.5	59614.5	4615.75
94770.4	59614.5	4620.25
94766.5	59614.5	4624.13
94762	59614.5	4627.28
94757	59614.5	4629.6
94751.7	59614.5	4631.02
94746.2	59614.5	4631.5
94740.8	59614.5	4631.02
94735.5	59614.5	4629.6
94730.5	59614.5	4627.28
94726	59614.5	4624.13
94722.1	59614.5	4620.25
94719	59614.5	4615.75
94716.6	59614.5	4610.77
94715.2	59614.5	4605.47
94714.7	59614.5	4600
94715.2	59614.5	4594.53
94716.6	59614.5	4589.23
94719	59614.5	4584.25
94722.1	59614.5	4579.75
94726	59614.5	4575.87
94730.5	59614.5	4572.72
94735.5	59614.5	4570.4
95036.7	59614.5	4568.98
95042.2	59614.5	4568.5
95047.7	59614.5	4568.98
95053	59614.5	4570.4
95058	59614.5	4572.72
95062.4	59614.5	4575.87
95066.3	59614.5	4579.75
95069.5	59614.5	4584.25
95071.8	59614.5	4589.23
95073.2	59614.5	4594.53
95073.7	59614.5	4600
95073.2	59614.5	4605.47
95071.8	59614.5	4610.77
95069.5	59614.5	4615.75
95066.3	59614.5	4620.25
95062.4	59614.5	4624.13
95058	59614.5	4627.28
95053	59614.5	4629.6
95047.7	59614.5	4631.02
95042.2	59614.5	4631.5
95036.7	59614.5	4631.02
95031.4	59614.5	4629.6
95026.5	59614.5	4627.28
95022	59614.5	4624.13
95018.1	59614.5	4620.25
95014.9	59614.5	4615.75
95012.6	59614.5	4610.77
95011.2	59614.5	4605.47
95010.7	59614.5	4600
95011.2	59614.5	4594.53
95012.6	59614.5	4589.23
95014.9	59614.5	4584.25
95018.1	59614.5	4579.75
95022	59614.5	4575.87
95026.5	59614.5	4572.72
95031.4	59614.5	4570.4
95168.3	59614.5	4568.98
95173.8	59614.5	4568.5
95179.2	59614.5	4568.98
95184.5	59614.5	4570.4
95189.5	59614.5	4572.72
95194	59614.5	4575.87
95197.9	59614.5	4579.75
95201	59614.5	4584.25
95203.4	59614.5	4589.23
95204.8	59614.5	4594.53
95205.3	59614.5	4600
95204.8	59614.5	4605.47
95203.4	59614.5	4610.77
95201	59614.5	4615.75
95197.9	59614.5	4620.25
95194	59614.5	4624.13
95189.5	59614.5	4627.28
95184.5	59614.5	4629.6
95179.2	59614.5	4631.02
95173.8	59614.5	4631.5
95168.3	59614.5	4631.02
95163	59614.5	4629.6
95158	59614.5	4627.28
95153.5	59614.5	4624.13
95149.6	59614.5	4620.25
95146.5	59614.5	4615.75
95144.2	59614.5	4610.77
95142.7	59614.5	4605.47
95142.3	59614.5	4600
95142.7	59614.5	4594.53
95144.2	59614.5	4589.23
95146.5	59614.5	4584.25
95149.6	59614.5	4579.75
95153.5	59614.5	4575.87
95158	59614.5	4572.72
95163	59614.5	4570.4
94928.9	59614.5	4575.38
94933.3	59614.5	4575
94937.6	59614.5	4575.38
94941.8	59614.5	4576.51
94945.8	59614.5	4578.35
94949.3	59614.5	4580.85
94952.4	59614.5	4583.93
94954.9	59614.5	4587.5
94956.8	59614.5	4591.45
94957.9	59614.5	4595.66
94958.3	59614.5	4600
94957.9	59614.5	4604.34
94956.8	59614.5	4608.55
94954.9	59614.5	4612.5
94952.4	59614.5	4616.07
94949.3	59614.5	4619.15
94945.8	59614.5	4621.65
94941.8	59614.5	4623.49
94937.6	59614.5	4624.62
94933.3	59614.5	4625
94928.9	59614.5	4624.62
94924.7	59614.5	4623.49
94920.8	59614.5	4621.65
94917.2	59614.5	4619.15
94914.1	59614.5	4616.07
94911.6	59614.5	4612.5
94909.8	59614.5	4608.55
94908.6	59614.5	4604.34
94908.3	59614.5	4600
94908.6	59614.5	4595.66
94909.8	59614.5	4591.45
94911.6	59614.5	4587.5
94914.1	59614.5	4583.93
94917.2	59614.5	4580.85
94920.8	59614.5	4578.35
94924.7	59614.5	4576.51

#	Triangle	106
0	2	1	3	2	0
4	3	5	4	13	3	13	12	3	12	11	3	11	10	3	10	9	3	9	8	3	8	7	3	7	6	3	6	45	3	45	44	3	44	43	3	43	42	3	42	78	3	78	114	3	114	150	3	150	185	3	185	184	3	184	183	3	183	182	3	182	181	3	181	180	3	180	179	3	179	178	3	178	2	3	77	78	42	77	79	78	113	114	78	113	115	114	149	150	114	149	151	150	76	79	77	76	80	79	112	115	113	112	116	115	148	151	149	148	152	151	75	80	76	75	81	80	111	116	112	111	117	116	147	152	148	147	153	152	6	46	45	74	81	75	74	82	81	110	117	111	110	186	117	186	118	117	146	153	147	146	154	153	41	46	6	110	187	186	221	118	186	40	46	41	110	188	187	220	118	221	40	47	46	73	82	74	73	83	82	109	188	110	220	119	118	145	154	146	145	155	154	39	47	40	109	189	188	219	119	220	38	47	39	109	190	189	218	119	219	38	48	47	72	83	73	72	84	83	108	190	109	218	120	119	144	155	145	144	156	155	37	48	38	108	191	190	217	120	218	36	48	37	108	192	191	216	120	217	36	49	48	71	84	72	71	85	84	107	192	108	216	121	120	143	156	144	143	157	156	35	49	36	107	193	192	215	121	216	35	50	49	70	85	71	70	86	85	106	193	107	215	122	121	142	157	143	142	158	157	4	14	13	34	50	35	106	194	193	214	122	215	34	51	50	69	86	70	69	87	86	105	194	106	214	123	122	141	158	142	141	159	158	177	2	178	4	15	14	33	51	34	105	195	194	213	123	214	4	16	15	32	51	33	32	52	51	68	87	69	68	88	87	104	195	105	104	196	195	212	123	213	212	124	123	140	159	141	140	160	159	176	2	177	4	17	16	31	52	32	104	197	196	211	124	212	31	53	52	67	88	68	67	89	88	103	197	104	211	125	124	139	160	140	139	161	160	175	2	176	4	18	17	30	53	31	103	198	197	210	125	211	30	54	53	66	89	67	66	90	89	102	198	103	210	126	125	138	161	139	138	162	161	174	2	175	4	19	18	29	54	30	102	199	198	209	126	210	29	55	54	65	90	66	65	91	90	101	199	102	209	127	126	137	162	138	137	163	162	173	2	174	4	20	19	28	55	29	101	200	199	208	127	209	4	21	20	27	55	28	101	201	200	207	127	208	27	56	55	64	91	65	64	92	91	100	201	101	207	128	127	136	163	137	136	164	163	172	2	173	4	22	21	26	56	27	100	202	201	206	128	207	4	23	22	25	56	26	100	203	202	205	128	206	25	57	56	63	92	64	63	93	92	99	203	100	205	129	128	135	164	136	135	165	164	171	2	172	4	24	23	24	57	25	99	204	203	204	129	205	4	57	24	99	129	204	4	58	57	62	93	63	62	94	93	98	129	99	98	130	129	134	165	135	134	166	165	170	2	171	4	59	58	61	94	62	61	95	94	97	130	98	97	131	130	133	166	134	133	167	166	169	2	170	4	60	59	60	95	61	60	96	95	96	131	97	96	132	131	132	167	133	132	168	167	168	2	169	4	96	60	4	132	96	4	168	132	4	2	168
5	222	4	223	222	5
1	377	0	377	376	0	376	375	0	375	374	0	374	373	0	373	372	0	372	371	0	371	370	0	370	369	0	369	223	0	369	333	223	333	297	223	297	261	223	261	260	223	260	295	223	295	294	223	294	225	223	225	224	223	224	259	223	259	258	223	258	257	223	257	256	223	256	255	223	255	254	223	254	222	223	368	333	369	368	334	333	332	297	333	332	298	297	296	261	297	296	262	261	403	334	368	403	335	334	367	298	332	367	299	298	331	262	296	331	263	262	402	335	403	402	336	335	366	299	367	366	300	299	330	263	331	330	264	263	401	336	402	401	337	336	365	300	366	365	405	300	405	301	300	329	264	330	329	265	264	293	225	294	365	406	405	404	301	405	293	226	225	365	407	406	439	301	404	293	227	226	400	337	401	400	338	337	364	407	365	439	302	301	328	265	329	328	266	265	292	227	293	364	408	407	438	302	439	292	228	227	364	409	408	437	302	438	292	229	228	399	338	400	399	339	338	363	409	364	437	303	302	327	266	328	327	267	266	291	229	292	363	410	409	436	303	437	291	230	229	363	411	410	435	303	436	291	231	230	398	339	399	398	340	339	362	411	363	435	304	303	326	267	327	326	268	267	290	231	291	362	412	411	434	304	435	290	232	231	397	340	398	397	341	340	361	412	362	434	305	304	325	268	326	325	269	268	289	232	290	361	413	412	433	305	434	289	233	232	253	222	254	1	378	377	396	341	397	396	342	341	360	413	361	433	306	305	324	269	325	324	270	269	288	233	289	360	414	413	432	306	433	288	234	233	252	222	253	1	379	378	395	342	396	395	343	342	359	414	360	359	415	414	431	306	432	431	307	306	323	270	324	323	271	270	287	234	288	287	235	234	251	222	252	359	416	415	430	307	431	287	236	235	250	222	251	1	380	379	394	343	395	394	344	343	358	416	359	430	308	307	322	271	323	322	272	271	286	236	287	358	417	416	429	308	430	286	237	236	249	222	250	1	381	380	393	344	394	393	345	344	357	417	358	429	309	308	321	272	322	321	273	272	285	237	286	357	418	417	428	309	429	285	238	237	248	222	249	1	382	381	392	345	393	392	346	345	356	418	357	428	310	309	320	273	321	320	274	273	284	238	285	356	419	418	427	310	428	284	239	238	247	222	248	356	420	419	426	310	427	284	240	239	246	222	247	1	383	382	391	346	392	391	347	346	355	420	356	426	311	310	319	274	320	319	275	274	283	240	284	355	421	420	425	311	426	283	241	240	245	222	246	355	422	421	424	311	425	283	242	241	244	222	245	1	384	383	390	347	391	390	348	347	354	422	355	424	312	311	318	275	319	318	276	275	282	242	283	354	423	422	423	312	424	282	243	242	243	222	244	354	312	423	282	222	243	1	385	384	389	348	390	389	349	348	353	312	354	353	313	312	317	276	318	317	277	276	281	222	282	1	386	385	388	349	389	388	350	349	352	313	353	352	314	313	316	277	317	316	278	277	280	222	281	1	387	386	387	350	388	387	351	350	351	314	352	351	315	314	315	278	316	315	279	278	279	222	280	1	351	387	1	315	351	1	279	315	1	222	279
0	5	3	223	5	0
2	222	1	4	222	2
225	7	224	6	7	225
224	8	259	7	8	224
259	9	258	8	9	259	439	189	438	188	189	439
258	10	257	9	10	258
257	11	256	10	11	257
256	12	255	11	12	256	436	192	435	191	192	436
255	13	254	12	13	255	435	193	434	192	193	435
254	14	253	13	14	254	434	194	433	193	194	434
253	15	252	14	15	253	433	195	432	194	195	433
252	16	251	15	16	252	432	196	431	195	196	432
251	17	250	16	17	251	431	197	430	196	197	431
250	18	249	17	18	250	430	198	429	197	198	430
249	19	248	18	19	249	429	199	428	198	199	429
248	20	247	19	20	248
247	21	246	20	21	247
246	22	245	21	22	246	426	202	425	201	202	426
245	23	244	22	23	245
244	24	243	23	24	244
243	25	242	24	25	243	423	205	422	204	205	423
242	26	241	25	26	242	422	206	421	205	206	422
241	27	240	26	27	241	421	207	420	206	207	421
240	28	239	27	28	240	420	208	419	207	208	420
239	29	238	28	29	239
238	30	237	29	30	238	418	210	417	209	210	418
237	31	236	30	31	237
236	32	235	31	32	236	416	212	415	211	212	416
235	33	234	32	33	235	415	213	414	212	213	415
234	34	233	33	34	234	414	214	413	213	214	414
233	35	232	34	35	233	413	215	412	214	215	413
232	36	231	35	36	232
231	37	230	36	37	231	411	217	410	216	217	411
230	38	229	37	38	230
229	39	228	38	39	229	409	219	408	218	219	409
228	40	227	39	40	228	408	220	407	219	220	408
227	41	226	40	41	227	407	221	406	220	221	407
226	6	225	41	6	226	406	186	405	221	186	406
261	43	260	42	43	261	297	79	296	78	79	297	369	151	368	150	151	369
260	44	295	43	44	260	296	80	331	79	80	296	368	152	403	151	152	368
295	45	294	44	45	295	331	81	330	80	81	331	367	117	366	116	117	367	403	153	402	152	153	403
294	46	293	45	46	294
293	47	292	46	47	293	329	83	328	82	83	329	365	119	364	118	119	365	401	155	400	154	155	401
292	48	291	47	48	292	328	84	327	83	84	328	364	120	363	119	120	364	400	156	399	155	156	400
291	49	290	48	49	291	327	85	326	84	85	327	363	121	362	120	121	363	399	157	398	156	157	399
290	50	289	49	50	290	326	86	325	85	86	326	362	122	361	121	122	362	398	158	397	157	158	398
289	51	288	50	51	289
288	52	287	51	52	288
287	53	286	52	53	287	323	89	322	88	89	323	359	125	358	124	125	359	395	161	394	160	161	395
286	54	285	53	54	286	322	90	321	89	90	322	358	126	357	125	126	358	394	162	393	161	162	394
285	55	284	54	55	285	321	91	320	90	91	321	357	127	356	126	127	357	393	163	392	162	163	393
284	56	283	55	56	284	320	92	319	91	92	320	356	128	355	127	128	356	392	164	391	163	164	392
283	57	282	56	57	283
282	58	281	57	58	282	318	94	317	93	94	318	354	130	353	129	130	354	390	166	389	165	166	390
281	59	280	58	59	281	317	95	316	94	95	317	389	167	388	166	167	389
280	60	279	59	60	280	316	96	315	95	96	316	388	168	387	167	168	388
279	61	278	60	61	279
278	62	277	61	62	278
277	63	276	62	63	277	313	99	312	98	99	313	349	135	348	134	135	349	385	171	384	170	171	385
276	64	275	63	64	276	312	100	311	99	100	312	384	172	383	171	172	384
275	65	274	64	65	275	311	101	310	100	101	311	347	137	346	136	137	347	383	173	382	172	173	383
274	66	273	65	66	274	310	102	309	101	102	310	346	138	345	137	138	346	382	174	381	173	174	382
273	67	272	66	67	273	309	103	308	102	103	309	345	139	344	138	139	345	381	175	380	174	175	381
272	68	271	67	68	272	308	104	307	103	104	308	344	140	343	139	140	344	380	176	379	175	176	380
271	69	270	68	69	271	307	105	306	104	105	307	379	177	378	176	177	379
270	70	269	69	70	270	306	106	305	105	106	306	378	178	377	177	178	378
269	71	268	70	71	269	305	107	304	106	107	305	341	143	340	142	143	341	377	179	376	178	179	377
268	72	267	71	72	268	304	108	303	107	108	304	340	144	339	143	144	340	376	180	375	179	180	376
267	73	266	72	73	267	303	109	302	108	109	303	339	145	338	144	145	339	375	181	374	180	181	375
266	74	265	73	74	266	302	110	301	109	110	302	338	146	337	145	146	338	374	182	373	181	182	374
265	75	264	74	75	265	301	111	300	110	111	301	373	183	372	182	183	373
264	76	263	75	76	264	300	112	299	111	112	300	336	148	335	147	148	336	372	184	371	183	184	372
263	77	262	76	77	263
262	42	261	77	42	262
330	82	329	81	82	330	366	118	365	117	118	366	402	154	401	153	154	402
325	87	324	86	87	325	361	123	360	122	123	361	397	159	396	158	159	397
324	88	323	87	88	324	360	124	359	123	124	360	396	160	395	159	160	396
319	93	318	92	93	319	355	129	354	128	129	355	391	165	390	164	165	391
315	97	314	96	97	315	351	133	350	132	133	351	387	169	386	168	169	387
314	98	313	97	98	314	350	134	349	133	134	350	386	170	385	169	170	386
299	113	298	112	113	299	335	149	334	148	149	335	371	185	370	184	185	371
298	78	297	113	78	298	334	114	333	149	114	334	370	150	369	185	150	370
333	115	332	114	115	333
332	116	367	115	116	332
353	131	352	130	131	353
352	132	351	131	132	352
348	136	347	135	136	348
343	141	342	140	141	343
342	142	341	141	142	342
337	147	336	146	147	337
405	187	404	186	187	405
404	188	439	187	188	404
438	190	437	189	190	438
437	191	436	190	191	437
428	200	427	199	200	428
427	201	426	200	201	427
425	203	424	202	203	425
424	204	423	203	204	424
419	209	418	208	209	419
417	211	416	210	211	417
412	216	411	215	216	412
410	218	409	217	218	410

#	Normal	106
-1	0	0
0	-1	0
1	0	0
0	1	-0
0	0	1
0	0	-1
-0.0872783	0	-0.996184
-0.258736	0	-0.965948
-0.422229	0	-0.906489
-0.574426	0	-0.818557
-0.706547	0	-0.707666
-0.819111	0	-0.573635
-0.906134	0	-0.42299
-0.966086	0	-0.258221
-0.996135	0	-0.0878382
-0.996135	0	0.0878382
-0.966086	0	0.258221
-0.906134	0	0.42299
-0.819111	0	0.573635
-0.706547	0	0.707666
-0.574426	0	0.818557
-0.422229	0	0.906489
-0.258736	0	0.965948
-0.0872783	0	0.996184
0.0871225	-0	0.996198
0.258736	-0	0.965948
0.422916	-0	0.906169
0.573583	-0	0.819148
0.706547	-0	0.707666
0.819111	-0	0.573635
0.906821	-0	0.421516
0.965637	-0	0.259893
0.99629	-0	0.086059
0.99629	0	-0.086059
0.965637	0	-0.259893
0.906821	0	-0.421516
0.819111	0	-0.573635
0.706547	0	-0.707666
0.573583	0	-0.819148
0.422916	0	-0.906169
0.258736	0	-0.965948
0.0871225	0	-0.996198
-0.087167	0	-0.996194
-0.258819	0	-0.965926
-0.422574	0	-0.906328
-0.57406	0	-0.818814
-0.707062	0	-0.707151
-0.819249	0	-0.573438
-0.906328	0	-0.422574
-0.965892	0	-0.258946
-0.996102	0	-0.0882104
-0.996102	0	0.0882104
-0.965892	0	0.258946
-0.906328	0	0.422574
-0.819249	0	0.573438
-0.707062	0	0.707151
-0.57406	0	0.818814
-0.422574	0	0.906328
-0.258819	0	0.965926
-0.087167	0	0.996194
0.0870435	-0	0.996205
0.259175	-0	0.96583
0.422574	-0	0.906328
0.573391	-0	0.819282
0.707062	-0	0.707151
0.819249	-0	0.573438
0.906328	-0	0.422574
0.965892	-0	0.258946
0.996226	-0	0.0867985
0.996226	0	-0.0867985
0.965892	0	-0.258946
0.906328	0	-0.422574
0.819249	0	-0.573438
0.707062	0	-0.707151
0.573391	0	-0.819282
0.422574	0	-0.906328
0.259175	0	-0.96583
0.0870435	0	-0.996205
-0.573391	0	-0.819282
-0.996226	0	-0.0867985
-0.996226	0	0.0867985
-0.573391	0	0.819282
0.087167	-0	0.996194
0.258819	-0	0.965926
0.258819	0	-0.965926
0.087167	0	-0.996194
-0.0870435	0	-0.996205
-0.259175	0	-0.96583
-0.259175	0	0.96583
-0.0870435	0	0.996205
0.57406	-0	0.818814
0.996102	-0	0.0882104
0.996102	0	-0.0882104
0.57406	0	-0.818814
-0.0871225	0	-0.996198
-0.259185	0	-0.965828
-0.573583	0	-0.819148
-0.707443	0	-0.70677
-0.707443	0	0.70677
-0.573583	0	0.819148
-0.259185	0	0.965828
-0.0871225	0	0.996198
0.707443	-0	0.70677
0.906134	-0	0.42299
0.906134	0	-0.42299
0.707443	0	-0.70677

#	Mesh	0	End

