#	Mesh	0	Begin

#	Vertex	224
112068	68664.5	-50
112068	68664.5	5230
112268	68664.5	5230
112268	68664.5	-50
112268	71964.5	5230
112268	71964.5	-50
112268	68814.5	4318.5
112268	68820	4318.98
112268	68825.3	4320.4
112268	68830.3	4322.72
112268	68834.8	4325.87
112268	68838.7	4329.75
112268	68841.8	4334.25
112268	68844.1	4339.23
112268	68845.5	4344.53
112268	68846	4350
112268	68845.5	4355.47
112268	68844.1	4360.77
112268	68841.8	4365.75
112268	68838.7	4370.25
112268	68834.8	4374.13
112268	68830.3	4377.28
112268	68825.3	4379.6
112268	68820	4381.02
112268	68814.5	4381.5
112268	68809.1	4381.02
112268	68803.8	4379.6
112268	68798.8	4377.28
112268	68794.3	4374.13
112268	68790.4	4370.25
112268	68787.3	4365.75
112268	68784.9	4360.77
112268	68783.5	4355.47
112268	68783	4350
112268	68783.5	4344.53
112268	68784.9	4339.23
112268	68787.3	4334.25
112268	68790.4	4329.75
112268	68794.3	4325.87
112268	68798.8	4322.72
112268	68803.8	4320.4
112268	68809.1	4318.98
112268	68974.5	4318.5
112268	68980	4318.98
112268	68985.3	4320.4
112268	68990.3	4322.72
112268	68994.8	4325.87
112268	68998.7	4329.75
112268	69001.8	4334.25
112268	69004.1	4339.23
112268	69005.5	4344.53
112268	69006	4350
112268	69005.5	4355.47
112268	69004.1	4360.77
112268	69001.8	4365.75
112268	68998.7	4370.25
112268	68994.8	4374.13
112268	68990.3	4377.28
112268	68985.3	4379.6
112268	68980	4381.02
112268	68974.5	4381.5
112268	68969.1	4381.02
112268	68963.8	4379.6
112268	68958.8	4377.28
112268	68954.3	4374.13
112268	68950.4	4370.25
112268	68947.3	4365.75
112268	68944.9	4360.77
112268	68943.5	4355.47
112268	68943	4350
112268	68943.5	4344.53
112268	68944.9	4339.23
112268	68947.3	4334.25
112268	68950.4	4329.75
112268	68954.3	4325.87
112268	68958.8	4322.72
112268	68963.8	4320.4
112268	68969.1	4318.98
112268	69134.5	4325
112268	69138.9	4325.38
112268	69143.1	4326.51
112268	69147	4328.35
112268	69150.6	4330.85
112268	69153.7	4333.93
112268	69156.2	4337.5
112268	69158	4341.45
112268	69159.1	4345.66
112268	69159.5	4350
112268	69159.1	4354.34
112268	69158	4358.55
112268	69156.2	4362.5
112268	69153.7	4366.07
112268	69150.6	4369.15
112268	69147	4371.65
112268	69143.1	4373.49
112268	69138.9	4374.62
112268	69134.5	4375
112268	69130.2	4374.62
112268	69126	4373.49
112268	69122	4371.65
112268	69118.5	4369.15
112268	69115.4	4366.07
112268	69112.9	4362.5
112268	69111	4358.55
112268	69109.9	4354.34
112268	69109.5	4350
112268	69109.9	4345.66
112268	69111	4341.45
112268	69112.9	4337.5
112268	69115.4	4333.93
112268	69118.5	4330.85
112268	69122	4328.35
112268	69126	4326.51
112268	69130.2	4325.38
112068	71964.5	5230
112068	71964.5	-50
112068	68820	4318.98
112068	68814.5	4318.5
112068	68809.1	4318.98
112068	68803.8	4320.4
112068	68798.8	4322.72
112068	68794.3	4325.87
112068	68790.4	4329.75
112068	68787.3	4334.25
112068	68784.9	4339.23
112068	68783.5	4344.53
112068	68783	4350
112068	68783.5	4355.47
112068	68784.9	4360.77
112068	68787.3	4365.75
112068	68790.4	4370.25
112068	68794.3	4374.13
112068	68798.8	4377.28
112068	68803.8	4379.6
112068	68809.1	4381.02
112068	68814.5	4381.5
112068	68820	4381.02
112068	68825.3	4379.6
112068	68830.3	4377.28
112068	68834.8	4374.13
112068	68838.7	4370.25
112068	68841.8	4365.75
112068	68844.1	4360.77
112068	68845.5	4355.47
112068	68846	4350
112068	68845.5	4344.53
112068	68844.1	4339.23
112068	68841.8	4334.25
112068	68838.7	4329.75
112068	68834.8	4325.87
112068	68830.3	4322.72
112068	68825.3	4320.4
112068	68980	4318.98
112068	68974.5	4318.5
112068	68969.1	4318.98
112068	68963.8	4320.4
112068	68958.8	4322.72
112068	68954.3	4325.87
112068	68950.4	4329.75
112068	68947.3	4334.25
112068	68944.9	4339.23
112068	68943.5	4344.53
112068	68943	4350
112068	68943.5	4355.47
112068	68944.9	4360.77
112068	68947.3	4365.75
112068	68950.4	4370.25
112068	68954.3	4374.13
112068	68958.8	4377.28
112068	68963.8	4379.6
112068	68969.1	4381.02
112068	68974.5	4381.5
112068	68980	4381.02
112068	68985.3	4379.6
112068	68990.3	4377.28
112068	68994.8	4374.13
112068	68998.7	4370.25
112068	69001.8	4365.75
112068	69004.1	4360.77
112068	69005.5	4355.47
112068	69006	4350
112068	69005.5	4344.53
112068	69004.1	4339.23
112068	69001.8	4334.25
112068	68998.7	4329.75
112068	68994.8	4325.87
112068	68990.3	4322.72
112068	68985.3	4320.4
112068	69138.9	4325.38
112068	69134.5	4325
112068	69130.2	4325.38
112068	69126	4326.51
112068	69122	4328.35
112068	69118.5	4330.85
112068	69115.4	4333.93
112068	69112.9	4337.5
112068	69111	4341.45
112068	69109.9	4345.66
112068	69109.5	4350
112068	69109.9	4354.34
112068	69111	4358.55
112068	69112.9	4362.5
112068	69115.4	4366.07
112068	69118.5	4369.15
112068	69122	4371.65
112068	69126	4373.49
112068	69130.2	4374.62
112068	69134.5	4375
112068	69138.9	4374.62
112068	69143.1	4373.49
112068	69147	4371.65
112068	69150.6	4369.15
112068	69153.7	4366.07
112068	69156.2	4362.5
112068	69158	4358.55
112068	69159.1	4354.34
112068	69159.5	4350
112068	69159.1	4345.66
112068	69158	4341.45
112068	69156.2	4337.5
112068	69153.7	4333.93
112068	69150.6	4330.85
112068	69147	4328.35
112068	69143.1	4326.51

#	Triangle	94
0	2	1	3	2	0
4	3	5	4	80	3	80	79	3	79	78	3	78	44	3	44	43	3	43	42	3	42	6	3	6	41	3	41	40	3	40	39	3	39	38	3	38	37	3	37	36	3	36	35	3	35	34	3	34	2	3	77	6	42	77	7	6	76	7	77	76	8	7	78	45	44	75	8	76	75	9	8	78	46	45	74	9	75	74	10	9	113	46	78	112	46	113	112	47	46	73	10	74	73	11	10	4	81	80	111	47	112	4	82	81	110	47	111	110	48	47	72	11	73	72	12	11	4	83	82	109	48	110	4	84	83	108	48	109	108	49	48	71	12	72	71	13	12	4	85	84	107	49	108	107	50	49	70	13	71	70	14	13	4	86	85	106	50	107	106	51	50	69	14	70	69	15	14	33	2	34	4	87	86	105	51	106	4	88	87	104	51	105	104	52	51	68	15	69	68	16	15	32	2	33	4	89	88	103	52	104	103	53	52	67	16	68	67	17	16	31	2	32	4	90	89	102	53	103	102	54	53	66	17	67	66	18	17	30	2	31	4	91	90	101	54	102	101	55	54	65	18	66	65	19	18	29	2	30	4	92	91	100	55	101	4	93	92	99	55	100	99	56	55	64	19	65	64	20	19	28	2	29	4	94	93	98	56	99	4	95	94	97	56	98	97	57	56	63	20	64	63	21	20	27	2	28	4	96	95	96	57	97	4	57	96	4	58	57	62	21	63	62	22	21	26	2	27	4	59	58	61	22	62	61	23	22	25	2	26	4	60	59	60	23	61	60	24	23	24	2	25	4	24	60	4	2	24
5	114	4	115	114	5
1	125	0	125	124	0	124	123	0	123	122	0	122	121	0	121	120	0	120	119	0	119	118	0	118	117	0	117	115	0	117	153	115	153	152	115	152	187	115	187	189	115	189	188	115	188	223	115	223	114	115	116	153	117	116	154	153	151	154	116	151	155	154	150	155	151	150	156	155	186	189	187	149	156	150	149	157	156	185	189	186	185	190	189	185	191	190	148	157	149	148	158	157	184	191	185	184	192	191	222	114	223	184	193	192	221	114	222	147	158	148	147	159	158	183	193	184	183	194	193	220	114	221	183	195	194	219	114	220	146	159	147	146	160	159	182	195	183	182	196	195	218	114	219	145	160	146	145	161	160	181	196	182	181	197	196	217	114	218	1	126	125	144	161	145	144	162	161	180	197	181	180	198	197	216	114	217	1	127	126	143	162	144	143	163	162	179	198	180	179	199	198	215	114	216	179	200	199	214	114	215	1	128	127	142	163	143	142	164	163	178	200	179	178	201	200	213	114	214	1	129	128	141	164	142	141	165	164	177	201	178	177	202	201	212	114	213	1	130	129	140	165	141	140	166	165	176	202	177	176	203	202	211	114	212	176	204	203	210	114	211	1	131	130	139	166	140	139	167	166	175	204	176	175	205	204	209	114	210	175	206	205	208	114	209	1	132	131	138	167	139	138	168	167	174	206	175	174	207	206	207	114	208	174	114	207	1	133	132	137	168	138	137	169	168	173	114	174	1	134	133	136	169	137	136	170	169	172	114	173	1	135	134	135	170	136	135	171	170	171	114	172	1	171	135	1	114	171
0	5	3	115	5	0
2	114	1	4	114	2
117	7	116	6	7	117
116	8	151	7	8	116	152	44	187	43	44	152
151	9	150	8	9	151
150	10	149	9	10	150
149	11	148	10	11	149	185	47	184	46	47	185
148	12	147	11	12	148	184	48	183	47	48	184
147	13	146	12	13	147	183	49	182	48	49	183
146	14	145	13	14	146	182	50	181	49	50	182
145	15	144	14	15	145
144	16	143	15	16	144
143	17	142	16	17	143	179	53	178	52	53	179
142	18	141	17	18	142	178	54	177	53	54	178
141	19	140	18	19	141	177	55	176	54	55	177
140	20	139	19	20	140	176	56	175	55	56	176
139	21	138	20	21	139
138	22	137	21	22	138
137	23	136	22	23	137	173	59	172	58	59	173
136	24	135	23	24	136
135	25	134	24	25	135
134	26	133	25	26	134
133	27	132	26	27	133	169	63	168	62	63	169
132	28	131	27	28	132
131	29	130	28	29	131	167	65	166	64	65	167
130	30	129	29	30	130	166	66	165	65	66	166
129	31	128	30	31	129	165	67	164	66	67	165
128	32	127	31	32	128	164	68	163	67	68	164
127	33	126	32	33	127
126	34	125	33	34	126
125	35	124	34	35	125	161	71	160	70	71	161
124	36	123	35	36	124	160	72	159	71	72	160
123	37	122	36	37	123	159	73	158	72	73	159
122	38	121	37	38	122	158	74	157	73	74	158
121	39	120	38	39	121
120	40	119	39	40	120	156	76	155	75	76	156
119	41	118	40	41	119
118	6	117	41	6	118
153	43	152	42	43	153
187	45	186	44	45	187
186	46	185	45	46	186
181	51	180	50	51	181
180	52	179	51	52	180
175	57	174	56	57	175
174	58	173	57	58	174
172	60	171	59	60	172
171	61	170	60	61	171
170	62	169	61	62	170
168	64	167	63	64	168
163	69	162	68	69	163
162	70	161	69	70	162
157	75	156	74	75	157
155	77	154	76	77	155
154	42	153	77	42	154
189	79	188	78	79	189
188	80	223	79	80	188
223	81	222	80	81	223
222	82	221	81	82	222
221	83	220	82	83	221
220	84	219	83	84	220
219	85	218	84	85	219
218	86	217	85	86	218
217	87	216	86	87	217
216	88	215	87	88	216
215	89	214	88	89	215
214	90	213	89	90	214
213	91	212	90	91	213
212	92	211	91	92	212
211	93	210	92	93	211
210	94	209	93	94	210
209	95	208	94	95	209
208	96	207	95	96	208
207	97	206	96	97	207
206	98	205	97	98	206
205	99	204	98	99	205
204	100	203	99	100	204
203	101	202	100	101	203
202	102	201	101	102	202
201	103	200	102	103	201
200	104	199	103	104	200
199	105	198	104	105	199
198	106	197	105	106	198
197	107	196	106	107	197
196	108	195	107	108	196
195	109	194	108	109	195
194	110	193	109	110	194
193	111	192	110	111	193
192	112	191	111	112	192
191	113	190	112	113	191
190	78	189	113	78	190

#	Normal	94
-0	1	0
-1	0	0
-0	-1	-0
1	0	0
0	-0	1
0	0	-1
0	0.087167	-0.996194
0	0.258819	-0.965926
0	0.422574	-0.906328
0	0.57406	-0.818814
0	0.707062	-0.707151
0	0.819249	-0.573438
0	0.906328	-0.422574
0	0.965892	-0.258946
0	0.996102	-0.0882104
-0	0.996102	0.0882104
-0	0.965892	0.258946
-0	0.906328	0.422574
-0	0.819249	0.573438
-0	0.707062	0.707151
-0	0.57406	0.818814
-0	0.422574	0.906328
-0	0.258819	0.965926
-0	0.087167	0.996194
0	-0.0870435	0.996205
0	-0.259175	0.96583
0	-0.422574	0.906328
0	-0.573391	0.819282
0	-0.707062	0.707151
0	-0.819249	0.573438
0	-0.906328	0.422574
0	-0.965892	0.258946
0	-0.996226	0.0867985
0	-0.996226	-0.0867985
0	-0.965892	-0.258946
0	-0.906328	-0.422574
0	-0.819249	-0.573438
0	-0.707062	-0.707151
0	-0.573391	-0.819282
0	-0.422574	-0.906328
0	-0.259175	-0.96583
0	-0.0870435	-0.996205
0	0.0870435	-0.996205
0	0.423119	-0.906074
0	0.573391	-0.819282
0	0.996226	-0.0867985
-0	0.996226	0.0867985
-0	0.573391	0.819282
-0	0.423119	0.906074
-0	0.0870435	0.996205
0	-0.087167	0.996194
0	-0.258819	0.965926
0	-0.57406	0.818814
0	-0.996102	0.0882104
0	-0.996102	-0.0882104
0	-0.57406	-0.818814
0	-0.258819	-0.965926
0	-0.087167	-0.996194
0	0.0871225	-0.996198
0	0.258736	-0.965948
0	0.422916	-0.906169
0	0.573583	-0.819148
0	0.706547	-0.707666
0	0.819111	-0.573635
0	0.906821	-0.421516
0	0.965637	-0.259893
0	0.99629	-0.086059
-0	0.99629	0.086059
-0	0.965637	0.259893
-0	0.906821	0.421516
-0	0.819111	0.573635
-0	0.706547	0.707666
-0	0.573583	0.819148
-0	0.422916	0.906169
-0	0.258736	0.965948
-0	0.0871225	0.996198
0	-0.0872783	0.996184
0	-0.258736	0.965948
0	-0.422229	0.906489
0	-0.573583	0.819148
0	-0.707443	0.70677
0	-0.819111	0.573635
0	-0.906134	0.42299
0	-0.966086	0.258221
0	-0.996135	0.0878382
0	-0.996135	-0.0878382
0	-0.966086	-0.258221
0	-0.906134	-0.42299
0	-0.819111	-0.573635
0	-0.707443	-0.70677
0	-0.573583	-0.819148
0	-0.422229	-0.906489
0	-0.258736	-0.965948
0	-0.0872783	-0.996184

#	Mesh	0	End

