#	Mesh	0	Begin

#	Vertex	40
112268	67964.5	-50
112268	67964.5	5230
112068	67964.5	5230
112068	67964.5	-50
112068	60264.5	5230
112068	60264.5	-50
112068	64564.5	2100
112068	66364.5	2100
112068	66364.5	0
112068	64564.5	0
112068	61864.5	2100
112068	63664.5	2100
112068	63664.5	0
112068	61864.5	0
112068	66664.5	2100
112068	67864.5	2100
112068	67864.5	0
112068	66664.5	0
112068	60344.5	2100
112068	61544.5	2100
112068	61544.5	0
112068	60344.5	0
112268	60264.5	5230
112268	60264.5	-50
112268	66364.5	2100
112268	64564.5	2100
112268	64564.5	0
112268	66364.5	0
112268	63664.5	2100
112268	61864.5	2100
112268	61864.5	0
112268	63664.5	0
112268	67864.5	2100
112268	66664.5	2100
112268	66664.5	0
112268	67864.5	0
112268	61544.5	2100
112268	60344.5	2100
112268	60344.5	0
112268	61544.5	0

#	Triangle	6
0	2	1	3	2	0	25	9	6	26	9	25	29	13	10	30	13	29	33	17	14	34	17	33	37	21	18	38	21	37
4	21	5	21	3	5	21	20	3	20	13	3	13	12	3	12	9	3	9	8	3	8	17	3	17	16	3	16	2	3	4	18	21	19	13	20	19	10	13	11	9	12	11	6	9	7	17	8	7	14	17	15	2	16	4	19	18	4	10	19	4	11	10	4	6	11	4	7	6	4	14	7	4	15	14	4	2	15
5	22	4	23	22	5	27	7	8	24	7	27	31	11	12	28	11	31	35	15	16	32	15	35	39	19	20	36	19	39
1	35	0	35	23	0	35	34	23	34	27	23	27	26	23	26	31	23	31	30	23	30	39	23	39	38	23	38	22	23	1	32	35	33	27	34	33	24	27	25	31	26	25	28	31	29	39	30	29	36	39	37	22	38	1	33	32	1	24	33	1	25	24	1	28	25	1	29	28	1	36	29	1	37	36	1	22	37
0	5	3	23	5	0	24	6	7	25	6	24	28	10	11	29	10	28	32	14	15	33	14	32	36	18	19	37	18	36
2	22	1	4	22	2	26	8	9	27	8	26	30	12	13	31	12	30	34	16	17	35	16	34	38	20	21	39	20	38

#	Normal	6
-0	-1	-0
1	0	0
-0	1	0
-1	0	0
-0	0	1
-0	-0	-1

#	Mesh	0	End

