#	Mesh	0	Begin

#	Vertex	248
112068	59214.5	-50
112068	59214.5	5230
112068	59414.5	5230
112068	59414.5	-50
107768	59414.5	5230
107768	59414.5	-50
107908	59414.5	2100
109708	59414.5	2100
109708	59414.5	0
107908	59414.5	0
109708	59414.5	2100
111508	59414.5	2100
111508	59414.5	0
109708	59414.5	0
110155	59414.5	3850
109855	59414.5	3850
109855	59414.5	4050
110155	59414.5	4050
109668	59414.5	4185.97
109664	59414.5	4186.35
109660	59414.5	4187.48
109656	59414.5	4189.32
109652	59414.5	4191.82
109649	59414.5	4194.9
109647	59414.5	4198.47
109645	59414.5	4202.42
109644	59414.5	4206.63
109643	59414.5	4210.97
109644	59414.5	4215.31
109645	59414.5	4219.52
109647	59414.5	4223.47
109649	59414.5	4227.04
109652	59414.5	4230.12
109656	59414.5	4232.62
109660	59414.5	4234.46
109664	59414.5	4235.59
109668	59414.5	4235.97
109673	59414.5	4235.59
109677	59414.5	4234.46
109681	59414.5	4232.62
109684	59414.5	4230.12
109687	59414.5	4227.04
109690	59414.5	4223.47
109692	59414.5	4219.52
109693	59414.5	4215.31
109693	59414.5	4210.97
109693	59414.5	4206.63
109692	59414.5	4202.42
109690	59414.5	4198.47
109687	59414.5	4194.9
109684	59414.5	4191.82
109681	59414.5	4189.32
109677	59414.5	4187.48
109673	59414.5	4186.35
109419	59414.5	4164.46
109411	59414.5	4165.15
109404	59414.5	4167.18
109397	59414.5	4170.49
109390	59414.5	4174.99
109385	59414.5	4180.54
109380	59414.5	4186.96
109377	59414.5	4194.07
109375	59414.5	4201.65
109374	59414.5	4209.46
109375	59414.5	4217.28
109377	59414.5	4224.85
109380	59414.5	4231.96
109385	59414.5	4238.39
109390	59414.5	4243.93
109397	59414.5	4248.43
109404	59414.5	4251.75
109411	59414.5	4253.78
109419	59414.5	4254.46
109427	59414.5	4253.78
109435	59414.5	4251.75
109442	59414.5	4248.43
109448	59414.5	4243.93
109454	59414.5	4238.39
109458	59414.5	4231.96
109461	59414.5	4224.85
109463	59414.5	4217.28
109464	59414.5	4209.46
109463	59414.5	4201.65
109461	59414.5	4194.07
109458	59414.5	4186.96
109454	59414.5	4180.54
109448	59414.5	4174.99
109442	59414.5	4170.49
109435	59414.5	4167.18
109427	59414.5	4165.15
109169	59414.5	4162.02
109161	59414.5	4162.71
109154	59414.5	4164.74
109147	59414.5	4168.05
109140	59414.5	4172.55
109135	59414.5	4178.1
109130	59414.5	4184.52
109127	59414.5	4191.63
109125	59414.5	4199.21
109124	59414.5	4207.02
109125	59414.5	4214.84
109127	59414.5	4222.41
109130	59414.5	4229.52
109135	59414.5	4235.95
109140	59414.5	4241.49
109147	59414.5	4245.99
109154	59414.5	4249.31
109161	59414.5	4251.34
109169	59414.5	4252.02
109177	59414.5	4251.34
109185	59414.5	4249.31
109192	59414.5	4245.99
109198	59414.5	4241.49
109204	59414.5	4235.95
109208	59414.5	4229.52
109211	59414.5	4222.41
109213	59414.5	4214.84
109214	59414.5	4207.02
109213	59414.5	4199.21
109211	59414.5	4191.63
109208	59414.5	4184.52
109204	59414.5	4178.1
109198	59414.5	4172.55
109192	59414.5	4168.05
109185	59414.5	4164.74
109177	59414.5	4162.71
107768	59214.5	5230
107768	59214.5	-50
109708	59214.5	2100
107908	59214.5	2100
107908	59214.5	0
109708	59214.5	0
111508	59214.5	2100
109708	59214.5	2100
109708	59214.5	0
111508	59214.5	0
109855	59214.5	3850
110155	59214.5	3850
110155	59214.5	4050
109855	59214.5	4050
109664	59214.5	4186.35
109668	59214.5	4185.97
109673	59214.5	4186.35
109677	59214.5	4187.48
109681	59214.5	4189.32
109684	59214.5	4191.82
109687	59214.5	4194.9
109690	59214.5	4198.47
109692	59214.5	4202.42
109693	59214.5	4206.63
109693	59214.5	4210.97
109693	59214.5	4215.31
109692	59214.5	4219.52
109690	59214.5	4223.47
109687	59214.5	4227.04
109684	59214.5	4230.12
109681	59214.5	4232.62
109677	59214.5	4234.46
109673	59214.5	4235.59
109668	59214.5	4235.97
109664	59214.5	4235.59
109660	59214.5	4234.46
109656	59214.5	4232.62
109652	59214.5	4230.12
109649	59214.5	4227.04
109647	59214.5	4223.47
109645	59214.5	4219.52
109644	59214.5	4215.31
109643	59214.5	4210.97
109644	59214.5	4206.63
109645	59214.5	4202.42
109647	59214.5	4198.47
109649	59214.5	4194.9
109652	59214.5	4191.82
109656	59214.5	4189.32
109660	59214.5	4187.48
109411	59214.5	4165.15
109419	59214.5	4164.46
109427	59214.5	4165.15
109435	59214.5	4167.18
109442	59214.5	4170.49
109448	59214.5	4174.99
109454	59214.5	4180.54
109458	59214.5	4186.96
109461	59214.5	4194.07
109463	59214.5	4201.65
109464	59214.5	4209.46
109463	59214.5	4217.28
109461	59214.5	4224.85
109458	59214.5	4231.96
109454	59214.5	4238.39
109448	59214.5	4243.93
109442	59214.5	4248.43
109435	59214.5	4251.75
109427	59214.5	4253.78
109419	59214.5	4254.46
109411	59214.5	4253.78
109404	59214.5	4251.75
109397	59214.5	4248.43
109390	59214.5	4243.93
109385	59214.5	4238.39
109380	59214.5	4231.96
109377	59214.5	4224.85
109375	59214.5	4217.28
109374	59214.5	4209.46
109375	59214.5	4201.65
109377	59214.5	4194.07
109380	59214.5	4186.96
109385	59214.5	4180.54
109390	59214.5	4174.99
109397	59214.5	4170.49
109404	59214.5	4167.18
109161	59214.5	4162.71
109169	59214.5	4162.02
109177	59214.5	4162.71
109185	59214.5	4164.74
109192	59214.5	4168.05
109198	59214.5	4172.55
109204	59214.5	4178.1
109208	59214.5	4184.52
109211	59214.5	4191.63
109213	59214.5	4199.21
109214	59214.5	4207.02
109213	59214.5	4214.84
109211	59214.5	4222.41
109208	59214.5	4229.52
109204	59214.5	4235.95
109198	59214.5	4241.49
109192	59214.5	4245.99
109185	59214.5	4249.31
109177	59214.5	4251.34
109169	59214.5	4252.02
109161	59214.5	4251.34
109154	59214.5	4249.31
109147	59214.5	4245.99
109140	59214.5	4241.49
109135	59214.5	4235.95
109130	59214.5	4229.52
109127	59214.5	4222.41
109125	59214.5	4214.84
109124	59214.5	4207.02
109125	59214.5	4199.21
109127	59214.5	4191.63
109130	59214.5	4184.52
109135	59214.5	4178.1
109140	59214.5	4172.55
109147	59214.5	4168.05
109154	59214.5	4164.74

#	Triangle	90
0	2	1	3	2	0	129	9	6	130	9	129	133	13	10	134	13	133	136	16	139	15	16	136
4	9	5	9	3	5	9	8	3	8	13	3	13	12	3	12	2	3	4	6	9	7	13	8	7	10	13	11	2	12	4	7	6	4	10	7	4	11	10	4	94	11	94	93	11	93	92	11	92	91	11	91	90	11	90	15	11	15	14	11	14	2	11	90	16	15	17	2	14	90	17	16	90	125	17	125	54	17	54	89	17	89	88	17	88	18	17	18	53	17	53	52	17	52	2	17	124	54	125	124	55	54	123	55	124	123	56	55	123	57	56	87	18	88	122	57	123	122	58	57	86	18	87	4	95	94	121	58	122	121	59	58	85	18	86	4	96	95	120	59	121	120	60	59	84	18	85	4	97	96	119	60	120	84	19	18	84	20	19	119	61	60	83	20	84	83	21	20	51	2	52	83	22	21	50	2	51	4	98	97	118	61	119	83	23	22	49	2	50	118	62	61	82	23	83	82	24	23	48	2	49	82	25	24	47	2	48	4	99	98	117	62	118	117	63	62	81	25	82	81	26	25	46	2	47	81	27	26	45	2	46	4	100	99	116	63	117	116	64	63	80	27	81	80	28	27	44	2	45	4	101	100	115	64	116	80	29	28	43	2	44	115	65	64	79	29	80	79	30	29	42	2	43	4	102	101	114	65	115	79	31	30	41	2	42	114	66	65	78	31	79	78	32	31	40	2	41	4	103	102	113	66	114	78	33	32	39	2	40	113	67	66	77	33	78	77	34	33	38	2	39	77	35	34	37	2	38	77	36	35	36	2	37	4	104	103	112	67	113	77	2	36	112	68	67	76	2	77	4	105	104	111	68	112	111	69	68	75	2	76	4	106	105	110	69	111	110	70	69	74	2	75	4	107	106	109	70	110	4	108	107	108	70	109	108	71	70	73	2	74	4	71	108	4	72	71	72	2	73	4	2	72
5	126	4	127	126	5	131	7	8	128	7	131	135	11	12	132	11	135	138	14	137	17	14	138
1	135	0	135	127	0	135	134	127	134	131	127	131	130	127	130	126	127	1	132	135	133	131	134	133	128	131	129	126	130	1	133	132	1	128	133	1	129	128	1	137	129	137	136	129	136	213	129	213	212	129	212	247	129	247	246	129	246	245	129	245	126	129	1	138	137	139	213	136	1	139	138	1	143	139	143	142	139	142	141	139	141	179	139	179	178	139	178	177	139	177	214	139	214	213	139	177	215	214	176	215	177	176	216	215	211	216	176	141	180	179	210	216	211	210	217	216	141	181	180	209	217	210	209	218	217	244	126	245	141	182	181	208	218	209	208	219	218	243	126	244	141	183	182	207	219	208	207	220	219	242	126	243	140	183	141	175	183	140	175	184	183	206	220	207	1	144	143	174	184	175	1	145	144	173	184	174	206	221	220	241	126	242	1	146	145	172	184	173	172	185	184	205	221	206	1	147	146	171	185	172	1	148	147	170	185	171	205	222	221	240	126	241	170	186	185	204	222	205	1	149	148	169	186	170	1	150	149	168	186	169	204	223	222	239	126	240	168	187	186	203	223	204	1	151	150	167	187	168	203	224	223	238	126	239	1	152	151	166	187	167	166	188	187	202	224	203	1	153	152	165	188	166	202	225	224	237	126	238	1	154	153	164	188	165	164	189	188	201	225	202	1	155	154	163	189	164	201	226	225	236	126	237	1	156	155	162	189	163	162	190	189	200	226	201	1	157	156	161	190	162	1	158	157	160	190	161	1	159	158	159	190	160	200	227	226	235	126	236	1	190	159	1	191	190	199	227	200	199	228	227	234	126	235	1	192	191	198	228	199	198	229	228	233	126	234	1	193	192	197	229	198	197	230	229	232	126	233	197	231	230	231	126	232	1	194	193	196	231	197	196	126	231	1	195	194	195	126	196	1	126	195
0	5	3	127	5	0	128	6	7	129	6	128	132	10	11	133	10	132	139	17	138	16	17	139
2	126	1	4	126	2	130	8	9	131	8	130	134	12	13	135	12	134	137	15	136	14	15	137
141	19	140	18	19	141
140	20	175	19	20	140
175	21	174	20	21	175
174	22	173	21	22	174
173	23	172	22	23	173
172	24	171	23	24	172
171	25	170	24	25	171
170	26	169	25	26	170
169	27	168	26	27	169
168	28	167	27	28	168
167	29	166	28	29	167
166	30	165	29	30	166
165	31	164	30	31	165
164	32	163	31	32	164
163	33	162	32	33	163
162	34	161	33	34	162
161	35	160	34	35	161
160	36	159	35	36	160
159	37	158	36	37	159
158	38	157	37	38	158
157	39	156	38	39	157
156	40	155	39	40	156
155	41	154	40	41	155
154	42	153	41	42	154
153	43	152	42	43	153
152	44	151	43	44	152
151	45	150	44	45	151
150	46	149	45	46	150
149	47	148	46	47	149
148	48	147	47	48	148
147	49	146	48	49	147
146	50	145	49	50	146
145	51	144	50	51	145
144	52	143	51	52	144
143	53	142	52	53	143
142	18	141	53	18	142
177	55	176	54	55	177
176	56	211	55	56	176
211	57	210	56	57	211
210	58	209	57	58	210
209	59	208	58	59	209	245	95	244	94	95	245
208	60	207	59	60	208	244	96	243	95	96	244
207	61	206	60	61	207	243	97	242	96	97	243
206	62	205	61	62	206	242	98	241	97	98	242
205	63	204	62	63	205	241	99	240	98	99	241
204	64	203	63	64	204	240	100	239	99	100	240
203	65	202	64	65	203	239	101	238	100	101	239
202	66	201	65	66	202	238	102	237	101	102	238
201	67	200	66	67	201	237	103	236	102	103	237
200	68	199	67	68	200	236	104	235	103	104	236
199	69	198	68	69	199	235	105	234	104	105	235
198	70	197	69	70	198
197	71	196	70	71	197
196	72	195	71	72	196	232	108	231	107	108	232
195	73	194	72	73	195	231	109	230	108	109	231
194	74	193	73	74	194
193	75	192	74	75	193
192	76	191	75	76	192	228	112	227	111	112	228
191	77	190	76	77	191	227	113	226	112	113	227
190	78	189	77	78	190	226	114	225	113	114	226
189	79	188	78	79	189	225	115	224	114	115	225
188	80	187	79	80	188	224	116	223	115	116	224
187	81	186	80	81	187	223	117	222	116	117	223
186	82	185	81	82	186	222	118	221	117	118	222
185	83	184	82	83	185	221	119	220	118	119	221
184	84	183	83	84	184	220	120	219	119	120	220
183	85	182	84	85	183	219	121	218	120	121	219
182	86	181	85	86	182	218	122	217	121	122	218
181	87	180	86	87	181
180	88	179	87	88	180
179	89	178	88	89	179
178	54	177	89	54	178
213	91	212	90	91	213
212	92	247	91	92	212
247	93	246	92	93	247
246	94	245	93	94	246
234	106	233	105	106	234
233	107	232	106	107	233
230	110	229	109	110	230
229	111	228	110	111	229
217	123	216	122	123	217
216	124	215	123	124	216
215	125	214	124	125	215
214	90	213	125	90	214

#	Normal	90
-1	0	0
0	-1	0
1	0	0
0	1	-0
0	0	1
0	0	-1
-0.0871225	0	-0.996198
-0.259185	0	-0.965828
-0.422321	0	-0.906446
-0.573507	0	-0.8192
-0.707499	0	-0.706714
-0.819074	0	-0.573688
-0.906134	0	-0.42299
-0.966093	0	-0.258193
-0.996134	0	-0.087848
-0.996135	0	0.0878382
-0.966093	0	0.258193
-0.906114	0	0.423033
-0.819111	0	0.573635
-0.707499	0	0.706714
-0.573507	0	0.8192
-0.422321	0	0.906446
-0.259185	0	0.965828
-0.0870114	0	0.996207
0.0870114	-0	0.996207
0.258736	-0	0.965948
0.423008	-0	0.906126
0.573507	-0	0.8192
0.707499	-0	0.706714
0.819111	-0	0.573635
0.906114	-0	0.423033
0.965645	-0	0.259865
0.99629	-0	0.086059
0.996289	0	-0.0860686
0.965645	0	-0.259865
0.906134	0	-0.42299
0.819074	0	-0.573688
0.707499	0	-0.706714
0.573507	0	-0.8192
0.423008	0	-0.906126
0.258736	0	-0.965948
0.0871225	0	-0.996198
-0.0872287	0	-0.996188
-0.258728	0	-0.96595
-0.422647	0	-0.906294
-0.57378	0	-0.81901
-0.707076	0	-0.707138
-0.819094	0	-0.573659
-0.906437	0	-0.42234
-0.965891	0	-0.258949
-0.996152	0	-0.0876449
-0.996152	0	0.0876395
-0.965891	0	0.258949
-0.906426	0	0.422364
-0.819115	0	0.573629
-0.707076	0	0.707138
-0.57378	0	0.81901
-0.422647	0	0.906294
-0.258728	0	0.96595
-0.087167	0	0.996194
0.0870805	-0	0.996201
0.258728	-0	0.96595
0.423029	-0	0.906116
0.573312	-0	0.819337
0.707076	-0	0.707138
0.819115	-0	0.573629
0.906426	-0	0.422364
0.965891	-0	0.258949
0.996239	-0	0.0866511
0.996238	0	-0.0866565
0.965891	0	-0.258949
0.906437	0	-0.42234
0.819094	0	-0.573659
0.707076	0	-0.707138
0.573312	0	-0.819337
0.423029	0	-0.906116
0.258728	0	-0.96595
0.0871423	0	-0.996196
-0.087167	0	-0.996194
-0.258786	0	-0.965935
-0.422596	0	-0.906318
-0.573822	0	-0.81898
-0.422596	0	0.906318
-0.258786	0	0.965935
0.258786	-0	0.965935
0.422978	-0	0.90614
0.573354	0	-0.819308
0.422978	0	-0.90614
0.258786	0	-0.965935
0.0870805	0	-0.996201

#	Mesh	0	End

