#	Mesh	0	Begin

#	Vertex	224
112068	56014.5	300
112068	56014.5	5230
112268	56014.5	5230
112268	56014.5	300
112268	59564.5	5230
112268	59564.5	300
112268	57154.8	4177.83
112268	57159.1	4178.21
112268	57163.4	4179.33
112268	57167.3	4181.18
112268	57170.9	4183.68
112268	57174	4186.76
112268	57176.5	4190.33
112268	57178.3	4194.28
112268	57179.4	4198.48
112268	57179.8	4202.83
112268	57179.4	4207.17
112268	57178.3	4211.38
112268	57176.5	4215.33
112268	57174	4218.9
112268	57170.9	4221.98
112268	57167.3	4224.48
112268	57163.4	4226.32
112268	57159.1	4227.45
112268	57154.8	4227.83
112268	57150.5	4227.45
112268	57146.3	4226.32
112268	57142.3	4224.48
112268	57138.7	4221.98
112268	57135.7	4218.9
112268	57133.2	4215.33
112268	57131.3	4211.38
112268	57130.2	4207.17
112268	57129.8	4202.83
112268	57130.2	4198.48
112268	57131.3	4194.28
112268	57133.2	4190.33
112268	57135.7	4186.76
112268	57138.7	4183.68
112268	57142.3	4181.18
112268	57146.3	4179.33
112268	57150.5	4178.21
112268	56933	4168.5
112268	56938.4	4168.98
112268	56943.7	4170.4
112268	56948.7	4172.72
112268	56953.2	4175.87
112268	56957.1	4179.75
112268	56960.2	4184.25
112268	56962.6	4189.23
112268	56964	4194.53
112268	56964.5	4200
112268	56964	4205.47
112268	56962.6	4210.77
112268	56960.2	4215.75
112268	56957.1	4220.25
112268	56953.2	4224.13
112268	56948.7	4227.28
112268	56943.7	4229.6
112268	56938.4	4231.02
112268	56933	4231.5
112268	56927.5	4231.02
112268	56922.2	4229.6
112268	56917.2	4227.28
112268	56912.7	4224.13
112268	56908.8	4220.25
112268	56905.7	4215.75
112268	56903.4	4210.77
112268	56901.9	4205.47
112268	56901.5	4200
112268	56901.9	4194.53
112268	56903.4	4189.23
112268	56905.7	4184.25
112268	56908.8	4179.75
112268	56912.7	4175.87
112268	56917.2	4172.72
112268	56922.2	4170.4
112268	56927.5	4168.98
112268	57053.3	4168.5
112268	57058.8	4168.98
112268	57064.1	4170.4
112268	57069.1	4172.72
112268	57073.6	4175.87
112268	57077.5	4179.75
112268	57080.6	4184.25
112268	57082.9	4189.23
112268	57084.4	4194.53
112268	57084.8	4200
112268	57084.4	4205.47
112268	57082.9	4210.77
112268	57080.6	4215.75
112268	57077.5	4220.25
112268	57073.6	4224.13
112268	57069.1	4227.28
112268	57064.1	4229.6
112268	57058.8	4231.02
112268	57053.3	4231.5
112268	57047.9	4231.02
112268	57042.6	4229.6
112268	57037.6	4227.28
112268	57033.1	4224.13
112268	57029.2	4220.25
112268	57026.1	4215.75
112268	57023.7	4210.77
112268	57022.3	4205.47
112268	57021.8	4200
112268	57022.3	4194.53
112268	57023.7	4189.23
112268	57026.1	4184.25
112268	57029.2	4179.75
112268	57033.1	4175.87
112268	57037.6	4172.72
112268	57042.6	4170.4
112268	57047.9	4168.98
112068	59564.5	5230
112068	59564.5	300
112068	57159.1	4178.21
112068	57154.8	4177.83
112068	57150.5	4178.21
112068	57146.3	4179.33
112068	57142.3	4181.18
112068	57138.7	4183.68
112068	57135.7	4186.76
112068	57133.2	4190.33
112068	57131.3	4194.28
112068	57130.2	4198.48
112068	57129.8	4202.83
112068	57130.2	4207.17
112068	57131.3	4211.38
112068	57133.2	4215.33
112068	57135.7	4218.9
112068	57138.7	4221.98
112068	57142.3	4224.48
112068	57146.3	4226.32
112068	57150.5	4227.45
112068	57154.8	4227.83
112068	57159.1	4227.45
112068	57163.4	4226.32
112068	57167.3	4224.48
112068	57170.9	4221.98
112068	57174	4218.9
112068	57176.5	4215.33
112068	57178.3	4211.38
112068	57179.4	4207.17
112068	57179.8	4202.83
112068	57179.4	4198.48
112068	57178.3	4194.28
112068	57176.5	4190.33
112068	57174	4186.76
112068	57170.9	4183.68
112068	57167.3	4181.18
112068	57163.4	4179.33
112068	56938.4	4168.98
112068	56933	4168.5
112068	56927.5	4168.98
112068	56922.2	4170.4
112068	56917.2	4172.72
112068	56912.7	4175.87
112068	56908.8	4179.75
112068	56905.7	4184.25
112068	56903.4	4189.23
112068	56901.9	4194.53
112068	56901.5	4200
112068	56901.9	4205.47
112068	56903.4	4210.77
112068	56905.7	4215.75
112068	56908.8	4220.25
112068	56912.7	4224.13
112068	56917.2	4227.28
112068	56922.2	4229.6
112068	56927.5	4231.02
112068	56933	4231.5
112068	56938.4	4231.02
112068	56943.7	4229.6
112068	56948.7	4227.28
112068	56953.2	4224.13
112068	56957.1	4220.25
112068	56960.2	4215.75
112068	56962.6	4210.77
112068	56964	4205.47
112068	56964.5	4200
112068	56964	4194.53
112068	56962.6	4189.23
112068	56960.2	4184.25
112068	56957.1	4179.75
112068	56953.2	4175.87
112068	56948.7	4172.72
112068	56943.7	4170.4
112068	57058.8	4168.98
112068	57053.3	4168.5
112068	57047.9	4168.98
112068	57042.6	4170.4
112068	57037.6	4172.72
112068	57033.1	4175.87
112068	57029.2	4179.75
112068	57026.1	4184.25
112068	57023.7	4189.23
112068	57022.3	4194.53
112068	57021.8	4200
112068	57022.3	4205.47
112068	57023.7	4210.77
112068	57026.1	4215.75
112068	57029.2	4220.25
112068	57033.1	4224.13
112068	57037.6	4227.28
112068	57042.6	4229.6
112068	57047.9	4231.02
112068	57053.3	4231.5
112068	57058.8	4231.02
112068	57064.1	4229.6
112068	57069.1	4227.28
112068	57073.6	4224.13
112068	57077.5	4220.25
112068	57080.6	4215.75
112068	57082.9	4210.77
112068	57084.4	4205.47
112068	57084.8	4200
112068	57084.4	4194.53
112068	57082.9	4189.23
112068	57080.6	4184.25
112068	57077.5	4179.75
112068	57073.6	4175.87
112068	57069.1	4172.72
112068	57064.1	4170.4

#	Triangle	90
0	2	1	3	2	0
4	3	5	4	8	3	8	7	3	7	6	3	6	80	3	80	79	3	79	78	3	78	42	3	42	77	3	77	76	3	76	75	3	75	74	3	74	73	3	73	2	3	113	42	78	113	43	42	112	43	113	112	44	43	6	81	80	111	44	112	111	45	44	6	82	81	110	45	111	110	46	45	6	83	82	109	46	110	109	47	46	41	83	6	40	83	41	4	9	8	39	83	40	39	84	83	108	47	109	108	48	47	72	2	73	4	10	9	38	84	39	4	11	10	37	84	38	37	85	84	107	48	108	107	49	48	71	2	72	4	12	11	36	85	37	36	86	85	106	49	107	106	50	49	70	2	71	4	13	12	35	86	36	4	14	13	34	86	35	34	87	86	105	50	106	105	51	50	69	2	70	4	15	14	33	87	34	33	88	87	104	51	105	104	52	51	68	2	69	4	16	15	32	88	33	32	89	88	103	52	104	103	53	52	67	2	68	4	17	16	31	89	32	31	90	89	102	53	103	102	54	53	66	2	67	4	18	17	30	90	31	4	19	18	29	90	30	29	91	90	101	54	102	101	55	54	65	2	66	4	20	19	28	91	29	28	92	91	100	55	101	100	56	55	64	2	65	4	21	20	27	92	28	27	93	92	99	56	100	99	57	56	63	2	64	4	22	21	26	93	27	4	23	22	25	93	26	25	94	93	98	57	99	98	58	57	62	2	63	4	24	23	24	94	25	4	94	24	4	95	94	97	58	98	97	59	58	61	2	62	4	96	95	96	59	97	96	60	59	60	2	61	4	60	96	4	2	60
5	114	4	115	114	5
1	115	0	1	158	115	158	157	115	157	156	115	156	155	115	155	154	115	154	153	115	153	189	115	189	188	115	188	223	115	223	117	115	117	116	115	116	151	115	151	114	115	152	189	153	152	190	189	187	190	152	187	191	190	186	191	187	186	192	191	222	117	223	185	192	186	185	193	192	221	117	222	184	193	185	184	194	193	220	117	221	220	118	117	220	119	118	220	120	119	150	114	151	1	159	158	183	194	184	183	195	194	219	120	220	219	121	120	149	114	150	219	122	121	148	114	149	1	160	159	182	195	183	182	196	195	218	122	219	218	123	122	147	114	148	1	161	160	181	196	182	181	197	196	217	123	218	217	124	123	146	114	147	217	125	124	145	114	146	1	162	161	180	197	181	180	198	197	216	125	217	216	126	125	144	114	145	1	163	162	179	198	180	179	199	198	215	126	216	215	127	126	143	114	144	1	164	163	178	199	179	178	200	199	214	127	215	214	128	127	142	114	143	1	165	164	177	200	178	177	201	200	213	128	214	213	129	128	141	114	142	213	130	129	140	114	141	1	166	165	176	201	177	176	202	201	212	130	213	212	131	130	139	114	140	1	167	166	175	202	176	175	203	202	211	131	212	211	132	131	138	114	139	1	168	167	174	203	175	174	204	203	210	132	211	210	133	132	137	114	138	210	134	133	136	114	137	1	169	168	173	204	174	173	205	204	209	134	210	209	135	134	135	114	136	209	114	135	1	170	169	172	205	173	172	206	205	208	114	209	1	171	170	171	206	172	171	207	206	207	114	208	1	207	171	1	114	207
0	5	3	115	5	0
2	114	1	4	114	2
117	7	116	6	7	117
116	8	151	7	8	116
151	9	150	8	9	151
150	10	149	9	10	150
149	11	148	10	11	149
148	12	147	11	12	148
147	13	146	12	13	147
146	14	145	13	14	146
145	15	144	14	15	145
144	16	143	15	16	144
143	17	142	16	17	143
142	18	141	17	18	142
141	19	140	18	19	141
140	20	139	19	20	140
139	21	138	20	21	139
138	22	137	21	22	138
137	23	136	22	23	137
136	24	135	23	24	136
135	25	134	24	25	135
134	26	133	25	26	134
133	27	132	26	27	133
132	28	131	27	28	132
131	29	130	28	29	131
130	30	129	29	30	130
129	31	128	30	31	129
128	32	127	31	32	128
127	33	126	32	33	127
126	34	125	33	34	126
125	35	124	34	35	125
124	36	123	35	36	124
123	37	122	36	37	123
122	38	121	37	38	122
121	39	120	38	39	121
120	40	119	39	40	120
119	41	118	40	41	119
118	6	117	41	6	118
153	43	152	42	43	153	189	79	188	78	79	189
152	44	187	43	44	152	188	80	223	79	80	188
187	45	186	44	45	187	223	81	222	80	81	223
186	46	185	45	46	186
185	47	184	46	47	185	221	83	220	82	83	221
184	48	183	47	48	184	220	84	219	83	84	220
183	49	182	48	49	183	219	85	218	84	85	219
182	50	181	49	50	182	218	86	217	85	86	218
181	51	180	50	51	181
180	52	179	51	52	180
179	53	178	52	53	179	215	89	214	88	89	215
178	54	177	53	54	178	214	90	213	89	90	214
177	55	176	54	55	177	213	91	212	90	91	213
176	56	175	55	56	176	212	92	211	91	92	212
175	57	174	56	57	175
174	58	173	57	58	174	210	94	209	93	94	210
173	59	172	58	59	173	209	95	208	94	95	209
172	60	171	59	60	172	208	96	207	95	96	208
171	61	170	60	61	171
170	62	169	61	62	170
169	63	168	62	63	169	205	99	204	98	99	205
168	64	167	63	64	168
167	65	166	64	65	167	203	101	202	100	101	203
166	66	165	65	66	166	202	102	201	101	102	202
165	67	164	66	67	165	201	103	200	102	103	201
164	68	163	67	68	164	200	104	199	103	104	200
163	69	162	68	69	163
162	70	161	69	70	162
161	71	160	70	71	161	197	107	196	106	107	197
160	72	159	71	72	160	196	108	195	107	108	196
159	73	158	72	73	159	195	109	194	108	109	195
158	74	157	73	74	158	194	110	193	109	110	194
157	75	156	74	75	157
156	76	155	75	76	156	192	112	191	111	112	192
155	77	154	76	77	155
154	42	153	77	42	154
222	82	221	81	82	222
217	87	216	86	87	217
216	88	215	87	88	216
211	93	210	92	93	211
207	97	206	96	97	207
206	98	205	97	98	206
204	100	203	99	100	204
199	105	198	104	105	199
198	106	197	105	106	198
193	111	192	110	111	193
191	113	190	112	113	191
190	78	189	113	78	190

#	Normal	90
-0	1	0
-1	0	0
-0	-1	-0
1	0	0
0	-0	1
0	0	-1
0	0.0872003	-0.996191
0	0.258736	-0.965948
0	0.422665	-0.906286
0	0.573507	-0.8192
0	0.706995	-0.707219
0	0.819111	-0.573635
0	0.906478	-0.422253
0	0.965862	-0.259057
0	0.996213	-0.0869487
-0	0.996213	0.0869487
-0	0.96587	0.259029
-0	0.906458	0.422296
-0	0.819111	0.573635
-0	0.707051	0.707163
-0	0.573507	0.8192
-0	0.422573	0.906329
-0	0.258736	0.965948
-0	0.0872003	0.996191
0	-0.0872003	0.996191
0	-0.258736	0.965948
0	-0.422573	0.906329
0	-0.573507	0.8192
0	-0.707051	0.707163
0	-0.819532	0.573033
0	-0.906114	0.423033
0	-0.96587	0.259029
0	-0.996213	0.0869487
0	-0.996213	-0.0869487
0	-0.965862	-0.259057
0	-0.906134	-0.42299
0	-0.819532	-0.573033
0	-0.706995	-0.707219
0	-0.573507	-0.8192
0	-0.422665	-0.906286
0	-0.258736	-0.965948
0	-0.0872003	-0.996191
0	0.087167	-0.996194
0	0.258819	-0.965926
0	0.422574	-0.906328
0	0.573391	-0.819282
0	0.707062	-0.707151
0	0.819249	-0.573438
0	0.906328	-0.422574
0	0.965892	-0.258946
0	0.996226	-0.0867985
-0	0.996226	0.0867985
-0	0.965892	0.258946
-0	0.906328	0.422574
-0	0.819249	0.573438
-0	0.707062	0.707151
-0	0.573391	0.819282
-0	0.422574	0.906328
-0	0.258819	0.965926
-0	0.087167	0.996194
0	-0.087167	0.996194
0	-0.258819	0.965926
0	-0.422574	0.906328
0	-0.573725	0.819048
0	-0.707062	0.707151
0	-0.819249	0.573438
0	-0.906328	0.422574
0	-0.965892	0.258946
0	-0.996164	0.0875045
0	-0.996164	-0.0875045
0	-0.965892	-0.258946
0	-0.906328	-0.422574
0	-0.819249	-0.573438
0	-0.707062	-0.707151
0	-0.573725	-0.819048
0	-0.422574	-0.906328
0	-0.258819	-0.965926
0	-0.087167	-0.996194
0	0.573725	-0.819048
0	0.996164	-0.0875045
-0	0.996164	0.0875045
-0	0.573725	0.819048
0	-0.0871052	0.996199
0	-0.258997	0.965878
0	-0.573391	0.819282
0	-0.996226	0.0867985
0	-0.996226	-0.0867985
0	-0.573391	-0.819282
0	-0.258997	-0.965878
0	-0.0871052	-0.996199

#	Mesh	0	End

