#	Mesh	0	Begin

#	Vertex	208
97004.9	44042.6	-50
97004.9	44042.6	5230
97110.9	43936.5	5230
97110.9	43936.5	-50
100748	47573.1	5230
100748	47573.1	-50
97738	44563.5	3890.17
97748.4	44574	3891.46
97758.6	44584.1	3895.3
97768	44593.6	3901.56
97776.6	44602.2	3910.06
97784	44609.6	3920.53
97790	44615.6	3932.67
97794.5	44620	3946.1
97797.2	44622.7	3960.41
97798.1	44623.6	3975.17
97797.9	44623.4	3978.88
97802.3	44627.8	3974.55
97811.7	44637.3	3968.28
97821.9	44647.4	3964.45
97832.3	44657.8	3963.16
97842.7	44668.3	3964.45
97852.9	44678.4	3968.28
97862.4	44687.9	3974.55
97870.9	44696.5	3983.04
97878.3	44703.9	3993.52
97884.4	44709.9	4005.66
97888.8	44714.3	4019.09
97891.5	44717	4033.4
97892.4	44717.9	4048.16
97891.5	44717	4062.92
97888.8	44714.3	4077.23
97884.4	44709.9	4090.66
97878.3	44703.9	4102.8
97870.9	44696.5	4113.27
97862.4	44687.9	4121.77
97852.9	44678.4	4128.03
97842.7	44668.3	4131.87
97832.3	44657.8	4133.16
97821.9	44647.4	4131.87
97811.7	44637.3	4128.03
97802.3	44627.8	4121.77
97793.7	44619.2	4113.27
97786.3	44611.8	4102.8
97780.3	44605.8	4090.66
97775.8	44601.4	4077.23
97773.1	44598.7	4062.92
97772.2	44597.7	4048.16
97772.4	44598	4044.45
97768	44593.6	4048.78
97758.6	44584.1	4055.04
97748.4	44574	4058.88
97738	44563.5	4060.17
97727.6	44553.1	4058.88
97717.4	44543	4055.04
97707.9	44533.5	4048.78
97699.4	44524.9	4040.28
97692	44517.5	4029.81
97685.9	44511.5	4017.67
97681.5	44507.1	4004.24
97678.8	44504.4	3989.93
97677.9	44503.4	3975.17
97678.8	44504.4	3960.41
97681.5	44507.1	3946.1
97685.9	44511.5	3932.67
97692	44517.5	3920.53
97699.4	44524.9	3910.06
97707.9	44533.5	3901.56
97717.4	44543	3895.3
97727.6	44553.1	3891.46
97978.3	44803.8	4049.39
97982.2	44807.7	4049.87
97985.9	44811.5	4051.29
97989.4	44815	4053.61
97992.6	44818.2	4056.76
97995.4	44820.9	4060.65
97997.6	44823.1	4065.14
97999.2	44824.8	4070.12
98000.2	44825.8	4075.42
98000.6	44826.1	4080.89
98000.2	44825.8	4086.36
97999.2	44824.8	4091.67
97997.6	44823.1	4096.64
97995.4	44820.9	4101.14
97992.6	44818.2	4105.02
97989.4	44815	4108.17
97985.9	44811.5	4110.49
97982.2	44807.7	4111.92
97978.3	44803.8	4112.39
97974.4	44800	4111.92
97970.7	44796.2	4110.49
97967.2	44792.7	4108.17
97964	44789.5	4105.02
97961.2	44786.8	4101.14
97959	44784.6	4096.64
97957.4	44782.9	4091.67
97956.4	44781.9	4086.36
97956	44781.6	4080.89
97956.4	44781.9	4075.42
97957.4	44782.9	4070.12
97959	44784.6	4065.14
97961.2	44786.8	4060.65
97964	44789.5	4056.76
97967.2	44792.7	4053.61
97970.7	44796.2	4051.29
97974.4	44800	4049.87
100642	47679.2	5230
100642	47679.2	-50
97642.4	44680	3891.46
97631.9	44669.6	3890.17
97621.5	44659.2	3891.46
97611.4	44649.1	3895.3
97601.9	44639.6	3901.56
97593.3	44631	3910.06
97585.9	44623.6	3920.53
97579.9	44617.6	3932.67
97575.4	44613.1	3946.1
97572.7	44610.4	3960.41
97571.8	44609.5	3975.17
97572.7	44610.4	3989.93
97575.4	44613.1	4004.24
97579.9	44617.6	4017.67
97585.9	44623.6	4029.81
97593.3	44631	4040.28
97601.9	44639.6	4048.78
97611.4	44649.1	4055.04
97621.5	44659.2	4058.88
97631.9	44669.6	4060.17
97642.4	44680	4058.88
97652.5	44690.2	4055.04
97662	44699.7	4048.78
97666.4	44704	4044.45
97666.1	44703.8	4048.16
97667	44704.7	4062.92
97669.8	44707.4	4077.23
97674.2	44711.9	4090.66
97680.2	44717.9	4102.8
97687.6	44725.3	4113.27
97696.2	44733.9	4121.77
97705.7	44743.4	4128.03
97715.8	44753.5	4131.87
97726.2	44763.9	4133.16
97736.7	44774.3	4131.87
97746.8	44784.5	4128.03
97756.3	44794	4121.77
97764.9	44802.5	4113.27
97772.3	44810	4102.8
97778.3	44816	4090.66
97782.7	44820.4	4077.23
97785.4	44823.1	4062.92
97786.3	44824	4048.16
97785.4	44823.1	4033.4
97782.7	44820.4	4019.09
97778.3	44816	4005.66
97772.3	44810	3993.52
97764.9	44802.5	3983.04
97756.3	44794	3974.55
97746.8	44784.5	3968.28
97736.7	44774.3	3964.45
97726.2	44763.9	3963.16
97715.8	44753.5	3964.45
97705.7	44743.4	3968.28
97696.2	44733.9	3974.55
97691.8	44729.5	3978.88
97692	44729.7	3975.17
97691.1	44728.8	3960.41
97688.4	44726.1	3946.1
97684	44721.7	3932.67
97678	44715.7	3920.53
97670.6	44708.2	3910.06
97662	44699.7	3901.56
97652.5	44690.2	3895.3
97876.1	44913.8	4049.87
97872.2	44909.9	4049.39
97868.4	44906	4049.87
97864.6	44902.3	4051.29
97861.1	44898.8	4053.61
97857.9	44895.6	4056.76
97855.2	44892.8	4060.65
97852.9	44890.6	4065.14
97851.3	44889	4070.12
97850.3	44888	4075.42
97850	44887.6	4080.89
97850.3	44888	4086.36
97851.3	44889	4091.67
97852.9	44890.6	4096.64
97855.2	44892.8	4101.14
97857.9	44895.6	4105.02
97861.1	44898.8	4108.17
97864.6	44902.3	4110.49
97868.4	44906	4111.92
97872.2	44909.9	4112.39
97876.1	44913.8	4111.92
97879.9	44917.5	4110.49
97883.4	44921	4108.17
97886.5	44924.2	4105.02
97889.3	44927	4101.14
97891.5	44929.2	4096.64
97893.2	44930.8	4091.67
97894.2	44931.8	4086.36
97894.5	44932.2	4080.89
97894.2	44931.8	4075.42
97893.2	44930.8	4070.12
97891.5	44929.2	4065.14
97889.3	44927	4060.65
97886.5	44924.2	4056.76
97883.4	44921	4053.61
97879.9	44917.5	4051.29

#	Triangle	322
0	2	1	3	2	0
4	3	5	4	2	38
4	8	3
8	7	3
7	6	3	6	69	3	4	12	11	4	26	25	4	72	26	72	71	26	71	70	26	46	49	47	104	30	105	52	2	53	4	76	75	100	30	101	4	77	76	4	78	77	4	79	78	4	80	79	4	81	80	95	33	32	4	82	81	94	33	95	4	83	82	93	33	94	91	34	92	4	87	86	4	88	87	38	2	39
69	68	3
68	67	3
67	66	3
66	65	3	65	64	3
64	2	3
4	9	8
4	10	9
4	11	10
4	22	12
22	21	12
21	13	12
63	2	64
21	20	13
20	14	13
62	2	63
20	19	14
19	18	14
18	15	14
61	2	62
4	23	22
17	15	18
4	24	23
16	15	17
60	2	61
4	25	24
59	2	60
58	2	59	45	2	46
70	27	26
57	2	58	56	2	57	42	2	43
70	28	27
70	29	28
55	2	56
47	49	48
70	105	29
105	30	29
46	50	49
54	2	55
4	73	72
103	30	104
4	74	73
102	30	103
46	51	50
53	2	54
4	75	74
101	30	102
46	52	51
46	2	52
100	31	30
99	31	100
98	31	99
97	31	98
97	32	31
44	2	45
96	32	97
95	32	96
43	2	44
4	84	83
92	33	93
92	34	33
4	85	84
4	86	85
90	34	91
89	34	90
88	34	89
4	34	88
4	35	34
41	2	42
4	36	35
40	2	41
4	37	36
39	2	40
4	38	37
5	106	4	107	106	5
1	115	0	110	109	0	167	106	168	164	163	162	130	133	132	149	177	176	1	127	126	145	187	146	145	188	187	1	141	140
115	114	0
114	113	0
113	112	0
112	111	0
111	110	0
109	107	0	171	106	107	1	106	141
109	108	107	108	171	107
170	106	171
169	106	170
168	106	169
1	116	115
166	158	167
158	157	167
157	106	167
1	117	116
165	159	166
159	158	166
1	118	117
164	161	165
161	160	165
160	159	165
164	162	161
156	106	157
155	106	156
1	119	118
154	106	155
1	120	119
153	106	154
1	121	120
152	173	153
173	172	153
172	207	153
207	106	153
1	122	121
151	173	152
1	123	122
150	173	151
1	124	123
130	132	131
149	174	150
174	173	150
1	125	124
129	133	130
149	175	174
149	176	175
206	106	207
205	106	206
1	126	125
128	133	129
149	178	177
204	106	205
127	133	128
1	133	127
149	179	178
203	106	204
1	134	133
148	179	149
148	180	179
202	106	203
148	181	180
201	106	202
148	182	181
200	106	201
1	135	134
147	182	148
147	183	182
199	106	200
147	184	183
198	106	199
1	136	135
146	184	147
146	185	184
197	106	198
146	186	185
196	106	197
146	187	186
195	106	196
1	137	136
194	106	195
145	189	188
193	106	194
145	190	189
192	106	193
145	191	190
191	106	192
145	106	191
1	138	137
144	106	145
1	139	138
143	106	144
1	140	139
142	106	143
141	106	142
0	5	3	107	5	0
2	106	1	4	106	2
109	7	108	6	7	109
108	8	171
7	8	108
171	9	170	8	9	171	157	23	156
170	10	169	156	24	155
9	10	170	23	24	156
169	11	168
10	11	169	24	25	155
168	12	167	11	12	168
167	13	166	12	13	167
166	14	165	13	14	166
165	15	164	14	15	165
16	164	15
163	164	16
131	49	130
48	49	131
130	50	129	49	50	130
129	51	128	36	37	143
50	51	129
128	52	127	51	52	128
127	53	126	52	53	127
126	54	125	53	54	126	39	40	140
125	55	124
54	55	125
124	56	123
55	56	124
123	57	122
56	57	123
122	58	121
57	58	122
121	59	120	135	45	134	44	45	135
58	59	121
120	60	119	59	60	120
119	61	118	60	61	119
118	62	117	61	62	118
117	63	116	62	63	117
116	64	115
63	64	116
115	65	114
64	65	115
114	66	113
65	66	114
113	67	112
66	67	113
112	68	111
67	68	112	162	18	161	17	18	162
111	69	110	68	69	111
110	6	109	69	6	110
159	21	158
20	21	159
158	22	157
21	22	158
22	23	157
155	25	154
154	26	153
25	26	154
153	27	152	26	27	153
152	28	151
27	28	152
151	29	150
28	29	151
150	30	149
29	30	150
149	31	148
30	31	149
148	32	147	31	32	148
147	33	146
32	33	147
146	34	145
33	34	146
145	35	144
34	35	145
144	36	143
35	36	144
143	37	142
142	38	141
37	38	142
141	39	140	38	39	141
140	40	139
139	41	138	40	41	139
138	42	137
41	42	138
137	43	136
42	43	137
136	44	135	43	44	136
134	46	133	45	46	134
133	47	132	46	47	133
48	132	47
131	132	48
163	17	162
16	17	163
161	19	160
18	19	161
160	20	159	19	20	160
173	71	172
70	71	173
172	72	207	71	72	172
207	73	206	72	73	207
206	74	205
73	74	206
205	75	204	74	75	205
204	76	203
75	76	204
203	77	202	76	77	203
202	78	201
77	78	202
201	79	200
78	79	201
200	80	199
79	80	200
199	81	198
80	81	199
198	82	197	81	82	198
197	83	196
82	83	197
196	84	195	83	84	196
195	85	194
84	85	195
194	86	193	85	86	194
193	87	192	86	87	193
192	88	191
87	88	192
191	89	190	88	89	191
190	90	189	89	90	190
189	91	188
90	91	189
188	92	187	91	92	188
187	93	186
92	93	187
186	94	185	93	94	186
185	95	184	94	95	185
184	96	183
95	96	184
183	97	182
96	97	183
182	98	181
97	98	182
181	99	180
98	99	181
180	100	179	99	100	180
179	101	178	100	101	179
178	102	177
101	102	178
177	103	176	102	103	177
176	104	175
103	104	176
175	105	174	104	105	175
174	70	173	105	70	174

#	Normal	322
0.70712	0.707094	0
-0.707106	0.707107	0
-0.707108	0.707106	1.67465e-006
-0.706816	0.707397	-9.40428e-005
-0.707107	0.707107	0
-0.707236	0.706978	4.03125e-005
-0.707239	0.706975	4.1242e-005
-0.706966	0.707247	-4.10725e-005
-0.707106	0.707107	5.76355e-007
-0.707104	0.707109	0
-0.706803	0.70741	-0.00136152
-0.706975	0.707238	-0.000591106
-0.707191	0.707022	0.000383539
-0.707032	0.707182	-0.000342462
-0.707062	0.707151	-0.000233879
-0.707217	0.706997	0.00027834
-0.707097	0.707116	6.19692e-006
-0.707079	0.707134	-0.000446188
-0.707139	0.707075	-0.000180769
-0.707103	0.707111	1.5982e-006
-0.707131	0.707083	-0.000389358
-0.707187	0.707026	0.000296675
-0.707159	0.707054	0.000193611
-0.707104	0.70711	3.49637e-007
-0.707388	0.706824	0.00129748
-0.707064	0.70715	0.000571052
-0.706981	0.707233	-0.00057969
-0.707219	0.706993	-0.00150195
-0.707105	0.707109	-2.65343e-007
-0.707188	0.707025	0.000379278
-0.707105	0.707109	-6.51763e-007
-0.707105	0.707108	-9.3461e-007
-0.707163	0.70705	0.000242992
-0.707106	0.707108	-1.16352e-006
-0.707088	0.707125	-0.000199986
-0.707124	0.707089	0.000189292
-0.706998	0.707216	0.000105276
-0.70705	0.707163	0.000750916
-0.707121	0.707092	-0.000232836
-0.707122	0.707092	-0.00018897
-0.707224	0.706989	8.42748e-005
-0.707215	0.706999	-0.000113786
-0.706383	0.707822	-0.00337162
-0.707218	0.706994	-0.00153149
-0.70776	0.706446	0.00308167
-0.707128	0.707086	-4.20798e-005
-0.706985	0.707228	-0.000799561
-0.707221	0.706993	-0.000119811
-0.70689	0.707322	-0.00101674
-0.707095	0.707118	0.000728195
-0.707083	0.707131	0.000389363
-0.707069	0.707145	4.04641e-005
-0.70711	0.707104	0.000191803
-0.707128	0.707086	-1.37468e-005
-0.707155	0.707059	-0.000539029
-0.707141	0.707073	0.000500741
-0.707121	0.707092	-0.000215372
-0.706992	0.707222	0.000130004
-0.707141	0.707073	-0.000500771
-0.70711	0.707103	0.000522161
-0.70721	0.707004	-0.000125706
-0.70722	0.706994	0.000551506
-0.707114	0.7071	-0.000701478
-0.707119	0.707094	-0.000281291
-0.706853	0.707359	-0.00124229
-0.707256	0.706957	0.000737309
-0.707077	0.707136	0.0011018
-0.707094	0.70712	-6.80548e-005
-0.707095	0.707119	-0.000195011
-0.707094	0.707119	-6.248e-005
-0.707152	0.707062	0.000234195
-0.707006	0.707208	0.000121006
-0.707053	0.70716	-0.000278724
-0.707209	0.707005	-0.000132112
-0.707107	0.707107	1.25596e-006
-0.707216	0.706997	-0.000141897
-0.707107	0.707107	1.8952e-006
-0.707094	-0.70712	-0
0.707107	-0.707107	0
0.707285	-0.706929	-5.13757e-005
0.706798	-0.707415	9.09643e-005
0.707247	-0.706967	-4.23051e-005
0.706975	-0.707239	3.99555e-005
0.707236	-0.706978	-4.03125e-005
0.707107	-0.707106	-1.20873e-007
0.707107	-0.707107	-6.40496e-007
0.706803	-0.70741	0.00136152
0.707238	-0.706975	-0.000591326
0.707022	-0.707191	0.000383447
0.708012	-0.7062	0.000803387
0.707119	-0.707095	-0.000213609
0.707561	-0.70665	-0.00168514
0.707182	-0.707032	-0.000342535
0.707111	-0.707103	1.59822e-006
0.707059	-0.707154	0.00021104
0.706924	-0.707289	0.000808789
0.70711	-0.707104	3.4964e-007
0.707159	-0.707054	-0.000193611
0.707026	-0.707187	0.000296607
0.707083	-0.707131	-0.000389331
0.707064	-0.70715	-0.000571052
0.706824	-0.707388	0.00129645
0.707233	-0.70698	-0.000579897
0.707109	-0.707105	-2.65345e-007
0.707107	-0.707106	-9.7867e-007
0.707109	-0.707105	-6.51767e-007
0.707045	-0.707168	0.00028871
0.706979	-0.707235	-0.000121339
0.707163	-0.70705	-0.000242992
0.706128	-0.708071	0.00417358
0.707253	-0.70696	-0.0007733
0.70764	-0.706568	-0.00250641
0.707224	-0.706989	0.00011134
0.707123	-0.70709	-6.24532e-006
0.706886	-0.707327	-0.000215617
0.707123	-0.707091	-1.99327e-006
0.707214	-0.707	0.000108425
0.707163	-0.70705	0.000751036
0.707124	-0.70709	2.08266e-006
0.707121	-0.707092	0.000232836
0.706998	-0.707216	-0.000110244
0.707224	-0.706989	-8.42748e-005
0.707135	-0.707078	0.00015024
0.707016	-0.707196	-0.00146299
0.706386	-0.707819	0.00336304
0.707108	-0.707106	-1.77571e-006
0.707221	-0.706993	0.000119811
0.707146	-0.707068	0.000206226
0.707139	-0.707074	0.000756912
0.70689	-0.707322	0.00101674
0.707131	-0.707083	0.00038939
0.707145	-0.707069	4.04684e-005
0.707127	-0.707087	1.99267e-005
0.707436	-0.706775	-0.00155607
0.707108	-0.707105	-5.92386e-007
0.707127	-0.707086	7.70122e-006
0.707128	-0.707086	1.37468e-005
0.707108	-0.707106	-7.69782e-007
0.707072	-0.707141	-0.00105466
0.706988	-0.707225	0.000565499
0.707099	-0.707113	0.00100906
0.706998	-0.707215	0.000518358
0.706995	-0.707219	-0.000131746
0.707121	-0.707092	0.000215372
0.707038	-0.707175	-0.00100149
0.70721	-0.707004	-0.000492265
0.707099	-0.707114	0.00104432
0.707208	-0.707006	-0.000482648
0.707212	-0.707002	0.000123488
0.707108	-0.707105	-0.00022603
0.707123	-0.70709	-1.10116e-005
0.707108	-0.707106	5.83034e-007
0.707123	-0.70709	-1.63349e-005
0.706897	-0.707316	0.00102067
0.707116	-0.707097	-0.000724719
0.70722	-0.706994	-0.000551506
0.706906	-0.707308	-0.000243138
0.707107	-0.707106	7.16744e-007
0.707136	-0.707077	0.0011019
0.707257	-0.706957	-0.00073543
0.70712	-0.707094	-6.80573e-005
0.707107	-0.707106	2.55012e-006
0.707119	-0.707095	-0.000195018
0.706558	-0.70765	0.00270694
0.707119	-0.707094	-6.24822e-005
0.707206	-0.707007	0.000124122
0.707062	-0.707152	0.000234165
0.70721	-0.707004	0.00012858
0.70716	-0.707053	-0.000278766
0.706997	-0.707216	-0.000141853
0.707175	-0.707038	-0.000358064
0.707007	-0.707206	0.000531318
0	-0	1
0	0	-1
0.0616226	0.0616203	-0.996196
0.183062	0.183069	-0.965906
0.183003	0.182996	-0.965931
0.298859	0.29887	-0.906289
0.405525	0.40551	-0.819214
0.405634	0.405649	-0.819091
0.499991	0.50001	-0.707106
0.499878	0.49986	-0.707292
0.579264	0.579285	-0.573483
0.640843	0.640867	-0.422623
0.682979	0.683004	-0.258931
0.704409	0.704435	-0.0870609
0.704385	0.704411	0.0874533
0.704501	0.704475	0.0859821
0.40539	0.405405	0.819333
0.405647	0.405632	0.819092
0.298859	0.29887	0.906289
0.183069	0.183062	0.965906
0.182996	0.183003	0.965931
0.0616226	0.0616203	0.996196
-0.0616226	-0.0616203	0.996196
-0.183036	-0.183029	0.965918
-0.298758	-0.298769	0.906356
-0.29887	-0.298859	0.906289
-0.405649	-0.405634	0.819091
-0.40551	-0.405525	0.819214
-0.499925	-0.499944	0.707199
-0.500076	-0.500057	0.707013
-0.579191	-0.579234	0.573608
-0.579264	-0.579285	0.573483
-0.640843	-0.640867	0.422623
-0.640781	-0.640828	0.422776
-0.683012	-0.683037	0.258757
-0.704397	-0.704423	0.0872459
-0.704397	-0.704423	-0.0872459
-0.683012	-0.683037	-0.258757
-0.640831	-0.640879	-0.422623
-0.640793	-0.640816	-0.422776
-0.579202	-0.579223	-0.573608
-0.579253	-0.579296	-0.573483
-0.499944	-0.499925	-0.707199
-0.500057	-0.500076	-0.707013
-0.405634	-0.405649	-0.819091
-0.405525	-0.40551	-0.819214
-0.298769	-0.298758	-0.906356
-0.298859	-0.29887	-0.906289
-0.183036	-0.183029	-0.965918
-0.0616226	-0.0616203	-0.996196
0.0616444	0.0616444	-0.996193
0.0616341	0.0616319	-0.996194
0.183025	0.183018	-0.965923
0.183054	0.183054	-0.96591
0.298769	0.298758	-0.906356
0.500048	0.500085	-0.707013
0.579202	0.579223	-0.573608
0.579253	0.579296	-0.573483
0.640845	0.640869	-0.422616
0.682998	0.683049	-0.258761
0.682978	0.683003	-0.258935
0.704397	0.704423	-0.0872459
0.704396	0.704448	-0.0870609
0.704385	0.704436	0.0872445
0.704409	0.704435	0.0870595
0.683011	0.683036	0.258761
0.682966	0.683016	0.258935
0.640843	0.640867	0.422623
0.579195	0.579237	0.5736
0.579267	0.579289	0.573475
0.50007	0.500051	0.707021
0.499845	0.499881	0.707301
0.405518	0.405533	0.819206
0.405657	0.405642	0.819083
0.29887	0.298859	0.906289
0.298758	0.298769	0.906356
0.183032	0.183032	0.965918
0.0616224	0.0616202	0.996196
0.0616099	0.0616099	0.996197
-0.061611	-0.0616087	0.996197
-0.182963	-0.18297	0.965943
-0.298859	-0.29887	0.906289
-0.405657	-0.405642	0.819083
-0.405518	-0.405533	0.819206
-0.49992	-0.499938	0.707207
-0.50007	-0.500051	0.707021
-0.579205	-0.579227	0.5736
-0.683011	-0.683036	0.258761
-0.704398	-0.704424	0.0872445
-0.70443	-0.704456	-0.0867178
-0.704365	-0.704339	-0.0881887
-0.405754	-0.405769	-0.818972
-0.405526	-0.405511	-0.819213
-0.182959	-0.182952	-0.965947
-0.183018	-0.183025	-0.965923
-0.0616341	-0.0616319	-0.996194
0.0615726	0.0615704	-0.996202
0.0616321	0.0616344	-0.996194
0.183031	0.183025	-0.96592
0.298933	0.298922	-0.906248
0.405637	0.405652	-0.819088
0.405318	0.405303	-0.819419
0.500105	0.500123	-0.706946
0.578938	0.578917	-0.574183
0.579251	0.579273	-0.573508
0.640883	0.640859	-0.422573
0.683121	0.683171	-0.258114
0.682892	0.682867	-0.259522
0.704411	0.704437	-0.0870273
0.704429	0.704481	-0.086528
0.704398	0.70445	0.0870311
0.704442	0.704467	0.0865318
0.683159	0.683134	0.258114
0.682854	0.682905	0.259522
0.640889	0.640865	0.422556
0.578907	0.578928	0.574203
0.579262	0.579241	0.573529
0.50012	0.500139	0.706924
0.405652	0.405637	0.819088
0.405303	0.405318	0.819419
0.298907	0.298896	0.906265
0.183061	0.183054	0.965909
0.0615704	0.0615726	0.996202
0.0616344	0.0616321	0.996194
-0.0616321	-0.0616344	0.996194
-0.183054	-0.183061	0.965909
-0.298907	-0.298896	0.906265
-0.298623	-0.298634	0.906444
-0.405652	-0.405637	0.819088
-0.499765	-0.499783	0.707426
-0.500139	-0.50012	0.706924
-0.579241	-0.579262	0.573529
-0.640865	-0.640889	0.422556
-0.683057	-0.683057	0.258583
-0.682956	-0.682981	0.259053
-0.70438	-0.704406	0.0875303
-0.704424	-0.704424	0.0870311
-0.704393	-0.704393	-0.0875265
-0.704411	-0.704437	-0.0870273
-0.683045	-0.68307	-0.258583
-0.682968	-0.682968	-0.259053
-0.640859	-0.640883	-0.422573
-0.579251	-0.579273	-0.573508
-0.499767	-0.499749	-0.707449
-0.500105	-0.500123	-0.706946
-0.405652	-0.405637	-0.819088
-0.298922	-0.298933	-0.906248
-0.29866	-0.298649	-0.906427
-0.183025	-0.183031	-0.96592
-0.0616321	-0.0616344	-0.996194

#	Mesh	0	End

