#	Mesh	0	Begin

#	Vertex	256
70518.3	15714.5	-50
70518.3	15714.5	5230
70518.3	15914.5	5230
70518.3	15914.5	-50
53468.3	15914.5	5230
53468.3	15914.5	-50
60068.3	15914.5	2100
61568.3	15914.5	2100
61568.3	15914.5	0
60068.3	15914.5	0
62468.3	15914.5	2100
63968.3	15914.5	2100
63968.3	15914.5	0
62468.3	15914.5	0
61668.2	15914.5	4230
60318.2	15914.5	4230
60318.2	15914.5	4830
61668.2	15914.5	4830
63038.1	15914.5	3934.4
63031.6	15914.5	3934.97
63025.3	15914.5	3936.66
63019.3	15914.5	3939.42
63014	15914.5	3943.17
63009.3	15914.5	3947.79
63005.6	15914.5	3953.15
63002.8	15914.5	3959.07
63001.1	15914.5	3965.39
63000.6	15914.5	3971.9
63001.1	15914.5	3978.41
63002.8	15914.5	3984.72
63005.6	15914.5	3990.65
63009.3	15914.5	3996
63014	15914.5	4000.63
63019.3	15914.5	4004.38
63025.3	15914.5	4007.14
63031.6	15914.5	4008.83
63038.1	15914.5	4009.4
63044.6	15914.5	4008.83
63050.9	15914.5	4007.14
63056.8	15914.5	4004.38
63062.2	15914.5	4000.63
63066.8	15914.5	3996
63070.6	15914.5	3990.65
63073.3	15914.5	3984.72
63075	15914.5	3978.41
63075.6	15914.5	3971.9
63075	15914.5	3965.39
63073.3	15914.5	3959.07
63070.6	15914.5	3953.15
63066.8	15914.5	3947.79
63062.2	15914.5	3943.17
63056.8	15914.5	3939.42
63050.9	15914.5	3936.66
63044.6	15914.5	3934.97
62875.4	15914.5	3926.22
62867.5	15914.5	3926.91
62860	15914.5	3928.94
62852.9	15914.5	3932.25
62846.4	15914.5	3936.75
62840.9	15914.5	3942.3
62836.4	15914.5	3948.72
62833.1	15914.5	3955.83
62831	15914.5	3963.41
62830.4	15914.5	3971.22
62831	15914.5	3979.04
62833.1	15914.5	3986.61
62836.4	15914.5	3993.72
62840.9	15914.5	4000.15
62846.4	15914.5	4005.69
62852.9	15914.5	4010.19
62860	15914.5	4013.51
62867.5	15914.5	4015.54
62875.4	15914.5	4016.22
62883.2	15914.5	4015.54
62890.7	15914.5	4013.51
62897.9	15914.5	4010.19
62904.3	15914.5	4005.69
62909.8	15914.5	4000.15
62914.3	15914.5	3993.72
62917.6	15914.5	3986.61
62919.7	15914.5	3979.04
62920.4	15914.5	3971.22
62919.7	15914.5	3963.41
62917.6	15914.5	3955.83
62914.3	15914.5	3948.72
62909.8	15914.5	3942.3
62904.3	15914.5	3936.75
62897.9	15914.5	3932.25
62890.7	15914.5	3928.94
62883.2	15914.5	3926.91
62706.7	15914.5	3925.47
62698.9	15914.5	3926.15
62691.3	15914.5	3928.18
62684.2	15914.5	3931.5
62677.8	15914.5	3936
62672.2	15914.5	3941.54
62667.8	15914.5	3947.97
62664.4	15914.5	3955.08
62662.4	15914.5	3962.66
62661.7	15914.5	3970.47
62662.4	15914.5	3978.28
62664.4	15914.5	3985.86
62667.8	15914.5	3992.97
62672.2	15914.5	3999.4
62677.8	15914.5	4004.94
62684.2	15914.5	4009.44
62691.3	15914.5	4012.76
62698.9	15914.5	4014.79
62706.7	15914.5	4015.47
62714.5	15914.5	4014.79
62722.1	15914.5	4012.76
62729.2	15914.5	4009.44
62735.6	15914.5	4004.94
62741.2	15914.5	3999.4
62745.7	15914.5	3992.97
62749	15914.5	3985.86
62751	15914.5	3978.28
62751.7	15914.5	3970.47
62751	15914.5	3962.66
62749	15914.5	3955.08
62745.7	15914.5	3947.97
62741.2	15914.5	3941.54
62735.6	15914.5	3936
62729.2	15914.5	3931.5
62722.1	15914.5	3928.18
62714.5	15914.5	3926.15
53468.3	15714.5	5230
53468.3	15714.5	-50
61568.3	15714.5	2100
60068.3	15714.5	2100
60068.3	15714.5	0
61568.3	15714.5	0
63968.3	15714.5	2100
62468.3	15714.5	2100
62468.3	15714.5	0
63968.3	15714.5	0
64799.1	15882.7	1900
64799.1	15714.5	1900
64099.1	15882.7	1900
64099.1	15714.5	1900
64099.1	15882.7	100
64099.1	15714.5	100
64799.1	15882.7	100
64799.1	15714.5	100
60318.2	15714.5	4230
61668.2	15714.5	4230
61668.2	15714.5	4830
60318.2	15714.5	4830
63031.6	15714.5	3934.97
63038.1	15714.5	3934.4
63044.6	15714.5	3934.97
63050.9	15714.5	3936.66
63056.8	15714.5	3939.42
63062.2	15714.5	3943.17
63066.8	15714.5	3947.79
63070.6	15714.5	3953.15
63073.3	15714.5	3959.07
63075	15714.5	3965.39
63075.6	15714.5	3971.9
63075	15714.5	3978.41
63073.3	15714.5	3984.72
63070.6	15714.5	3990.65
63066.8	15714.5	3996
63062.2	15714.5	4000.63
63056.8	15714.5	4004.38
63050.9	15714.5	4007.14
63044.6	15714.5	4008.83
63038.1	15714.5	4009.4
63031.6	15714.5	4008.83
63025.3	15714.5	4007.14
63019.3	15714.5	4004.38
63014	15714.5	4000.63
63009.3	15714.5	3996
63005.6	15714.5	3990.65
63002.8	15714.5	3984.72
63001.1	15714.5	3978.41
63000.6	15714.5	3971.9
63001.1	15714.5	3965.39
63002.8	15714.5	3959.07
63005.6	15714.5	3953.15
63009.3	15714.5	3947.79
63014	15714.5	3943.17
63019.3	15714.5	3939.42
63025.3	15714.5	3936.66
62867.5	15714.5	3926.91
62875.4	15714.5	3926.22
62883.2	15714.5	3926.91
62890.7	15714.5	3928.94
62897.9	15714.5	3932.25
62904.3	15714.5	3936.75
62909.8	15714.5	3942.3
62914.3	15714.5	3948.72
62917.6	15714.5	3955.83
62919.7	15714.5	3963.41
62920.4	15714.5	3971.22
62919.7	15714.5	3979.04
62917.6	15714.5	3986.61
62914.3	15714.5	3993.72
62909.8	15714.5	4000.15
62904.3	15714.5	4005.69
62897.9	15714.5	4010.19
62890.7	15714.5	4013.51
62883.2	15714.5	4015.54
62875.4	15714.5	4016.22
62867.5	15714.5	4015.54
62860	15714.5	4013.51
62852.9	15714.5	4010.19
62846.4	15714.5	4005.69
62840.9	15714.5	4000.15
62836.4	15714.5	3993.72
62833.1	15714.5	3986.61
62831	15714.5	3979.04
62830.4	15714.5	3971.22
62831	15714.5	3963.41
62833.1	15714.5	3955.83
62836.4	15714.5	3948.72
62840.9	15714.5	3942.3
62846.4	15714.5	3936.75
62852.9	15714.5	3932.25
62860	15714.5	3928.94
62698.9	15714.5	3926.15
62706.7	15714.5	3925.47
62714.5	15714.5	3926.15
62722.1	15714.5	3928.18
62729.2	15714.5	3931.5
62735.6	15714.5	3936
62741.2	15714.5	3941.54
62745.7	15714.5	3947.97
62749	15714.5	3955.08
62751	15714.5	3962.66
62751.7	15714.5	3970.47
62751	15714.5	3978.28
62749	15714.5	3985.86
62745.7	15714.5	3992.97
62741.2	15714.5	3999.4
62735.6	15714.5	4004.94
62729.2	15714.5	4009.44
62722.1	15714.5	4012.76
62714.5	15714.5	4014.79
62706.7	15714.5	4015.47
62698.9	15714.5	4014.79
62691.3	15714.5	4012.76
62684.2	15714.5	4009.44
62677.8	15714.5	4004.94
62672.2	15714.5	3999.4
62667.8	15714.5	3992.97
62664.4	15714.5	3985.86
62662.4	15714.5	3978.28
62661.7	15714.5	3970.47
62662.4	15714.5	3962.66
62664.4	15714.5	3955.08
62667.8	15714.5	3947.97
62672.2	15714.5	3941.54
62677.8	15714.5	3936
62684.2	15714.5	3931.5
62691.3	15714.5	3928.18

#	Triangle	96
0	2	1	3	2	0	138	141	140	139	141	138	9	129	130	6	129	9	13	133	134	10	133	13	144	16	147	15	16	144
4	9	5	9	3	5	9	8	3	8	13	3	13	12	3	12	2	3	4	6	9	7	13	8	7	10	13	11	2	12	4	7	6	4	10	7	4	11	10	4	15	11	15	91	11	91	90	11	90	125	11	125	54	11	54	89	11	89	18	11	18	53	11	53	2	11	15	92	91	124	54	125	124	55	54	124	56	55	88	18	89	15	93	92	123	56	124	123	57	56	87	18	88	15	94	93	122	57	123	122	58	57	86	18	87	86	19	18	86	20	19	52	2	53	15	95	94	121	58	122	86	21	20	51	2	52	121	59	58	85	21	86	85	22	21	50	2	51	15	96	95	120	59	121	120	60	59	84	22	85	84	23	22	49	2	50	84	24	23	48	2	49	15	97	96	119	60	120	119	61	60	83	24	84	83	25	24	47	2	48	15	98	97	118	61	119	118	62	61	82	25	83	82	26	25	46	2	47	15	99	98	117	62	118	117	63	62	81	26	82	81	27	26	45	2	46	15	100	99	116	63	117	116	64	63	80	27	81	80	28	27	44	2	45	15	101	100	115	64	116	80	29	28	43	2	44	115	65	64	79	29	80	79	30	29	42	2	43	15	102	101	114	65	115	114	66	65	78	30	79	78	31	30	41	2	42	15	103	102	113	66	114	113	67	66	77	31	78	77	32	31	40	2	41	15	104	103	112	67	113	112	68	67	76	32	77	76	33	32	39	2	40	76	34	33	38	2	39	15	105	104	111	68	112	111	69	68	75	34	76	75	35	34	37	2	38	75	36	35	36	2	37	75	2	36	15	106	105	110	69	111	110	70	69	74	2	75	15	107	106	109	70	110	109	71	70	73	2	74	15	108	107	108	71	109	15	71	108	15	72	71	72	2	73	15	14	72	14	2	72	4	16	15	17	2	14	4	17	16	4	2	17
5	126	4	127	126	5	142	137	136	143	137	142	7	131	128	8	131	7	11	135	132	12	135	11	146	14	145	17	14	146
1	143	0	143	135	0	135	127	0	135	134	127	134	131	127	131	130	127	130	126	127	143	141	135	141	132	135	133	131	134	133	128	131	129	126	130	1	137	143	139	132	141	1	139	137	1	132	139	1	133	132	1	128	133	1	129	128	1	150	129	150	149	129	149	186	129	186	185	129	185	222	129	222	221	129	221	220	129	220	144	129	144	126	129	185	223	222	255	144	220	184	223	185	149	187	186	219	223	184	219	224	223	254	144	255	149	188	187	218	224	219	218	225	224	253	144	254	149	189	188	217	225	218	148	189	149	1	151	150	183	189	148	217	226	225	252	144	253	1	152	151	182	189	183	182	190	189	216	226	217	1	153	152	181	190	182	216	227	226	251	144	252	181	191	190	215	227	216	1	154	153	180	191	181	1	155	154	179	191	180	215	228	227	250	144	251	179	192	191	214	228	215	1	156	155	178	192	179	214	229	228	249	144	250	178	193	192	213	229	214	1	157	156	177	193	178	213	230	229	248	144	249	177	194	193	212	230	213	1	158	157	176	194	177	212	231	230	247	144	248	176	195	194	211	231	212	1	159	158	175	195	176	211	232	231	246	144	247	1	160	159	174	195	175	174	196	195	210	232	211	1	161	160	173	196	174	210	233	232	245	144	246	173	197	196	209	233	210	1	162	161	172	197	173	209	234	233	244	144	245	172	198	197	208	234	209	1	163	162	171	198	172	208	235	234	243	144	244	171	199	198	207	235	208	1	164	163	170	199	171	1	165	164	169	199	170	207	236	235	242	144	243	169	200	199	206	236	207	1	166	165	168	200	169	1	167	166	167	200	168	1	200	167	206	237	236	241	144	242	1	201	200	205	237	206	205	238	237	240	144	241	1	202	201	204	238	205	204	239	238	239	144	240	204	144	239	1	203	202	203	144	204	1	145	203	145	144	203	1	146	145	147	126	144	1	147	146	1	126	147	142	138	140	136	138	142
0	5	3	127	5	0	136	139	138	137	139	136	6	128	129	7	128	6	10	132	133	11	132	10	147	17	146	16	17	147
2	126	1	4	126	2	140	143	142	141	143	140	8	130	131	9	130	8	12	134	135	13	134	12	145	15	144	14	15	145
149	19	148	18	19	149
148	20	183	19	20	148
183	21	182	20	21	183
182	22	181	21	22	182
181	23	180	22	23	181
180	24	179	23	24	180
179	25	178	24	25	179
178	26	177	25	26	178
177	27	176	26	27	177
176	28	175	27	28	176
175	29	174	28	29	175
174	30	173	29	30	174
173	31	172	30	31	173
172	32	171	31	32	172
171	33	170	32	33	171
170	34	169	33	34	170
169	35	168	34	35	169
168	36	167	35	36	168
167	37	166	36	37	167
166	38	165	37	38	166
165	39	164	38	39	165
164	40	163	39	40	164
163	41	162	40	41	163
162	42	161	41	42	162
161	43	160	42	43	161
160	44	159	43	44	160
159	45	158	44	45	159
158	46	157	45	46	158
157	47	156	46	47	157
156	48	155	47	48	156
155	49	154	48	49	155
154	50	153	49	50	154
153	51	152	50	51	153
152	52	151	51	52	152
151	53	150	52	53	151
150	18	149	53	18	150
185	55	184	54	55	185
184	56	219	55	56	184
219	57	218	56	57	219	255	93	254	92	93	255
218	58	217	57	58	218	254	94	253	93	94	254
217	59	216	58	59	217	253	95	252	94	95	253
216	60	215	59	60	216
215	61	214	60	61	215	251	97	250	96	97	251
214	62	213	61	62	214
213	63	212	62	63	213	249	99	248	98	99	249
212	64	211	63	64	212	248	100	247	99	100	248
211	65	210	64	65	211
210	66	209	65	66	210	246	102	245	101	102	246
209	67	208	66	67	209
208	68	207	67	68	208
207	69	206	68	69	207	243	105	242	104	105	243
206	70	205	69	70	206	242	106	241	105	106	242
205	71	204	70	71	205
204	72	203	71	72	204
203	73	202	72	73	203
202	74	201	73	74	202
201	75	200	74	75	201	237	111	236	110	111	237
200	76	199	75	76	200	236	112	235	111	112	236
199	77	198	76	77	199
198	78	197	77	78	198
197	79	196	78	79	197
196	80	195	79	80	196	232	116	231	115	116	232
195	81	194	80	81	195	231	117	230	116	117	231
194	82	193	81	82	194	230	118	229	117	118	230
193	83	192	82	83	193	229	119	228	118	119	229
192	84	191	83	84	192
191	85	190	84	85	191
190	86	189	85	86	190	226	122	225	121	122	226
189	87	188	86	87	189	225	123	224	122	123	225
188	88	187	87	88	188	224	124	223	123	124	224
187	89	186	88	89	187
186	54	185	89	54	186
221	91	220	90	91	221
220	92	255	91	92	220
252	96	251	95	96	252
250	98	249	97	98	250
247	101	246	100	101	247
245	103	244	102	103	245
244	104	243	103	104	244
241	107	240	106	107	241
240	108	239	107	108	240
239	109	238	108	109	239
238	110	237	109	110	238
235	113	234	112	113	235
234	114	233	113	114	234
233	115	232	114	115	233
228	120	227	119	120	228
227	121	226	120	121	227
223	125	222	124	125	223
222	90	221	125	90	222

#	Normal	96
-1	0	0
0	-1	0
1	0	0
0	1	-0
0	0	1
0	0	-1
-0.0871744	0	-0.996193
-0.258851	0	-0.965917
-0.42255	0	-0.90634
-0.573507	0	-0.8192
-0.707181	0	-0.707032
-0.819099	0	-0.573653
-0.906357	0	-0.422513
-0.965942	0	-0.25876
-0.996187	0	-0.0872485
-0.996187	0	0.0872485
-0.965942	0	0.25876
-0.906357	0	0.422513
-0.819099	0	0.573653
-0.7072	0	0.707013
-0.573507	0	0.8192
-0.42252	0	0.906354
-0.258885	0	0.965908
-0.0871373	0	0.996196
0.0871373	-0	0.996196
0.258885	-0	0.965908
0.42252	-0	0.906354
0.573507	-0	0.8192
0.7072	-0	0.707013
0.819099	-0	0.573653
0.906357	-0	0.422513
0.965942	-0	0.25876
0.996187	-0	0.0872485
0.996187	0	-0.0872485
0.965942	0	-0.25876
0.906357	0	-0.422513
0.819099	0	-0.573653
0.707181	0	-0.707032
0.573507	0	-0.8192
0.42255	0	-0.90634
0.258851	0	-0.965917
0.0871744	0	-0.996193
-0.0871237	0	-0.996197
-0.25891	0	-0.965901
-0.422596	0	-0.906318
-0.573567	0	-0.819159
-0.707076	0	-0.707138
-0.819105	0	-0.573644
-0.906241	0	-0.422761
-0.966016	0	-0.258484
-0.996195	0	-0.087148
-0.996195	0	0.087148
-0.966016	0	0.258484
-0.906241	0	0.422761
-0.819094	0	0.573659
-0.707091	0	0.707122
-0.573567	0	0.819159
-0.422596	0	0.906318
-0.25891	0	0.965901
-0.0871237	0	0.996197
0.087167	-0	0.996194
0.258786	-0	0.965935
0.422596	-0	0.906318
0.573567	-0	0.819159
0.707091	-0	0.707122
0.819328	-0	0.573324
0.906241	-0	0.422761
0.965891	-0	0.258949
0.996195	-0	0.087148
0.996195	0	-0.087148
0.965891	0	-0.258949
0.906241	0	-0.422761
0.819339	0	-0.57331
0.707076	0	-0.707138
0.573567	0	-0.819159
0.422596	0	-0.906318
0.258786	0	-0.965935
0.087167	0	-0.996194
-0.087167	0	-0.996194
-0.258786	0	-0.965935
-0.819339	0	-0.57331
-0.965891	0	-0.258949
-0.965891	0	0.258949
-0.819339	0	0.57331
-0.707076	0	0.707138
-0.258786	0	0.965935
-0.087167	0	0.996194
0.0871237	-0	0.996197
0.25891	-0	0.965901
0.707076	-0	0.707138
0.819105	-0	0.573644
0.906432	-0	0.422352
0.906432	0	-0.422352
0.819105	0	-0.573644
0.25891	0	-0.965901
0.0871237	0	-0.996197

#	Mesh	0	End

