#	Mesh	0	Begin

#	Vertex	232
70518.3	25964.5	-50
70518.3	25964.5	4750
70318.3	25964.5	4750
70318.3	25964.5	-50
70318.3	18264.5	4750
70318.3	20060	4750
70318.3	20060	4150
70318.3	18710	4150
70318.3	18710	4750
70318.3	18264.5	-50
70318.3	25455.3	3977.78
70318.3	25447.5	3978.46
70318.3	25439.9	3980.49
70318.3	25432.8	3983.81
70318.3	25426.4	3988.31
70318.3	25420.8	3993.85
70318.3	25416.3	4000.28
70318.3	25413	4007.39
70318.3	25411	4014.97
70318.3	25410.3	4022.78
70318.3	25411	4030.59
70318.3	25413	4038.17
70318.3	25416.3	4045.28
70318.3	25420.8	4051.71
70318.3	25426.4	4057.25
70318.3	25432.8	4061.75
70318.3	25439.9	4065.07
70318.3	25447.5	4067.1
70318.3	25455.3	4067.78
70318.3	25463.1	4067.1
70318.3	25470.7	4065.07
70318.3	25477.8	4061.75
70318.3	25484.2	4057.25
70318.3	25489.8	4051.71
70318.3	25494.3	4045.28
70318.3	25497.6	4038.17
70318.3	25499.6	4030.59
70318.3	25500.3	4022.78
70318.3	25499.6	4014.97
70318.3	25497.6	4007.39
70318.3	25494.3	4000.28
70318.3	25489.8	3993.85
70318.3	25484.2	3988.31
70318.3	25477.8	3983.81
70318.3	25470.7	3980.49
70318.3	25463.1	3978.46
70318.3	25215.3	3990.75
70318.3	25209.9	3991.23
70318.3	25204.6	3992.65
70318.3	25199.6	3994.97
70318.3	25195.1	3998.12
70318.3	25191.2	4002
70318.3	25188.1	4006.5
70318.3	25185.7	4011.48
70318.3	25184.3	4016.78
70318.3	25183.8	4022.25
70318.3	25184.3	4027.72
70318.3	25185.7	4033.03
70318.3	25188.1	4038
70318.3	25191.2	4042.5
70318.3	25195.1	4046.38
70318.3	25199.6	4049.53
70318.3	25204.6	4051.85
70318.3	25209.9	4053.27
70318.3	25215.3	4053.75
70318.3	25220.8	4053.27
70318.3	25226.1	4051.85
70318.3	25231.1	4049.53
70318.3	25235.6	4046.38
70318.3	25239.5	4042.5
70318.3	25242.6	4038
70318.3	25244.9	4033.03
70318.3	25246.4	4027.72
70318.3	25246.8	4022.25
70318.3	25246.4	4016.78
70318.3	25244.9	4011.48
70318.3	25242.6	4006.5
70318.3	25239.5	4002
70318.3	25235.6	3998.12
70318.3	25231.1	3994.97
70318.3	25226.1	3992.65
70318.3	25220.8	3991.23
70318.3	25715.4	3978.29
70318.3	25707.6	3978.97
70318.3	25700	3981
70318.3	25692.9	3984.31
70318.3	25686.4	3988.81
70318.3	25680.9	3994.36
70318.3	25676.4	4000.79
70318.3	25673.1	4007.89
70318.3	25671.1	4015.47
70318.3	25670.4	4023.29
70318.3	25671.1	4031.1
70318.3	25673.1	4038.68
70318.3	25676.4	4045.79
70318.3	25680.9	4052.21
70318.3	25686.4	4057.76
70318.3	25692.9	4062.26
70318.3	25700	4065.57
70318.3	25707.6	4067.6
70318.3	25715.4	4068.29
70318.3	25723.2	4067.6
70318.3	25730.8	4065.57
70318.3	25737.9	4062.26
70318.3	25744.3	4057.76
70318.3	25749.8	4052.21
70318.3	25754.3	4045.79
70318.3	25757.7	4038.68
70318.3	25759.7	4031.1
70318.3	25760.4	4023.29
70318.3	25759.7	4015.47
70318.3	25757.7	4007.89
70318.3	25754.3	4000.79
70318.3	25749.8	3994.36
70318.3	25744.3	3988.81
70318.3	25737.9	3984.31
70318.3	25730.8	3981
70318.3	25723.2	3978.97
70518.3	18264.5	4750
70518.3	18264.5	-50
70518.3	18710	4750
70518.3	18710	4150
70518.3	20060	4150
70518.3	20060	4750
70518.3	25447.5	3978.46
70518.3	25455.3	3977.78
70518.3	25463.1	3978.46
70518.3	25470.7	3980.49
70518.3	25477.8	3983.81
70518.3	25484.2	3988.31
70518.3	25489.8	3993.85
70518.3	25494.3	4000.28
70518.3	25497.6	4007.39
70518.3	25499.6	4014.97
70518.3	25500.3	4022.78
70518.3	25499.6	4030.59
70518.3	25497.6	4038.17
70518.3	25494.3	4045.28
70518.3	25489.8	4051.71
70518.3	25484.2	4057.25
70518.3	25477.8	4061.75
70518.3	25470.7	4065.07
70518.3	25463.1	4067.1
70518.3	25455.3	4067.78
70518.3	25447.5	4067.1
70518.3	25439.9	4065.07
70518.3	25432.8	4061.75
70518.3	25426.4	4057.25
70518.3	25420.8	4051.71
70518.3	25416.3	4045.28
70518.3	25413	4038.17
70518.3	25411	4030.59
70518.3	25410.3	4022.78
70518.3	25411	4014.97
70518.3	25413	4007.39
70518.3	25416.3	4000.28
70518.3	25420.8	3993.85
70518.3	25426.4	3988.31
70518.3	25432.8	3983.81
70518.3	25439.9	3980.49
70518.3	25209.9	3991.23
70518.3	25215.3	3990.75
70518.3	25220.8	3991.23
70518.3	25226.1	3992.65
70518.3	25231.1	3994.97
70518.3	25235.6	3998.12
70518.3	25239.5	4002
70518.3	25242.6	4006.5
70518.3	25244.9	4011.48
70518.3	25246.4	4016.78
70518.3	25246.8	4022.25
70518.3	25246.4	4027.72
70518.3	25244.9	4033.03
70518.3	25242.6	4038
70518.3	25239.5	4042.5
70518.3	25235.6	4046.38
70518.3	25231.1	4049.53
70518.3	25226.1	4051.85
70518.3	25220.8	4053.27
70518.3	25215.3	4053.75
70518.3	25209.9	4053.27
70518.3	25204.6	4051.85
70518.3	25199.6	4049.53
70518.3	25195.1	4046.38
70518.3	25191.2	4042.5
70518.3	25188.1	4038
70518.3	25185.7	4033.03
70518.3	25184.3	4027.72
70518.3	25183.8	4022.25
70518.3	25184.3	4016.78
70518.3	25185.7	4011.48
70518.3	25188.1	4006.5
70518.3	25191.2	4002
70518.3	25195.1	3998.12
70518.3	25199.6	3994.97
70518.3	25204.6	3992.65
70518.3	25707.6	3978.97
70518.3	25715.4	3978.29
70518.3	25723.2	3978.97
70518.3	25730.8	3981
70518.3	25737.9	3984.31
70518.3	25744.3	3988.81
70518.3	25749.8	3994.36
70518.3	25754.3	4000.79
70518.3	25757.7	4007.89
70518.3	25759.7	4015.47
70518.3	25760.4	4023.29
70518.3	25759.7	4031.1
70518.3	25757.7	4038.68
70518.3	25754.3	4045.79
70518.3	25749.8	4052.21
70518.3	25744.3	4057.76
70518.3	25737.9	4062.26
70518.3	25730.8	4065.57
70518.3	25723.2	4067.6
70518.3	25715.4	4068.29
70518.3	25707.6	4067.6
70518.3	25700	4065.57
70518.3	25692.9	4062.26
70518.3	25686.4	4057.76
70518.3	25680.9	4052.21
70518.3	25676.4	4045.79
70518.3	25673.1	4038.68
70518.3	25671.1	4031.1
70518.3	25670.4	4023.29
70518.3	25671.1	4015.47
70518.3	25673.1	4007.89
70518.3	25676.4	4000.79
70518.3	25680.9	3994.36
70518.3	25686.4	3988.81
70518.3	25692.9	3984.31
70518.3	25700	3981

#	Triangle	105
0	2	1	3	2	0	121	8	120	7	8	121
4	7	9	7	3	9	7	10	3	10	82	3	82	117	3	117	116	3	116	115	3	115	114	3	114	113	3	113	112	3	112	111	3	111	2	3	7	11	10	45	82	10	45	83	82	7	12	11	44	83	45	44	84	83	7	13	12	43	84	44	43	85	84	7	46	13	46	14	13	42	85	43	42	86	85	46	15	14	41	86	42	41	87	86	7	47	46	81	15	46	7	48	47	80	15	81	7	49	48	79	15	80	79	16	15	40	87	41	40	88	87	7	50	49	78	16	79	7	51	50	77	16	78	77	17	16	39	88	40	39	89	88	7	52	51	76	17	77	7	53	52	75	17	76	75	18	17	38	89	39	38	90	89	110	2	111	7	54	53	74	18	75	74	19	18	37	90	38	37	91	90	109	2	110	7	55	54	73	19	74	7	56	55	72	19	73	72	20	19	36	91	37	36	92	91	108	2	109	7	57	56	71	20	72	71	21	20	35	92	36	35	93	92	107	2	108	7	58	57	70	21	71	7	59	58	69	21	70	69	22	21	34	93	35	34	94	93	106	2	107	7	60	59	68	22	69	68	23	22	33	94	34	33	95	94	105	2	106	7	61	60	67	23	68	7	62	61	66	23	67	66	24	23	32	95	33	7	63	62	65	24	66	32	96	95	104	2	105	7	64	63	64	24	65	7	24	64	7	25	24	31	96	32	31	97	96	103	2	104	7	26	25	30	97	31	30	98	97	102	2	103	7	27	26	29	98	30	29	99	98	101	2	102	7	28	27	28	99	29	28	100	99	100	2	101	7	100	28	7	6	100	6	2	100	4	8	7	5	2	6
9	118	4	119	118	9	123	6	122	5	6	123
1	204	0	204	203	0	203	202	0	202	201	0	201	200	0	200	199	0	199	198	0	198	197	0	197	125	0	125	119	0	125	124	119	124	161	119	161	160	119	160	122	119	122	121	119	121	118	119	197	126	125	196	126	197	196	127	126	159	161	124	231	127	196	231	128	127	158	161	159	230	128	231	230	129	128	157	161	158	229	129	230	229	130	129	156	161	157	228	130	229	156	162	161	156	163	162	195	122	160	156	164	163	194	122	195	228	131	130	155	164	156	227	131	228	155	165	164	193	122	194	155	166	165	192	122	193	227	132	131	154	166	155	226	132	227	154	167	166	191	122	192	154	168	167	190	122	191	226	133	132	153	168	154	1	205	204	225	133	226	153	169	168	189	122	190	225	134	133	152	169	153	1	206	205	224	134	225	152	170	169	188	122	189	152	171	170	187	122	188	224	135	134	151	171	152	1	207	206	223	135	224	151	172	171	186	122	187	223	136	135	150	172	151	1	208	207	222	136	223	150	173	172	185	122	186	150	174	173	184	122	185	222	137	136	149	174	150	1	209	208	221	137	222	149	175	174	183	122	184	221	138	137	148	175	149	1	210	209	220	138	221	148	176	175	182	122	183	148	177	176	181	122	182	220	139	138	147	177	148	147	178	177	180	122	181	1	211	210	219	139	220	147	179	178	179	122	180	147	122	179	219	140	139	146	122	147	1	212	211	218	140	219	218	141	140	145	122	146	1	213	212	217	141	218	217	142	141	144	122	145	1	214	213	216	142	217	216	143	142	143	122	144	1	215	214	215	143	216	215	122	143	1	122	215	1	123	122	120	118	121
0	9	3	119	9	0
8	118	120	4	118	8	123	2	5	1	2	123	122	7	121	6	7	122
125	11	124	10	11	125
124	12	159	11	12	124
159	13	158	12	13	159
158	14	157	13	14	158
157	15	156	14	15	157
156	16	155	15	16	156
155	17	154	16	17	155	227	89	226	88	89	227
154	18	153	17	18	154
153	19	152	18	19	153	189	55	188	54	55	189
152	20	151	19	20	152	188	56	187	55	56	188	224	92	223	91	92	224
151	21	150	20	21	151
150	22	149	21	22	150
149	23	148	22	23	149
148	24	147	23	24	148
147	25	146	24	25	147
146	26	145	25	26	146
145	27	144	26	27	145
144	28	143	27	28	144	216	100	215	99	100	216
143	29	142	28	29	143	215	101	214	100	101	215
142	30	141	29	30	142
141	31	140	30	31	141
140	32	139	31	32	140
139	33	138	32	33	139
138	34	137	33	34	138
137	35	136	34	35	137
136	36	135	35	36	136
135	37	134	36	37	135	171	73	170	72	73	171	207	109	206	108	109	207
134	38	133	37	38	134	170	74	169	73	74	170
133	39	132	38	39	133
132	40	131	39	40	132
131	41	130	40	41	131
130	42	129	41	42	130
129	43	128	42	43	129
128	44	127	43	44	128
127	45	126	44	45	127
126	10	125	45	10	126
161	47	160	46	47	161
160	48	195	47	48	160
195	49	194	48	49	195
194	50	193	49	50	194
193	51	192	50	51	193
192	52	191	51	52	192
191	53	190	52	53	191
190	54	189	53	54	190
187	57	186	56	57	187
186	58	185	57	58	186
185	59	184	58	59	185
184	60	183	59	60	184
183	61	182	60	61	183
182	62	181	61	62	182
181	63	180	62	63	181
180	64	179	63	64	180
179	65	178	64	65	179
178	66	177	65	66	178
177	67	176	66	67	177
176	68	175	67	68	176
175	69	174	68	69	175
174	70	173	69	70	174
173	71	172	70	71	173
172	72	171	71	72	172
169	75	168	74	75	169
168	76	167	75	76	168
167	77	166	76	77	167
166	78	165	77	78	166
165	79	164	78	79	165
164	80	163	79	80	164
163	81	162	80	81	163
162	46	161	81	46	162
197	83	196	82	83	197
196	84	231	83	84	196
231	85	230	84	85	231
230	86	229	85	86	230
229	87	228	86	87	229
228	88	227	87	88	228
226	90	225	89	90	226
225	91	224	90	91	225
223	93	222	92	93	223
222	94	221	93	94	222
221	95	220	94	95	221
220	96	219	95	96	220
219	97	218	96	97	219
218	98	217	97	98	218
217	99	216	98	99	217
214	102	213	101	102	214
213	103	212	102	103	213
212	104	211	103	104	212
211	105	210	104	105	211
210	106	209	105	106	210
209	107	208	106	107	209
208	108	207	107	108	208
206	110	205	109	110	206
205	111	204	110	111	205
204	112	203	111	112	204
203	113	202	112	113	203
202	114	201	113	114	202
201	115	200	114	115	201
200	116	199	115	116	200
199	117	198	116	117	199
198	82	197	117	82	198

#	Normal	105
-0	-1	-0
1	0	0
-0	1	0
-1	0	0
-0	0	1
-0	-0	-1
-0	-0.0871453	-0.996196
-0	-0.258848	-0.965918
-0	-0.422596	-0.906318
-0	-0.573567	-0.819159
-0	-0.707076	-0.707138
-0	-0.819222	-0.573477
-0	-0.906337	-0.422557
-0	-0.965891	-0.258949
-0	-0.996195	-0.087148
0	-0.996195	0.087148
0	-0.965891	0.258949
0	-0.906337	0.422557
0	-0.819222	0.573477
0	-0.707076	0.707138
0	-0.573567	0.819159
0	-0.422596	0.906318
0	-0.258848	0.965918
0	-0.0871453	0.996196
0	0.0871453	0.996196
0	0.258848	0.965918
0	0.422596	0.906318
0	0.573567	0.819159
0	0.707076	0.707138
0	0.819222	0.573477
0	0.906241	0.422761
0	0.965953	0.258716
0	0.996195	0.087148
0	0.996195	-0.087148
0	0.965953	-0.258716
0	0.906241	-0.422761
0	0.819222	-0.573477
0	0.707076	-0.707138
0	0.573567	-0.819159
0	0.422596	-0.906318
0	0.258848	-0.965918
0	0.0871453	-0.996196
-0	-0.0871361	-0.996196
-0	-0.258866	-0.965913
-0	-0.42261	-0.906311
-0	-0.573558	-0.819165
-0	-0.707085	-0.707129
-0	-0.819234	-0.573459
-0	-0.906321	-0.422591
-0	-0.965892	-0.258946
0	-0.965892	0.258946
0	-0.906321	0.422591
0	-0.819234	0.573459
0	-0.707085	0.707129
0	-0.573558	0.819165
0	-0.42261	0.906311
0	-0.258866	0.965913
0	-0.0871361	0.996196
0	0.0871361	0.996196
0	0.258866	0.965913
0	0.42261	0.906311
0	0.573558	0.819165
0	0.707085	0.707129
0	0.819234	0.573459
0	0.906321	0.422591
0	0.965892	0.258946
0	0.965892	-0.258946
0	0.906321	-0.422591
0	0.819234	-0.573459
0	0.707085	-0.707129
0	0.573558	-0.819165
0	0.42261	-0.906311
0	0.258866	-0.965913
0	0.0871361	-0.996196
-0	-0.0871762	-0.996193
-0	-0.258819	-0.965926
-0	-0.422621	-0.906306
-0	-0.573546	-0.819173
-0	-0.707091	-0.707122
-0	-0.819094	-0.573659
-0	-0.965955	-0.258709
-0	-0.996195	-0.0871507
0	-0.965955	0.258709
0	-0.906331	0.422568
0	-0.819105	0.573644
0	-0.707091	0.707122
0	-0.573546	0.819173
0	-0.422621	0.906306
0	-0.258819	0.965926
0	0.258819	0.965926
0	0.422621	0.906306
0	0.573663	0.819091
0	0.707091	0.707122
0	0.819105	0.573644
0	0.906331	0.422568
0	0.965893	0.258941
0	0.996195	-0.0871507
0	0.965893	-0.258941
0	0.906337	-0.422557
0	0.819094	-0.573659
0	0.707091	-0.707122
0	0.573663	-0.819091
0	0.422621	-0.906306
0	0.258819	-0.965926
0	0.0871762	-0.996193

#	Mesh	0	End

