#	Mesh	0	Begin

#	Vertex	232
78718.3	18264.5	-50
78718.3	18264.5	4650
78918.3	18264.5	4650
78918.3	18264.5	-50
78918.3	25964.5	4650
78918.3	25964.5	-50
78918.3	18835	4130
78918.3	19935	4130
78918.3	19935	4550
78918.3	18835	4550
78918.3	25715.4	4016.98
78918.3	25720.8	4017.46
78918.3	25726.1	4018.88
78918.3	25731.1	4021.2
78918.3	25735.6	4024.35
78918.3	25739.5	4028.23
78918.3	25742.6	4032.73
78918.3	25745	4037.71
78918.3	25746.4	4043.01
78918.3	25746.9	4048.48
78918.3	25746.4	4053.95
78918.3	25745	4059.25
78918.3	25742.6	4064.23
78918.3	25739.5	4068.73
78918.3	25735.6	4072.61
78918.3	25731.1	4075.76
78918.3	25726.1	4078.08
78918.3	25720.8	4079.5
78918.3	25715.4	4079.98
78918.3	25709.9	4079.5
78918.3	25704.6	4078.08
78918.3	25699.6	4075.76
78918.3	25695.1	4072.61
78918.3	25691.2	4068.73
78918.3	25688.1	4064.23
78918.3	25685.8	4059.25
78918.3	25684.3	4053.95
78918.3	25683.9	4048.48
78918.3	25684.3	4043.01
78918.3	25685.8	4037.71
78918.3	25688.1	4032.73
78918.3	25691.2	4028.23
78918.3	25695.1	4024.35
78918.3	25699.6	4021.2
78918.3	25704.6	4018.88
78918.3	25709.9	4017.46
78918.3	25215.3	4015.95
78918.3	25220.8	4016.43
78918.3	25226.1	4017.85
78918.3	25231.1	4020.17
78918.3	25235.6	4023.32
78918.3	25239.5	4027.2
78918.3	25242.6	4031.7
78918.3	25244.9	4036.67
78918.3	25246.4	4041.98
78918.3	25246.8	4047.45
78918.3	25246.4	4052.92
78918.3	25244.9	4058.22
78918.3	25242.6	4063.2
78918.3	25239.5	4067.7
78918.3	25235.6	4071.58
78918.3	25231.1	4074.73
78918.3	25226.1	4077.05
78918.3	25220.8	4078.47
78918.3	25215.3	4078.95
78918.3	25209.9	4078.47
78918.3	25204.6	4077.05
78918.3	25199.6	4074.73
78918.3	25195.1	4071.58
78918.3	25191.2	4067.7
78918.3	25188.1	4063.2
78918.3	25185.7	4058.22
78918.3	25184.3	4052.92
78918.3	25183.8	4047.45
78918.3	25184.3	4041.98
78918.3	25185.7	4036.67
78918.3	25188.1	4031.7
78918.3	25191.2	4027.2
78918.3	25195.1	4023.32
78918.3	25199.6	4020.17
78918.3	25204.6	4017.85
78918.3	25209.9	4016.43
78918.3	25455.3	4016.48
78918.3	25460.8	4016.95
78918.3	25466.1	4018.37
78918.3	25471	4020.7
78918.3	25475.5	4023.84
78918.3	25479.4	4027.73
78918.3	25482.6	4032.23
78918.3	25484.9	4037.2
78918.3	25486.3	4042.51
78918.3	25486.8	4047.98
78918.3	25486.3	4053.44
78918.3	25484.9	4058.75
78918.3	25482.6	4063.73
78918.3	25479.4	4068.22
78918.3	25475.5	4072.11
78918.3	25471	4075.25
78918.3	25466.1	4077.58
78918.3	25460.8	4079
78918.3	25455.3	4079.48
78918.3	25449.8	4079
78918.3	25444.5	4077.58
78918.3	25439.5	4075.25
78918.3	25435	4072.11
78918.3	25431.2	4068.22
78918.3	25428	4063.73
78918.3	25425.7	4058.75
78918.3	25424.3	4053.44
78918.3	25423.8	4047.98
78918.3	25424.3	4042.51
78918.3	25425.7	4037.2
78918.3	25428	4032.23
78918.3	25431.2	4027.73
78918.3	25435	4023.84
78918.3	25439.5	4020.7
78918.3	25444.5	4018.37
78918.3	25449.8	4016.95
78718.3	25964.5	4650
78718.3	25964.5	-50
78718.3	19935	4130
78718.3	18835	4130
78718.3	18835	4550
78718.3	19935	4550
78718.3	25720.8	4017.46
78718.3	25715.4	4016.98
78718.3	25709.9	4017.46
78718.3	25704.6	4018.88
78718.3	25699.6	4021.2
78718.3	25695.1	4024.35
78718.3	25691.2	4028.23
78718.3	25688.1	4032.73
78718.3	25685.8	4037.71
78718.3	25684.3	4043.01
78718.3	25683.9	4048.48
78718.3	25684.3	4053.95
78718.3	25685.8	4059.25
78718.3	25688.1	4064.23
78718.3	25691.2	4068.73
78718.3	25695.1	4072.61
78718.3	25699.6	4075.76
78718.3	25704.6	4078.08
78718.3	25709.9	4079.5
78718.3	25715.4	4079.98
78718.3	25720.8	4079.5
78718.3	25726.1	4078.08
78718.3	25731.1	4075.76
78718.3	25735.6	4072.61
78718.3	25739.5	4068.73
78718.3	25742.6	4064.23
78718.3	25745	4059.25
78718.3	25746.4	4053.95
78718.3	25746.9	4048.48
78718.3	25746.4	4043.01
78718.3	25745	4037.71
78718.3	25742.6	4032.73
78718.3	25739.5	4028.23
78718.3	25735.6	4024.35
78718.3	25731.1	4021.2
78718.3	25726.1	4018.88
78718.3	25220.8	4016.43
78718.3	25215.3	4015.95
78718.3	25209.9	4016.43
78718.3	25204.6	4017.85
78718.3	25199.6	4020.17
78718.3	25195.1	4023.32
78718.3	25191.2	4027.2
78718.3	25188.1	4031.7
78718.3	25185.7	4036.67
78718.3	25184.3	4041.98
78718.3	25183.8	4047.45
78718.3	25184.3	4052.92
78718.3	25185.7	4058.22
78718.3	25188.1	4063.2
78718.3	25191.2	4067.7
78718.3	25195.1	4071.58
78718.3	25199.6	4074.73
78718.3	25204.6	4077.05
78718.3	25209.9	4078.47
78718.3	25215.3	4078.95
78718.3	25220.8	4078.47
78718.3	25226.1	4077.05
78718.3	25231.1	4074.73
78718.3	25235.6	4071.58
78718.3	25239.5	4067.7
78718.3	25242.6	4063.2
78718.3	25244.9	4058.22
78718.3	25246.4	4052.92
78718.3	25246.8	4047.45
78718.3	25246.4	4041.98
78718.3	25244.9	4036.67
78718.3	25242.6	4031.7
78718.3	25239.5	4027.2
78718.3	25235.6	4023.32
78718.3	25231.1	4020.17
78718.3	25226.1	4017.85
78718.3	25460.8	4016.95
78718.3	25455.3	4016.48
78718.3	25449.8	4016.95
78718.3	25444.5	4018.37
78718.3	25439.5	4020.7
78718.3	25435	4023.84
78718.3	25431.2	4027.73
78718.3	25428	4032.23
78718.3	25425.7	4037.2
78718.3	25424.3	4042.51
78718.3	25423.8	4047.98
78718.3	25424.3	4053.44
78718.3	25425.7	4058.75
78718.3	25428	4063.73
78718.3	25431.2	4068.22
78718.3	25435	4072.11
78718.3	25439.5	4075.25
78718.3	25444.5	4077.58
78718.3	25449.8	4079
78718.3	25455.3	4079.48
78718.3	25460.8	4079
78718.3	25466.1	4077.58
78718.3	25471	4075.25
78718.3	25475.5	4072.11
78718.3	25479.4	4068.22
78718.3	25482.6	4063.73
78718.3	25484.9	4058.75
78718.3	25486.3	4053.44
78718.3	25486.8	4047.98
78718.3	25486.3	4042.51
78718.3	25484.9	4037.2
78718.3	25482.6	4032.23
78718.3	25479.4	4027.73
78718.3	25475.5	4023.84
78718.3	25471	4020.7
78718.3	25466.1	4018.37

#	Triangle	74
0	2	1	3	2	0	120	8	123	7	8	120
4	17	5	17	16	5	16	15	5	15	14	5	14	13	5	13	12	5	12	11	5	11	10	5	10	83	5	83	82	5	82	47	5	47	46	5	46	3	5	46	81	3	81	7	3	7	6	3	6	2	3	82	48	47	80	7	81	117	48	82	10	84	83	116	48	117	45	84	10	44	84	45	116	49	48	79	7	80	44	85	84	115	49	116	43	85	44	115	50	49	78	7	79	43	86	85	114	50	115	42	86	43	114	51	50	77	7	78	42	87	86	113	51	114	41	87	42	113	52	51	76	7	77	41	88	87	112	52	113	40	88	41	112	53	52	75	7	76	40	89	88	111	53	112	39	89	40	111	54	53	74	7	75	39	90	89	110	54	111	4	18	17	38	90	39	110	55	54	73	7	74	38	91	90	109	55	110	4	19	18	37	91	38	109	56	55	72	7	73	37	92	91	108	56	109	4	20	19	36	92	37	108	57	56	71	7	72	36	93	92	107	57	108	4	21	20	35	93	36	107	58	57	70	7	71	35	94	93	106	58	107	4	22	21	34	94	35	106	59	58	69	7	70	34	95	94	105	59	106	4	23	22	33	95	34	105	60	59	68	7	69	33	96	95	104	60	105	4	24	23	32	96	33	104	61	60	67	7	68	32	97	96	103	61	104	4	25	24	31	97	32	103	62	61	66	7	67	31	98	97	102	62	103	4	26	25	30	98	31	102	63	62	65	7	66	30	99	98	101	63	102	4	27	26	29	99	30	101	64	63	64	7	65	101	7	64	29	100	99	100	7	101	29	7	100	4	28	27	28	7	29	4	7	28	4	8	7	9	2	6	4	9	8	4	2	9
5	118	4	119	118	5	122	6	121	9	6	122
1	121	0	121	119	0	121	161	119	161	160	119	160	197	119	197	196	119	196	125	119	125	124	119	124	159	119	159	158	119	158	157	119	157	156	119	156	155	119	155	154	119	154	118	119	121	162	161	121	163	162	195	197	160	195	198	197	195	199	198	231	125	196	231	126	125	231	127	126	121	164	163	194	199	195	194	200	199	230	127	231	230	128	127	121	165	164	193	200	194	193	201	200	229	128	230	229	129	128	121	166	165	192	201	193	192	202	201	228	129	229	228	130	129	121	167	166	191	202	192	191	203	202	227	130	228	227	131	130	121	168	167	190	203	191	190	204	203	226	131	227	226	132	131	121	169	168	189	204	190	189	205	204	225	132	226	225	133	132	153	118	154	121	170	169	188	205	189	188	206	205	224	133	225	224	134	133	152	118	153	121	171	170	187	206	188	187	207	206	223	134	224	223	135	134	151	118	152	121	172	171	186	207	187	186	208	207	222	135	223	222	136	135	150	118	151	121	173	172	185	208	186	185	209	208	221	136	222	221	137	136	149	118	150	121	174	173	184	209	185	184	210	209	220	137	221	220	138	137	148	118	149	121	175	174	183	210	184	183	211	210	219	138	220	219	139	138	147	118	148	121	176	175	182	211	183	182	212	211	218	139	219	218	140	139	146	118	147	121	177	176	181	212	182	181	213	212	217	140	218	217	141	140	145	118	146	121	178	177	180	213	181	180	214	213	216	141	217	216	142	141	144	118	145	121	179	178	179	214	180	121	214	179	121	215	214	215	142	216	121	142	215	121	143	142	143	118	144	121	120	143	120	118	143	1	122	121	123	118	120	1	123	122	1	118	123
0	5	3	119	5	0	123	9	122	8	9	123
2	118	1	4	118	2	121	7	120	6	7	121
125	11	124	10	11	125
124	12	159	11	12	124
159	13	158	12	13	159	231	85	230	84	85	231
158	14	157	13	14	158	194	50	193	49	50	194	230	86	229	85	86	230
157	15	156	14	15	157
156	16	155	15	16	156
155	17	154	16	17	155	227	89	226	88	89	227
154	18	153	17	18	154	190	54	189	53	54	190	226	90	225	89	90	226
153	19	152	18	19	153	225	91	224	90	91	225
152	20	151	19	20	152	188	56	187	55	56	188
151	21	150	20	21	151	187	57	186	56	57	187	223	93	222	92	93	223
150	22	149	21	22	150	186	58	185	57	58	186
149	23	148	22	23	149
148	24	147	23	24	148
147	25	146	24	25	147	183	61	182	60	61	183	219	97	218	96	97	219
146	26	145	25	26	146	218	98	217	97	98	218
145	27	144	26	27	145
144	28	143	27	28	144
143	29	142	28	29	143	179	65	178	64	65	179
142	30	141	29	30	142	178	66	177	65	66	178
141	31	140	30	31	141	213	103	212	102	103	213
140	32	139	31	32	140	176	68	175	67	68	176	212	104	211	103	104	212
139	33	138	32	33	139	211	105	210	104	105	211
138	34	137	33	34	138
137	35	136	34	35	137	173	71	172	70	71	173
136	36	135	35	36	136
135	37	134	36	37	135	171	73	170	72	73	171
134	38	133	37	38	134	206	110	205	109	110	206
133	39	132	38	39	133
132	40	131	39	40	132	204	112	203	111	112	204
131	41	130	40	41	131
130	42	129	41	42	130	166	78	165	77	78	166	202	114	201	113	114	202
129	43	128	42	43	129	165	79	164	78	79	165	201	115	200	114	115	201
128	44	127	43	44	128	200	116	199	115	116	200
127	45	126	44	45	127	163	81	162	80	81	163	199	117	198	116	117	199
126	10	125	45	10	126	198	82	197	117	82	198
161	47	160	46	47	161
160	48	195	47	48	160	196	84	231	83	84	196
195	49	194	48	49	195
193	51	192	50	51	193	229	87	228	86	87	229
192	52	191	51	52	192	228	88	227	87	88	228
191	53	190	52	53	191
189	55	188	54	55	189
185	59	184	58	59	185	221	95	220	94	95	221
184	60	183	59	60	184
182	62	181	61	62	182
181	63	180	62	63	181
180	64	179	63	64	180
177	67	176	66	67	177
175	69	174	68	69	175
174	70	173	69	70	174	210	106	209	105	106	210
172	72	171	71	72	172	208	108	207	107	108	208
170	74	169	73	74	170
169	75	168	74	75	169	205	111	204	110	111	205
168	76	167	75	76	168
167	77	166	76	77	167	203	113	202	112	113	203
164	80	163	79	80	164
162	46	161	81	46	162
197	83	196	82	83	197
224	92	223	91	92	224
222	94	221	93	94	222
220	96	219	95	96	220
217	99	216	98	99	217
216	100	215	99	100	216
215	101	214	100	101	215
214	102	213	101	102	214
209	107	208	106	107	209
207	109	206	108	109	207

#	Normal	74
-0	1	0
-1	0	0
-0	-1	-0
1	0	0
0	-0	1
0	0	-1
0	0.087167	-0.996194
0	0.258778	-0.965937
0	0.42261	-0.906311
0	0.573558	-0.819165
0	0.707262	-0.706951
0	0.819067	-0.573698
0	0.906321	-0.422591
0	0.965892	-0.258946
0	0.996195	-0.0871476
-0	0.996195	0.0871476
-0	0.965892	0.258946
-0	0.906321	0.422591
-0	0.819067	0.573698
-0	0.707262	0.706951
-0	0.573558	0.819165
-0	0.42261	0.906311
-0	0.258778	0.965937
-0	0.087167	0.996194
0	-0.0871361	0.996196
0	-0.258866	0.965913
0	-0.42261	0.906311
0	-0.573558	0.819165
0	-0.707085	0.707129
0	-0.819067	0.573698
0	-0.906321	0.422591
0	-0.965981	0.258615
0	-0.996195	0.0871476
0	-0.996195	-0.0871476
0	-0.965981	-0.258615
0	-0.906321	-0.422591
0	-0.819067	-0.573698
0	-0.707085	-0.707129
0	-0.573558	-0.819165
0	-0.42261	-0.906311
0	-0.258866	-0.965913
0	-0.0871361	-0.996196
0	0.0871802	-0.996193
0	0.258866	-0.965913
0	0.422574	-0.906328
0	0.707085	-0.707129
0	0.819234	-0.573459
0	0.906328	-0.422574
0	0.996195	-0.0871515
-0	0.819234	0.573459
-0	0.707107	0.707107
-0	0.422574	0.906328
-0	0.258866	0.965913
-0	0.0871361	0.996196
0	-0.422574	0.906328
0	-0.707107	0.707107
0	-0.819234	0.573459
0	-0.965892	0.258946
0	-0.996195	-0.0871515
0	-0.965892	-0.258946
0	-0.906328	-0.422574
0	-0.819234	-0.573459
0	-0.422574	-0.906328
0	-0.0871802	-0.996193
0	0.0871361	-0.996196
-0	0.996195	0.0871515
-0	0.906328	0.422574
-0	0.707085	0.707129
-0	0.258825	0.965924
-0	0.0871802	0.996193
0	-0.0871802	0.996193
0	-0.258825	0.965924
0	-0.906328	0.422574
0	-0.996195	0.0871515

#	Mesh	0	End

