#	Mesh	0	Begin

#	Vertex	240
74318.3	9364.53	-50
74318.3	9364.53	5230
74318.3	9164.53	5230
74318.3	9164.53	-50
78468.3	9164.53	5230
78468.3	9164.53	-50
78468.3	9164.53	1900
77768.3	9336.6	1900
77768.3	9164.53	1900
77768.3	9336.6	100
77768.3	9164.53	100
78468.3	9336.6	100
78468.3	9164.53	100
77268.3	9164.53	2100
75768.3	9164.53	2100
75768.3	9164.53	0
77268.3	9164.53	0
77741.5	9164.53	4175
77745.9	9164.53	4175.38
77750.1	9164.53	4176.51
77754	9164.53	4178.35
77757.6	9164.53	4180.85
77760.7	9164.53	4183.93
77763.2	9164.53	4187.5
77765	9164.53	4191.45
77766.1	9164.53	4195.66
77766.5	9164.53	4200
77766.1	9164.53	4204.34
77765	9164.53	4208.55
77763.2	9164.53	4212.5
77760.7	9164.53	4216.07
77757.6	9164.53	4219.15
77754	9164.53	4221.65
77750.1	9164.53	4223.49
77745.9	9164.53	4224.62
77741.5	9164.53	4225
77737.2	9164.53	4224.62
77733	9164.53	4223.49
77729	9164.53	4221.65
77725.4	9164.53	4219.15
77722.4	9164.53	4216.07
77719.9	9164.53	4212.5
77718	9164.53	4208.55
77716.9	9164.53	4204.34
77716.5	9164.53	4200
77716.9	9164.53	4195.66
77718	9164.53	4191.45
77719.9	9164.53	4187.5
77722.4	9164.53	4183.93
77725.4	9164.53	4180.85
77729	9164.53	4178.35
77733	9164.53	4176.51
77737.2	9164.53	4175.38
77926.3	9164.53	4168.5
77931.8	9164.53	4168.98
77937.1	9164.53	4170.4
77942.1	9164.53	4172.72
77946.6	9164.53	4175.87
77950.4	9164.53	4179.75
77953.6	9164.53	4184.25
77955.9	9164.53	4189.23
77957.3	9164.53	4194.53
77957.8	9164.53	4200
77957.3	9164.53	4205.47
77955.9	9164.53	4210.77
77953.6	9164.53	4215.75
77950.4	9164.53	4220.25
77946.6	9164.53	4224.13
77942.1	9164.53	4227.28
77937.1	9164.53	4229.6
77931.8	9164.53	4231.02
77926.3	9164.53	4231.5
77920.8	9164.53	4231.02
77915.5	9164.53	4229.6
77910.6	9164.53	4227.28
77906.1	9164.53	4224.13
77902.2	9164.53	4220.25
77899	9164.53	4215.75
77896.7	9164.53	4210.77
77895.3	9164.53	4205.47
77894.8	9164.53	4200
77895.3	9164.53	4194.53
77896.7	9164.53	4189.23
77899	9164.53	4184.25
77902.2	9164.53	4179.75
77906.1	9164.53	4175.87
77910.6	9164.53	4172.72
77915.5	9164.53	4170.4
77920.8	9164.53	4168.98
78108.1	9164.53	4168.5
78113.6	9164.53	4168.98
78118.9	9164.53	4170.4
78123.8	9164.53	4172.72
78128.3	9164.53	4175.87
78132.2	9164.53	4179.75
78135.4	9164.53	4184.25
78137.7	9164.53	4189.23
78139.1	9164.53	4194.53
78139.6	9164.53	4200
78139.1	9164.53	4205.47
78137.7	9164.53	4210.77
78135.4	9164.53	4215.75
78132.2	9164.53	4220.25
78128.3	9164.53	4224.13
78123.8	9164.53	4227.28
78118.9	9164.53	4229.6
78113.6	9164.53	4231.02
78108.1	9164.53	4231.5
78102.6	9164.53	4231.02
78097.3	9164.53	4229.6
78092.3	9164.53	4227.28
78087.8	9164.53	4224.13
78084	9164.53	4220.25
78080.8	9164.53	4215.75
78078.5	9164.53	4210.77
78077.1	9164.53	4205.47
78076.6	9164.53	4200
78077.1	9164.53	4194.53
78078.5	9164.53	4189.23
78080.8	9164.53	4184.25
78084	9164.53	4179.75
78087.8	9164.53	4175.87
78092.3	9164.53	4172.72
78097.3	9164.53	4170.4
78102.6	9164.53	4168.98
78468.3	9336.6	1900
78468.3	9364.53	5230
78468.3	9364.53	-50
75768.3	9364.53	2100
77268.3	9364.53	2100
77268.3	9364.53	0
75768.3	9364.53	0
77745.9	9364.53	4175.38
77741.5	9364.53	4175
77737.2	9364.53	4175.38
77733	9364.53	4176.51
77729	9364.53	4178.35
77725.4	9364.53	4180.85
77722.4	9364.53	4183.93
77719.9	9364.53	4187.5
77718	9364.53	4191.45
77716.9	9364.53	4195.66
77716.5	9364.53	4200
77716.9	9364.53	4204.34
77718	9364.53	4208.55
77719.9	9364.53	4212.5
77722.4	9364.53	4216.07
77725.4	9364.53	4219.15
77729	9364.53	4221.65
77733	9364.53	4223.49
77737.2	9364.53	4224.62
77741.5	9364.53	4225
77745.9	9364.53	4224.62
77750.1	9364.53	4223.49
77754	9364.53	4221.65
77757.6	9364.53	4219.15
77760.7	9364.53	4216.07
77763.2	9364.53	4212.5
77765	9364.53	4208.55
77766.1	9364.53	4204.34
77766.5	9364.53	4200
77766.1	9364.53	4195.66
77765	9364.53	4191.45
77763.2	9364.53	4187.5
77760.7	9364.53	4183.93
77757.6	9364.53	4180.85
77754	9364.53	4178.35
77750.1	9364.53	4176.51
77931.8	9364.53	4168.98
77926.3	9364.53	4168.5
77920.8	9364.53	4168.98
77915.5	9364.53	4170.4
77910.6	9364.53	4172.72
77906.1	9364.53	4175.87
77902.2	9364.53	4179.75
77899	9364.53	4184.25
77896.7	9364.53	4189.23
77895.3	9364.53	4194.53
77894.8	9364.53	4200
77895.3	9364.53	4205.47
77896.7	9364.53	4210.77
77899	9364.53	4215.75
77902.2	9364.53	4220.25
77906.1	9364.53	4224.13
77910.6	9364.53	4227.28
77915.5	9364.53	4229.6
77920.8	9364.53	4231.02
77926.3	9364.53	4231.5
77931.8	9364.53	4231.02
77937.1	9364.53	4229.6
77942.1	9364.53	4227.28
77946.6	9364.53	4224.13
77950.4	9364.53	4220.25
77953.6	9364.53	4215.75
77955.9	9364.53	4210.77
77957.3	9364.53	4205.47
77957.8	9364.53	4200
77957.3	9364.53	4194.53
77955.9	9364.53	4189.23
77953.6	9364.53	4184.25
77950.4	9364.53	4179.75
77946.6	9364.53	4175.87
77942.1	9364.53	4172.72
77937.1	9364.53	4170.4
78113.6	9364.53	4168.98
78108.1	9364.53	4168.5
78102.6	9364.53	4168.98
78097.3	9364.53	4170.4
78092.3	9364.53	4172.72
78087.8	9364.53	4175.87
78084	9364.53	4179.75
78080.8	9364.53	4184.25
78078.5	9364.53	4189.23
78077.1	9364.53	4194.53
78076.6	9364.53	4200
78077.1	9364.53	4205.47
78078.5	9364.53	4210.77
78080.8	9364.53	4215.75
78084	9364.53	4220.25
78087.8	9364.53	4224.13
78092.3	9364.53	4227.28
78097.3	9364.53	4229.6
78102.6	9364.53	4231.02
78108.1	9364.53	4231.5
78113.6	9364.53	4231.02
78118.9	9364.53	4229.6
78123.8	9364.53	4227.28
78128.3	9364.53	4224.13
78132.2	9364.53	4220.25
78135.4	9364.53	4215.75
78137.7	9364.53	4210.77
78139.1	9364.53	4205.47
78139.6	9364.53	4200
78139.1	9364.53	4194.53
78137.7	9364.53	4189.23
78135.4	9364.53	4184.25
78132.2	9364.53	4179.75
78128.3	9364.53	4175.87
78123.8	9364.53	4172.72
78118.9	9364.53	4170.4

#	Triangle	78
0	2	1	3	2	0	129	16	13	130	16	129
12	16	5	16	3	5	16	15	3	15	2	3	12	10	16	10	13	16	14	2	15	8	13	10	4	8	6	4	96	8	96	95	8	95	94	8	94	93	8	93	92	8	92	91	8	91	90	8	90	89	8	89	13	8	89	14	13	89	53	14	53	88	14	88	87	14	87	17	14	17	52	14	52	51	14	51	2	14	124	53	89	124	54	53	123	54	124	123	55	54	122	55	123	122	56	55	86	17	87	121	56	122	121	57	56	85	17	86	85	18	17	85	19	18	120	57	121	120	58	57	84	19	85	84	20	19	50	2	51	84	21	20	49	2	50	119	58	120	119	59	58	83	21	84	83	22	21	48	2	49	83	23	22	47	2	48	118	59	119	118	60	59	82	23	83	82	24	23	46	2	47	4	97	96	117	60	118	117	61	60	81	24	82	81	25	24	45	2	46	4	98	97	116	61	117	116	62	61	80	25	81	80	26	25	44	2	45	4	99	98	115	62	116	115	63	62	79	26	80	79	27	26	43	2	44	79	28	27	42	2	43	4	100	99	114	63	115	114	64	63	78	28	79	78	29	28	41	2	42	4	101	100	113	64	114	113	65	64	77	29	78	77	30	29	40	2	41	4	102	101	112	65	113	112	66	65	76	30	77	76	31	30	39	2	40	76	32	31	38	2	39	4	103	102	111	66	112	111	67	66	75	32	76	75	33	32	37	2	38	75	34	33	36	2	37	4	104	103	110	67	111	110	68	67	74	34	75	74	35	34	35	2	36	74	2	35	4	105	104	109	68	110	109	69	68	73	2	74	4	106	105	108	69	109	108	70	69	72	2	73	4	107	106	107	70	108	107	71	70	71	2	72	4	71	107	4	2	71	11	7	9	125	7	11
126	11	127	11	5	127	11	12	5	126	125	11	126	6	125	126	4	6	7	10	9	8	10	7	131	14	15	128	14	131
1	131	0	131	127	0	131	130	127	130	126	127	1	128	131	129	205	130	205	204	130	204	239	130	239	238	130	238	237	130	237	236	130	236	235	130	235	234	130	234	126	130	1	129	128	1	135	129	135	134	129	134	133	129	133	171	129	171	170	129	170	169	129	169	205	129	168	205	169	168	206	205	203	206	168	203	207	206	133	172	171	202	207	203	202	208	207	133	173	172	201	208	202	201	209	208	132	173	133	167	173	132	167	174	173	200	209	201	200	210	209	1	136	135	166	174	167	1	137	136	165	174	166	165	175	174	199	210	200	199	211	210	1	138	137	164	175	165	1	139	138	163	175	164	163	176	175	198	211	199	198	212	211	1	140	139	162	176	163	162	177	176	197	212	198	197	213	212	233	126	234	1	141	140	161	177	162	161	178	177	196	213	197	196	214	213	232	126	233	1	142	141	160	178	161	1	143	142	159	178	160	159	179	178	195	214	196	195	215	214	231	126	232	1	144	143	158	179	159	158	180	179	194	215	195	194	216	215	230	126	231	1	145	144	157	180	158	157	181	180	193	216	194	193	217	216	229	126	230	1	146	145	156	181	157	156	182	181	192	217	193	192	218	217	228	126	229	1	147	146	155	182	156	1	148	147	154	182	155	154	183	182	191	218	192	191	219	218	227	126	228	1	149	148	153	183	154	1	150	149	152	183	153	152	184	183	190	219	191	190	220	219	226	126	227	1	151	150	151	184	152	1	184	151	1	185	184	189	220	190	189	221	220	225	126	226	1	186	185	188	221	189	188	222	221	224	126	225	1	187	186	187	222	188	187	223	222	223	126	224	1	223	187	1	126	223
0	5	3	127	5	0	125	8	7	6	8	125	128	13	14	129	13	128
2	126	1	4	126	2	9	12	11	10	12	9	130	15	16	131	15	130
133	18	132	17	18	133
132	19	167	18	19	132
167	20	166	19	20	167
166	21	165	20	21	166
165	22	164	21	22	165
164	23	163	22	23	164
163	24	162	23	24	163
162	25	161	24	25	162
161	26	160	25	26	161
160	27	159	26	27	160
159	28	158	27	28	159
158	29	157	28	29	158
157	30	156	29	30	157
156	31	155	30	31	156
155	32	154	31	32	155
154	33	153	32	33	154
153	34	152	33	34	153
152	35	151	34	35	152
151	36	150	35	36	151
150	37	149	36	37	150
149	38	148	37	38	149
148	39	147	38	39	148
147	40	146	39	40	147
146	41	145	40	41	146
145	42	144	41	42	145
144	43	143	42	43	144
143	44	142	43	44	143
142	45	141	44	45	142
141	46	140	45	46	141
140	47	139	46	47	140
139	48	138	47	48	139
138	49	137	48	49	138
137	50	136	49	50	137
136	51	135	50	51	136
135	52	134	51	52	135
134	17	133	52	17	134
169	54	168	53	54	169	205	90	204	89	90	205
168	55	203	54	55	168	204	91	239	90	91	204
203	56	202	55	56	203	239	92	238	91	92	239
202	57	201	56	57	202	238	93	237	92	93	238
201	58	200	57	58	201	237	94	236	93	94	237
200	59	199	58	59	200	236	95	235	94	95	236
199	60	198	59	60	199	235	96	234	95	96	235
198	61	197	60	61	198	234	97	233	96	97	234
197	62	196	61	62	197	233	98	232	97	98	233
196	63	195	62	63	196	232	99	231	98	99	232
195	64	194	63	64	195	231	100	230	99	100	231
194	65	193	64	65	194	230	101	229	100	101	230
193	66	192	65	66	193	229	102	228	101	102	229
192	67	191	66	67	192	228	103	227	102	103	228
191	68	190	67	68	191	227	104	226	103	104	227
190	69	189	68	69	190	226	105	225	104	105	226
189	70	188	69	70	189	225	106	224	105	106	225
188	71	187	70	71	188	224	107	223	106	107	224
187	72	186	71	72	187	223	108	222	107	108	223
186	73	185	72	73	186	222	109	221	108	109	222
185	74	184	73	74	185	221	110	220	109	110	221
184	75	183	74	75	184	220	111	219	110	111	220
183	76	182	75	76	183	219	112	218	111	112	219
182	77	181	76	77	182	218	113	217	112	113	218
181	78	180	77	78	181	217	114	216	113	114	217
180	79	179	78	79	180	216	115	215	114	115	216
179	80	178	79	80	179	215	116	214	115	116	215
178	81	177	80	81	178	214	117	213	116	117	214
177	82	176	81	82	177	213	118	212	117	118	213
176	83	175	82	83	176	212	119	211	118	119	212
175	84	174	83	84	175	211	120	210	119	120	211
174	85	173	84	85	174	210	121	209	120	121	210
173	86	172	85	86	173	209	122	208	121	122	209
172	87	171	86	87	172	208	123	207	122	123	208
171	88	170	87	88	171	207	124	206	123	124	207
170	53	169	88	53	170	206	89	205	124	89	206

#	Normal	78
1	0	0
0	1	-0
-1	0	0
0	-1	0
0	0	1
0	0	-1
0.0871225	0	-0.996198
0.258736	0	-0.965948
0.422916	0	-0.906169
0.573583	0	-0.819148
0.706547	0	-0.707666
0.819953	0	-0.572431
0.906134	0	-0.42299
0.965637	0	-0.259893
0.99629	0	-0.086059
0.99629	0	0.086059
0.965637	0	0.259893
0.906134	0	0.42299
0.819953	0	0.572431
0.706547	0	0.707666
0.573583	0	0.819148
0.422916	0	0.906169
0.258736	0	0.965948
0.0871225	0	0.996198
-0.0872783	0	0.996184
-0.258736	0	0.965948
-0.422229	0	0.906489
-0.573583	0	0.819148
-0.707443	0	0.70677
-0.819111	0	0.573635
-0.906134	0	0.42299
-0.966086	0	0.258221
-0.996135	0	0.0878382
-0.996135	-0	-0.0878382
-0.966086	-0	-0.258221
-0.906134	-0	-0.42299
-0.819111	-0	-0.573635
-0.707443	-0	-0.70677
-0.573583	-0	-0.819148
-0.422229	-0	-0.906489
-0.258736	-0	-0.965948
-0.0872783	-0	-0.996184
0.087167	0	-0.996194
0.258819	0	-0.965926
0.422574	0	-0.906328
0.573391	0	-0.819282
0.707062	0	-0.707151
0.819249	0	-0.573438
0.906328	0	-0.422574
0.965892	0	-0.258946
0.996226	0	-0.0867985
0.996226	0	0.0867985
0.965892	0	0.258946
0.906328	0	0.422574
0.819249	0	0.573438
0.707062	0	0.707151
0.573391	0	0.819282
0.422574	0	0.906328
0.258819	0	0.965926
0.087167	0	0.996194
-0.087167	0	0.996194
-0.258819	0	0.965926
-0.422574	0	0.906328
-0.573391	0	0.819282
-0.707062	0	0.707151
-0.819249	0	0.573438
-0.906328	0	0.422574
-0.965892	0	0.258946
-0.996226	0	0.0867985
-0.996226	-0	-0.0867985
-0.965892	-0	-0.258946
-0.906328	-0	-0.422574
-0.819249	-0	-0.573438
-0.707062	-0	-0.707151
-0.573391	-0	-0.819282
-0.422574	-0	-0.906328
-0.258819	-0	-0.965926
-0.087167	-0	-0.996194

#	Mesh	0	End

