#	Mesh	0	Begin

#	Vertex	232
74518.3	17814.5	-50
74518.3	17814.5	5230
74318.3	17814.5	5230
74318.3	17814.5	-50
74318.3	9364.53	5230
74318.3	9364.53	-50
74318.3	16214.5	2100
74318.3	17714.5	2100
74318.3	17714.5	0
74318.3	16214.5	0
74318.3	12366.8	3825.27
74318.3	12360.3	3825.84
74318.3	12354	3827.54
74318.3	12348	3830.3
74318.3	12342.7	3834.05
74318.3	12338	3838.67
74318.3	12334.3	3844.02
74318.3	12331.5	3849.95
74318.3	12329.8	3856.26
74318.3	12329.3	3862.77
74318.3	12329.8	3869.29
74318.3	12331.5	3875.6
74318.3	12334.3	3881.52
74318.3	12338	3886.88
74318.3	12342.7	3891.5
74318.3	12348	3895.25
74318.3	12354	3898.01
74318.3	12360.3	3899.7
74318.3	12366.8	3900.27
74318.3	12373.3	3899.7
74318.3	12379.6	3898.01
74318.3	12385.5	3895.25
74318.3	12390.9	3891.5
74318.3	12395.5	3886.88
74318.3	12399.3	3881.52
74318.3	12402	3875.6
74318.3	12403.7	3869.29
74318.3	12404.3	3862.77
74318.3	12403.7	3856.26
74318.3	12402	3849.95
74318.3	12399.3	3844.02
74318.3	12395.5	3838.67
74318.3	12390.9	3834.05
74318.3	12385.5	3830.3
74318.3	12379.6	3827.54
74318.3	12373.3	3825.84
74318.3	12708.6	3823.28
74318.3	12702.1	3823.85
74318.3	12695.8	3825.54
74318.3	12689.9	3828.3
74318.3	12684.5	3832.05
74318.3	12679.9	3836.67
74318.3	12676.2	3842.03
74318.3	12673.4	3847.95
74318.3	12671.7	3854.26
74318.3	12671.1	3860.78
74318.3	12671.7	3867.29
74318.3	12673.4	3873.6
74318.3	12676.2	3879.53
74318.3	12679.9	3884.88
74318.3	12684.5	3889.5
74318.3	12689.9	3893.25
74318.3	12695.8	3896.01
74318.3	12702.1	3897.71
74318.3	12708.6	3898.28
74318.3	12715.1	3897.71
74318.3	12721.5	3896.01
74318.3	12727.4	3893.25
74318.3	12732.7	3889.5
74318.3	12737.4	3884.88
74318.3	12741.1	3879.53
74318.3	12743.9	3873.6
74318.3	12745.6	3867.29
74318.3	12746.1	3860.78
74318.3	12745.6	3854.26
74318.3	12743.9	3847.95
74318.3	12741.1	3842.03
74318.3	12737.4	3836.67
74318.3	12732.7	3832.05
74318.3	12727.4	3828.3
74318.3	12721.5	3825.54
74318.3	12715.1	3823.85
74318.3	12973.9	3829.96
74318.3	12968.5	3830.44
74318.3	12963.2	3831.86
74318.3	12958.2	3834.18
74318.3	12953.7	3837.33
74318.3	12949.8	3841.22
74318.3	12946.7	3845.71
74318.3	12944.3	3850.69
74318.3	12942.9	3855.99
74318.3	12942.4	3861.46
74318.3	12942.9	3866.93
74318.3	12944.3	3872.24
74318.3	12946.7	3877.21
74318.3	12949.8	3881.71
74318.3	12953.7	3885.59
74318.3	12958.2	3888.74
74318.3	12963.2	3891.06
74318.3	12968.5	3892.49
74318.3	12973.9	3892.96
74318.3	12979.4	3892.49
74318.3	12984.7	3891.06
74318.3	12989.7	3888.74
74318.3	12994.2	3885.59
74318.3	12998.1	3881.71
74318.3	13001.2	3877.21
74318.3	13003.5	3872.24
74318.3	13005	3866.93
74318.3	13005.4	3861.46
74318.3	13005	3855.99
74318.3	13003.5	3850.69
74318.3	13001.2	3845.71
74318.3	12998.1	3841.22
74318.3	12994.2	3837.33
74318.3	12989.7	3834.18
74318.3	12984.7	3831.86
74318.3	12979.4	3830.44
74518.3	9364.53	5230
74518.3	9364.53	-50
74518.3	17714.5	2100
74518.3	16214.5	2100
74518.3	16214.5	0
74518.3	17714.5	0
74518.3	12360.3	3825.84
74518.3	12366.8	3825.27
74518.3	12373.3	3825.84
74518.3	12379.6	3827.54
74518.3	12385.5	3830.3
74518.3	12390.9	3834.05
74518.3	12395.5	3838.67
74518.3	12399.3	3844.02
74518.3	12402	3849.95
74518.3	12403.7	3856.26
74518.3	12404.3	3862.77
74518.3	12403.7	3869.29
74518.3	12402	3875.6
74518.3	12399.3	3881.52
74518.3	12395.5	3886.88
74518.3	12390.9	3891.5
74518.3	12385.5	3895.25
74518.3	12379.6	3898.01
74518.3	12373.3	3899.7
74518.3	12366.8	3900.27
74518.3	12360.3	3899.7
74518.3	12354	3898.01
74518.3	12348	3895.25
74518.3	12342.7	3891.5
74518.3	12338	3886.88
74518.3	12334.3	3881.52
74518.3	12331.5	3875.6
74518.3	12329.8	3869.29
74518.3	12329.3	3862.77
74518.3	12329.8	3856.26
74518.3	12331.5	3849.95
74518.3	12334.3	3844.02
74518.3	12338	3838.67
74518.3	12342.7	3834.05
74518.3	12348	3830.3
74518.3	12354	3827.54
74518.3	12702.1	3823.85
74518.3	12708.6	3823.28
74518.3	12715.1	3823.85
74518.3	12721.5	3825.54
74518.3	12727.4	3828.3
74518.3	12732.7	3832.05
74518.3	12737.4	3836.67
74518.3	12741.1	3842.03
74518.3	12743.9	3847.95
74518.3	12745.6	3854.26
74518.3	12746.1	3860.78
74518.3	12745.6	3867.29
74518.3	12743.9	3873.6
74518.3	12741.1	3879.53
74518.3	12737.4	3884.88
74518.3	12732.7	3889.5
74518.3	12727.4	3893.25
74518.3	12721.5	3896.01
74518.3	12715.1	3897.71
74518.3	12708.6	3898.28
74518.3	12702.1	3897.71
74518.3	12695.8	3896.01
74518.3	12689.9	3893.25
74518.3	12684.5	3889.5
74518.3	12679.9	3884.88
74518.3	12676.2	3879.53
74518.3	12673.4	3873.6
74518.3	12671.7	3867.29
74518.3	12671.1	3860.78
74518.3	12671.7	3854.26
74518.3	12673.4	3847.95
74518.3	12676.2	3842.03
74518.3	12679.9	3836.67
74518.3	12684.5	3832.05
74518.3	12689.9	3828.3
74518.3	12695.8	3825.54
74518.3	12968.5	3830.44
74518.3	12973.9	3829.96
74518.3	12979.4	3830.44
74518.3	12984.7	3831.86
74518.3	12989.7	3834.18
74518.3	12994.2	3837.33
74518.3	12998.1	3841.22
74518.3	13001.2	3845.71
74518.3	13003.5	3850.69
74518.3	13005	3855.99
74518.3	13005.4	3861.46
74518.3	13005	3866.93
74518.3	13003.5	3872.24
74518.3	13001.2	3877.21
74518.3	12998.1	3881.71
74518.3	12994.2	3885.59
74518.3	12989.7	3888.74
74518.3	12984.7	3891.06
74518.3	12979.4	3892.49
74518.3	12973.9	3892.96
74518.3	12968.5	3892.49
74518.3	12963.2	3891.06
74518.3	12958.2	3888.74
74518.3	12953.7	3885.59
74518.3	12949.8	3881.71
74518.3	12946.7	3877.21
74518.3	12944.3	3872.24
74518.3	12942.9	3866.93
74518.3	12942.4	3861.46
74518.3	12942.9	3855.99
74518.3	12944.3	3850.69
74518.3	12946.7	3845.71
74518.3	12949.8	3841.22
74518.3	12953.7	3837.33
74518.3	12958.2	3834.18
74518.3	12963.2	3831.86

#	Triangle	88
0	2	1	3	2	0	121	9	6	122	9	121
4	9	5	9	3	5	9	8	3	8	2	3	4	13	9	13	12	9	12	11	9	11	10	9	10	6	9	7	2	8	10	7	6	10	46	7	46	81	7	81	80	7	80	82	7	82	117	7	117	116	7	116	2	7	10	47	46	10	48	47	45	48	10	45	49	48	79	82	80	44	49	45	43	49	44	43	50	49	78	82	79	78	83	82	4	14	13	42	50	43	78	84	83	78	85	84	115	2	116	42	51	50	77	85	78	4	15	14	41	51	42	77	86	85	114	2	115	41	52	51	76	86	77	76	87	86	113	2	114	4	16	15	40	52	41	76	88	87	112	2	113	40	53	52	75	88	76	4	17	16	39	53	40	75	89	88	111	2	112	39	54	53	74	89	75	4	18	17	38	54	39	74	90	89	110	2	111	38	55	54	73	90	74	73	91	90	109	2	110	4	19	18	37	55	38	37	56	55	72	91	73	72	92	91	108	2	109	4	20	19	36	56	37	72	93	92	107	2	108	36	57	56	71	93	72	4	21	20	35	57	36	71	94	93	106	2	107	35	58	57	70	94	71	4	22	21	34	58	35	70	95	94	105	2	106	34	59	58	69	95	70	4	23	22	33	59	34	69	96	95	104	2	105	33	60	59	68	96	69	68	97	96	103	2	104	4	24	23	32	60	33	68	98	97	102	2	103	32	61	60	67	98	68	67	99	98	101	2	102	4	25	24	31	61	32	67	100	99	100	2	101	67	2	100	31	62	61	66	2	67	4	26	25	30	62	31	30	63	62	65	2	66	30	64	63	64	2	65	4	27	26	29	64	30	29	2	64	4	28	27	28	2	29	4	2	28
5	118	4	119	118	5	123	7	8	120	7	123
1	123	0	123	119	0	123	122	119	122	118	119	1	120	123	121	125	122	125	124	122	124	159	122	159	158	122	158	118	122	1	121	120	1	199	121	199	198	121	198	197	121	197	163	121	163	162	121	162	161	121	161	125	121	160	125	161	195	125	160	195	126	125	197	164	163	194	126	195	194	127	126	194	128	127	197	165	164	193	128	194	196	165	197	193	129	128	157	118	158	231	165	196	1	200	199	230	165	231	230	166	165	192	129	193	192	130	129	156	118	157	1	201	200	229	166	230	229	167	166	191	130	192	1	202	201	228	167	229	191	131	130	155	118	156	1	203	202	227	167	228	227	168	167	190	131	191	190	132	131	154	118	155	1	204	203	226	168	227	226	169	168	189	132	190	189	133	132	153	118	154	1	205	204	225	169	226	225	170	169	188	133	189	1	206	205	224	170	225	188	134	133	152	118	153	224	171	170	187	134	188	1	207	206	223	171	224	187	135	134	151	118	152	1	208	207	222	171	223	222	172	171	186	135	187	186	136	135	150	118	151	1	209	208	221	172	222	221	173	172	185	136	186	185	137	136	149	118	150	1	210	209	220	173	221	220	174	173	184	137	185	184	138	137	148	118	149	1	211	210	219	174	220	219	175	174	183	138	184	1	212	211	218	175	219	183	139	138	147	118	148	1	213	212	217	175	218	217	176	175	182	139	183	1	214	213	216	176	217	182	140	139	146	118	147	1	215	214	215	176	216	1	176	215	1	177	176	181	140	182	181	141	140	145	118	146	1	178	177	180	141	181	1	179	178	179	141	180	179	142	141	144	118	145	1	142	179	1	143	142	143	118	144	1	118	143
0	5	3	119	5	0	120	6	7	121	6	120
2	118	1	4	118	2	122	8	9	123	8	122
125	11	124	10	11	125	161	47	160	46	47	161
124	12	159	11	12	124	160	48	195	47	48	160
159	13	158	12	13	159	195	49	194	48	49	195
158	14	157	13	14	158	194	50	193	49	50	194
157	15	156	14	15	157	193	51	192	50	51	193
156	16	155	15	16	156	192	52	191	51	52	192
155	17	154	16	17	155	191	53	190	52	53	191
154	18	153	17	18	154
153	19	152	18	19	153
152	20	151	19	20	152
151	21	150	20	21	151
150	22	149	21	22	150	186	58	185	57	58	186
149	23	148	22	23	149	185	59	184	58	59	185
148	24	147	23	24	148	184	60	183	59	60	184
147	25	146	24	25	147	183	61	182	60	61	183
146	26	145	25	26	146	182	62	181	61	62	182
145	27	144	26	27	145	181	63	180	62	63	181
144	28	143	27	28	144	180	64	179	63	64	180
143	29	142	28	29	143	179	65	178	64	65	179
142	30	141	29	30	142	178	66	177	65	66	178
141	31	140	30	31	141	177	67	176	66	67	177
140	32	139	31	32	140	176	68	175	67	68	176
139	33	138	32	33	139	175	69	174	68	69	175
138	34	137	33	34	138
137	35	136	34	35	137
136	36	135	35	36	136	172	72	171	71	72	172
135	37	134	36	37	135	171	73	170	72	73	171
134	38	133	37	38	134
133	39	132	38	39	133
132	40	131	39	40	132
131	41	130	40	41	131
130	42	129	41	42	130	166	78	165	77	78	166
129	43	128	42	43	129	165	79	164	78	79	165
128	44	127	43	44	128	164	80	163	79	80	164
127	45	126	44	45	127	163	81	162	80	81	163
126	10	125	45	10	126	162	46	161	81	46	162
190	54	189	53	54	190
189	55	188	54	55	189
188	56	187	55	56	188
187	57	186	56	57	187
174	70	173	69	70	174
173	71	172	70	71	173
170	74	169	73	74	170
169	75	168	74	75	169
168	76	167	75	76	168
167	77	166	76	77	167
197	83	196	82	83	197
196	84	231	83	84	196
231	85	230	84	85	231
230	86	229	85	86	230
229	87	228	86	87	229
228	88	227	87	88	228
227	89	226	88	89	227
226	90	225	89	90	226
225	91	224	90	91	225
224	92	223	91	92	224
223	93	222	92	93	223
222	94	221	93	94	222
221	95	220	94	95	221
220	96	219	95	96	220
219	97	218	96	97	219
218	98	217	97	98	218
217	99	216	98	99	217
216	100	215	99	100	216
215	101	214	100	101	215
214	102	213	101	102	214
213	103	212	102	103	213
212	104	211	103	104	212
211	105	210	104	105	211
210	106	209	105	106	210
209	107	208	106	107	209
208	108	207	107	108	208
207	109	206	108	109	207
206	110	205	109	110	206
205	111	204	110	111	205
204	112	203	111	112	204
203	113	202	112	113	203
202	114	201	113	114	202
201	115	200	114	115	201
200	116	199	115	116	200
199	117	198	116	117	199
198	82	197	117	82	198

#	Normal	88
-0	-1	-0
1	0	0
-0	1	0
-1	0	0
-0	0	1
-0	-0	-1
-0	-0.0871373	-0.996196
-0	-0.258848	-0.965918
-0	-0.422577	-0.906327
-0	-0.573578	-0.819151
-0	-0.707125	-0.707088
-0	-0.819169	-0.573553
-0	-0.9063	-0.422636
-0	-0.965939	-0.258769
-0	-0.996187	-0.0872452
0	-0.996187	0.0872485
0	-0.965942	0.25876
0	-0.9063	0.422636
0	-0.819169	0.573553
0	-0.707107	0.707107
0	-0.573578	0.819151
0	-0.422607	0.906313
0	-0.258813	0.965927
0	-0.0871744	0.996193
0	0.0871744	0.996193
0	0.258776	0.965937
0	0.422665	0.906286
0	0.573578	0.819151
0	0.707107	0.707107
0	0.819099	0.573653
0	0.906357	0.422513
0	0.965904	0.258899
0	0.9962	0.0871002
0	0.9962	-0.087097
0	0.965902	-0.258908
0	0.906357	-0.422513
0	0.819099	-0.573653
0	0.707125	-0.707088
0	0.573578	-0.819151
0	0.422634	-0.9063
0	0.258811	-0.965928
0	0.0871373	-0.996196
-0	-0.965904	-0.258899
-0	-0.9962	-0.0871002
0	-0.9962	0.0871002
0	-0.965904	0.258899
0	0.819169	0.573553
0	0.9063	0.422636
0	0.9962	-0.0871002
0	0.965904	-0.258899
0	0.9063	-0.422636
0	0.819169	-0.573553
-0	-0.0871802	-0.996193
-0	-0.258781	-0.965936
-0	-0.422679	-0.90628
-0	-0.573558	-0.819165
-0	-0.707085	-0.707129
-0	-0.81915	-0.573579
-0	-0.906328	-0.422574
-0	-0.965936	-0.258781
-0	-0.996195	-0.0871515
0	-0.996195	0.0871476
0	-0.965936	0.258781
0	-0.906321	0.422591
0	-0.81915	0.573579
0	-0.707085	0.707129
0	-0.573558	0.819165
0	-0.422679	0.90628
0	-0.258822	0.965925
0	-0.0871361	0.996196
0	0.0871515	0.996195
0	0.258822	0.965925
0	0.42261	0.906311
0	0.573641	0.819107
0	0.707085	0.707129
0	0.81915	0.573579
0	0.906321	0.422591
0	0.965936	0.258781
0	0.99618	0.0873241
0	0.99618	-0.087328
0	0.965936	-0.258781
0	0.906328	-0.422574
0	0.81915	-0.573579
0	0.707085	-0.707129
0	0.573641	-0.819107
0	0.42261	-0.906311
0	0.258781	-0.965936
0	0.0871956	-0.996191

#	Mesh	0	End

