#	Mesh	0	Begin

#	Vertex	748
70718.3	11914.5	-50
70718.3	11914.5	5230
70718.3	12114.5	5230
70718.3	12114.5	-50
53468.3	12114.5	5230
53468.3	12114.5	-50
63118.3	12114.5	2100
64318.3	12114.5	2100
64318.3	12114.5	200
63118.3	12114.5	200
66018.3	12114.5	2100
67218.3	12114.5	2100
67218.3	12114.5	200
66018.3	12114.5	200
68518.3	12114.5	2100
69718.3	12114.5	2100
69718.3	12114.5	200
68518.3	12114.5	200
55818.3	12114.5	2300
57018.3	12114.5	2300
57018.3	12114.5	200
55818.3	12114.5	200
61318.3	12114.5	2100
61318.3	12114.5	0
59518.3	12114.5	0
57718.3	12114.5	0
57718.3	12114.5	2100
59518.3	12114.5	2100
57883.7	12114.5	3412
58883.7	12114.5	3412
58883.7	12114.5	2888
57883.7	12114.5	2888
59678.3	12114.5	3412
60678.3	12114.5	3412
60678.3	12114.5	2888
59678.3	12114.5	2888
66396.3	12114.5	4150
65896.3	12114.5	4150
65896.3	12114.5	4350
66396.3	12114.5	4350
64170.1	12114.5	4150
63470.1	12114.5	4150
63470.1	12114.5	4350
64170.1	12114.5	4350
69801.6	12114.5	3850
69501.6	12114.5	3850
69501.6	12114.5	4050
69801.6	12114.5	4050
68924	12114.5	3850
68624	12114.5	3850
68624	12114.5	4050
68924	12114.5	4050
56377.5	12114.5	3410.19
56363.6	12114.5	3411.41
56350.2	12114.5	3415.02
56337.5	12114.5	3420.91
56326.1	12114.5	3428.91
56316.3	12114.5	3438.77
56308.3	12114.5	3450.19
56302.4	12114.5	3462.83
56298.8	12114.5	3476.3
56297.5	12114.5	3490.19
56298.8	12114.5	3504.08
56302.4	12114.5	3517.55
56308.3	12114.5	3530.19
56316.3	12114.5	3541.62
56326.1	12114.5	3551.48
56337.5	12114.5	3559.47
56350.2	12114.5	3565.37
56363.6	12114.5	3568.98
56377.5	12114.5	3570.19
56391.4	12114.5	3568.98
56404.9	12114.5	3565.37
56417.5	12114.5	3559.47
56429	12114.5	3551.48
56438.8	12114.5	3541.62
56446.8	12114.5	3530.19
56452.7	12114.5	3517.55
56456.3	12114.5	3504.08
56457.5	12114.5	3490.19
56456.3	12114.5	3476.3
56452.7	12114.5	3462.83
56446.8	12114.5	3450.19
56438.8	12114.5	3438.77
56429	12114.5	3428.91
56417.5	12114.5	3420.91
56404.9	12114.5	3415.02
56391.4	12114.5	3411.41
55860.9	12114.5	3456.38
55853.1	12114.5	3457.07
55845.5	12114.5	3459.1
55838.4	12114.5	3462.41
55831.9	12114.5	3466.91
55826.4	12114.5	3472.46
55821.9	12114.5	3478.88
55818.6	12114.5	3485.99
55816.6	12114.5	3493.57
55815.9	12114.5	3501.38
55816.6	12114.5	3509.2
55818.6	12114.5	3516.78
55821.9	12114.5	3523.88
55826.4	12114.5	3530.31
55831.9	12114.5	3535.86
55838.4	12114.5	3540.36
55845.5	12114.5	3543.67
55853.1	12114.5	3545.7
55860.9	12114.5	3546.38
55868.7	12114.5	3545.7
55876.3	12114.5	3543.67
55883.4	12114.5	3540.36
55889.8	12114.5	3535.86
55895.3	12114.5	3530.31
55899.8	12114.5	3523.88
55903.2	12114.5	3516.78
55905.2	12114.5	3509.2
55905.9	12114.5	3501.38
55905.2	12114.5	3493.57
55903.2	12114.5	3485.99
55899.8	12114.5	3478.88
55895.3	12114.5	3472.46
55889.8	12114.5	3466.91
55883.4	12114.5	3462.41
55876.3	12114.5	3459.1
55868.7	12114.5	3457.07
59671.3	12114.5	4568.5
59665.8	12114.5	4568.98
59660.5	12114.5	4570.4
59655.5	12114.5	4572.72
59651	12114.5	4575.87
59647.2	12114.5	4579.75
59644	12114.5	4584.25
59641.7	12114.5	4589.23
59640.3	12114.5	4594.53
59639.8	12114.5	4600
59640.3	12114.5	4605.47
59641.7	12114.5	4610.77
59644	12114.5	4615.75
59647.2	12114.5	4620.25
59651	12114.5	4624.13
59655.5	12114.5	4627.28
59660.5	12114.5	4629.6
59665.8	12114.5	4631.02
59671.3	12114.5	4631.5
59676.8	12114.5	4631.02
59682.1	12114.5	4629.6
59687	12114.5	4627.28
59691.5	12114.5	4624.13
59695.4	12114.5	4620.25
59698.6	12114.5	4615.75
59700.9	12114.5	4610.77
59702.3	12114.5	4605.47
59702.8	12114.5	4600
59702.3	12114.5	4594.53
59700.9	12114.5	4589.23
59698.6	12114.5	4584.25
59695.4	12114.5	4579.75
59691.5	12114.5	4575.87
59687	12114.5	4572.72
59682.1	12114.5	4570.4
59676.8	12114.5	4568.98
59854.4	12114.5	4574.94
59850	12114.5	4575.32
59845.8	12114.5	4576.45
59841.9	12114.5	4578.29
59838.3	12114.5	4580.79
59835.2	12114.5	4583.87
59832.7	12114.5	4587.44
59830.9	12114.5	4591.39
59829.7	12114.5	4595.6
59829.4	12114.5	4599.94
59829.7	12114.5	4604.28
59830.9	12114.5	4608.49
59832.7	12114.5	4612.44
59835.2	12114.5	4616.01
59838.3	12114.5	4619.09
59841.9	12114.5	4621.59
59845.8	12114.5	4623.43
59850	12114.5	4624.56
59854.4	12114.5	4624.94
59858.7	12114.5	4624.56
59862.9	12114.5	4623.43
59866.9	12114.5	4621.59
59870.4	12114.5	4619.09
59873.5	12114.5	4616.01
59876	12114.5	4612.44
59877.9	12114.5	4608.49
59879	12114.5	4604.28
59879.4	12114.5	4599.94
59879	12114.5	4595.6
59877.9	12114.5	4591.39
59876	12114.5	4587.44
59873.5	12114.5	4583.87
59870.4	12114.5	4580.79
59866.9	12114.5	4578.29
59862.9	12114.5	4576.45
59858.7	12114.5	4575.32
59502.9	12114.5	4568.5
59497.5	12114.5	4568.98
59492.2	12114.5	4570.4
59487.2	12114.5	4572.72
59482.7	12114.5	4575.87
59478.8	12114.5	4579.75
59475.7	12114.5	4584.25
59473.3	12114.5	4589.23
59471.9	12114.5	4594.53
59471.4	12114.5	4600
59471.9	12114.5	4605.47
59473.3	12114.5	4610.77
59475.7	12114.5	4615.75
59478.8	12114.5	4620.25
59482.7	12114.5	4624.13
59487.2	12114.5	4627.28
59492.2	12114.5	4629.6
59497.5	12114.5	4631.02
59502.9	12114.5	4631.5
59508.4	12114.5	4631.02
59513.7	12114.5	4629.6
59518.7	12114.5	4627.28
59523.2	12114.5	4624.13
59527.1	12114.5	4620.25
59530.2	12114.5	4615.75
59532.5	12114.5	4610.77
59534	12114.5	4605.47
59534.4	12114.5	4600
59534	12114.5	4594.53
59532.5	12114.5	4589.23
59530.2	12114.5	4584.25
59527.1	12114.5	4579.75
59523.2	12114.5	4575.87
59518.7	12114.5	4572.72
59513.7	12114.5	4570.4
59508.4	12114.5	4568.98
54621.9	12114.5	3419.99
54608	12114.5	3421.21
54594.5	12114.5	3424.82
54581.9	12114.5	3430.71
54570.4	12114.5	3438.71
54560.6	12114.5	3448.57
54552.6	12114.5	3459.99
54546.7	12114.5	3472.63
54543.1	12114.5	3486.1
54541.9	12114.5	3499.99
54543.1	12114.5	3513.88
54546.7	12114.5	3527.35
54552.6	12114.5	3539.99
54560.6	12114.5	3551.42
54570.4	12114.5	3561.28
54581.9	12114.5	3569.27
54594.5	12114.5	3575.17
54608	12114.5	3578.78
54621.9	12114.5	3579.99
54635.8	12114.5	3578.78
54649.2	12114.5	3575.17
54661.9	12114.5	3569.27
54673.3	12114.5	3561.28
54683.2	12114.5	3551.42
54691.2	12114.5	3539.99
54697	12114.5	3527.35
54700.7	12114.5	3513.88
54701.9	12114.5	3499.99
54700.7	12114.5	3486.1
54697	12114.5	3472.63
54691.2	12114.5	3459.99
54683.2	12114.5	3448.57
54673.3	12114.5	3438.71
54661.9	12114.5	3430.71
54649.2	12114.5	3424.82
54635.8	12114.5	3421.21
55298.3	12114.5	3455.19
55290.5	12114.5	3455.87
55282.9	12114.5	3457.9
55275.8	12114.5	3461.22
55269.3	12114.5	3465.72
55263.8	12114.5	3471.26
55259.3	12114.5	3477.69
55256	12114.5	3484.8
55253.9	12114.5	3492.37
55253.3	12114.5	3500.19
55253.9	12114.5	3508
55256	12114.5	3515.58
55259.3	12114.5	3522.69
55263.8	12114.5	3529.11
55269.3	12114.5	3534.66
55275.8	12114.5	3539.16
55282.9	12114.5	3542.47
55290.5	12114.5	3544.5
55298.3	12114.5	3545.19
55306.1	12114.5	3544.5
55313.7	12114.5	3542.47
55320.8	12114.5	3539.16
55327.2	12114.5	3534.66
55332.7	12114.5	3529.11
55337.2	12114.5	3522.69
55340.6	12114.5	3515.58
55342.6	12114.5	3508
55343.3	12114.5	3500.19
55342.6	12114.5	3492.37
55340.6	12114.5	3484.8
55337.2	12114.5	3477.69
55332.7	12114.5	3471.26
55327.2	12114.5	3465.72
55320.8	12114.5	3461.22
55313.7	12114.5	3457.9
55306.1	12114.5	3455.87
54931.8	12114.5	3420
54917.9	12114.5	3421.21
54904.5	12114.5	3424.82
54891.8	12114.5	3430.71
54880.4	12114.5	3438.71
54870.6	12114.5	3448.57
54862.6	12114.5	3460
54856.7	12114.5	3472.63
54853.1	12114.5	3486.1
54851.8	12114.5	3500
54853.1	12114.5	3513.89
54856.7	12114.5	3527.36
54862.6	12114.5	3540
54870.6	12114.5	3551.42
54880.4	12114.5	3561.28
54891.8	12114.5	3569.28
54904.5	12114.5	3575.17
54917.9	12114.5	3578.78
54931.8	12114.5	3580
54945.7	12114.5	3578.78
54959.2	12114.5	3575.17
54971.8	12114.5	3569.28
54983.3	12114.5	3561.28
54993.1	12114.5	3551.42
55001.1	12114.5	3540
55007	12114.5	3527.36
55010.6	12114.5	3513.89
55011.8	12114.5	3500
55010.6	12114.5	3486.1
55007	12114.5	3472.63
55001.1	12114.5	3460
54993.1	12114.5	3448.57
54983.3	12114.5	3438.71
54971.8	12114.5	3430.71
54959.2	12114.5	3424.82
54945.7	12114.5	3421.21
56113.7	12114.5	3423.45
56099.8	12114.5	3424.66
56086.3	12114.5	3428.27
56073.7	12114.5	3434.17
56062.2	12114.5	3442.16
56052.4	12114.5	3452.03
56044.4	12114.5	3463.45
56038.5	12114.5	3476.09
56034.9	12114.5	3489.56
56033.7	12114.5	3503.45
56034.9	12114.5	3517.34
56038.5	12114.5	3530.81
56044.4	12114.5	3543.45
56052.4	12114.5	3554.87
56062.2	12114.5	3564.73
56073.7	12114.5	3572.73
56086.3	12114.5	3578.62
56099.8	12114.5	3582.23
56113.7	12114.5	3583.45
56127.6	12114.5	3582.23
56141	12114.5	3578.62
56153.7	12114.5	3572.73
56165.1	12114.5	3564.73
56175	12114.5	3554.87
56183	12114.5	3543.45
56188.8	12114.5	3530.81
56192.5	12114.5	3517.34
56193.7	12114.5	3503.45
56192.5	12114.5	3489.56
56188.8	12114.5	3476.09
56183	12114.5	3463.45
56175	12114.5	3452.03
56165.1	12114.5	3442.16
56153.7	12114.5	3434.17
56141	12114.5	3428.27
56127.6	12114.5	3424.66
53468.3	11914.5	5230
53468.3	11914.5	-50
64318.3	11914.5	2100
63118.3	11914.5	2100
63118.3	11914.5	200
64318.3	11914.5	200
67218.3	11914.5	2100
66018.3	11914.5	2100
66018.3	11914.5	200
67218.3	11914.5	200
69718.3	11914.5	2100
68518.3	11914.5	2100
68518.3	11914.5	200
69718.3	11914.5	200
57018.3	11914.5	2300
55818.3	11914.5	2300
55818.3	11914.5	200
57018.3	11914.5	200
61318.3	11914.5	0
61318.3	11914.5	2100
59518.3	11914.5	2100
57718.3	11914.5	2100
57718.3	11914.5	0
59518.3	11914.5	0
58883.7	11914.5	3412
57883.7	11914.5	3412
57883.7	11914.5	2888
58883.7	11914.5	2888
60678.3	11914.5	3412
59678.3	11914.5	3412
59678.3	11914.5	2888
60678.3	11914.5	2888
65896.3	11914.5	4150
66396.3	11914.5	4150
66396.3	11914.5	4350
65896.3	11914.5	4350
63470.1	11914.5	4150
64170.1	11914.5	4150
64170.1	11914.5	4350
63470.1	11914.5	4350
69501.6	11914.5	3850
69801.6	11914.5	3850
69801.6	11914.5	4050
69501.6	11914.5	4050
68624	11914.5	3850
68924	11914.5	3850
68924	11914.5	4050
68624	11914.5	4050
56363.6	11914.5	3411.41
56377.5	11914.5	3410.19
56391.4	11914.5	3411.41
56404.9	11914.5	3415.02
56417.5	11914.5	3420.91
56429	11914.5	3428.91
56438.8	11914.5	3438.77
56446.8	11914.5	3450.19
56452.7	11914.5	3462.83
56456.3	11914.5	3476.3
56457.5	11914.5	3490.19
56456.3	11914.5	3504.08
56452.7	11914.5	3517.55
56446.8	11914.5	3530.19
56438.8	11914.5	3541.62
56429	11914.5	3551.48
56417.5	11914.5	3559.47
56404.9	11914.5	3565.37
56391.4	11914.5	3568.98
56377.5	11914.5	3570.19
56363.6	11914.5	3568.98
56350.2	11914.5	3565.37
56337.5	11914.5	3559.47
56326.1	11914.5	3551.48
56316.3	11914.5	3541.62
56308.3	11914.5	3530.19
56302.4	11914.5	3517.55
56298.8	11914.5	3504.08
56297.5	11914.5	3490.19
56298.8	11914.5	3476.3
56302.4	11914.5	3462.83
56308.3	11914.5	3450.19
56316.3	11914.5	3438.77
56326.1	11914.5	3428.91
56337.5	11914.5	3420.91
56350.2	11914.5	3415.02
55853.1	11914.5	3457.07
55860.9	11914.5	3456.38
55868.7	11914.5	3457.07
55876.3	11914.5	3459.1
55883.4	11914.5	3462.41
55889.8	11914.5	3466.91
55895.3	11914.5	3472.46
55899.8	11914.5	3478.88
55903.2	11914.5	3485.99
55905.2	11914.5	3493.57
55905.9	11914.5	3501.38
55905.2	11914.5	3509.2
55903.2	11914.5	3516.78
55899.8	11914.5	3523.88
55895.3	11914.5	3530.31
55889.8	11914.5	3535.86
55883.4	11914.5	3540.36
55876.3	11914.5	3543.67
55868.7	11914.5	3545.7
55860.9	11914.5	3546.38
55853.1	11914.5	3545.7
55845.5	11914.5	3543.67
55838.4	11914.5	3540.36
55831.9	11914.5	3535.86
55826.4	11914.5	3530.31
55821.9	11914.5	3523.88
55818.6	11914.5	3516.78
55816.6	11914.5	3509.2
55815.9	11914.5	3501.38
55816.6	11914.5	3493.57
55818.6	11914.5	3485.99
55821.9	11914.5	3478.88
55826.4	11914.5	3472.46
55831.9	11914.5	3466.91
55838.4	11914.5	3462.41
55845.5	11914.5	3459.1
59665.8	11914.5	4568.98
59671.3	11914.5	4568.5
59676.8	11914.5	4568.98
59682.1	11914.5	4570.4
59687	11914.5	4572.72
59691.5	11914.5	4575.87
59695.4	11914.5	4579.75
59698.6	11914.5	4584.25
59700.9	11914.5	4589.23
59702.3	11914.5	4594.53
59702.8	11914.5	4600
59702.3	11914.5	4605.47
59700.9	11914.5	4610.77
59698.6	11914.5	4615.75
59695.4	11914.5	4620.25
59691.5	11914.5	4624.13
59687	11914.5	4627.28
59682.1	11914.5	4629.6
59676.8	11914.5	4631.02
59671.3	11914.5	4631.5
59665.8	11914.5	4631.02
59660.5	11914.5	4629.6
59655.5	11914.5	4627.28
59651	11914.5	4624.13
59647.2	11914.5	4620.25
59644	11914.5	4615.75
59641.7	11914.5	4610.77
59640.3	11914.5	4605.47
59639.8	11914.5	4600
59640.3	11914.5	4594.53
59641.7	11914.5	4589.23
59644	11914.5	4584.25
59647.2	11914.5	4579.75
59651	11914.5	4575.87
59655.5	11914.5	4572.72
59660.5	11914.5	4570.4
59850	11914.5	4575.32
59854.4	11914.5	4574.94
59858.7	11914.5	4575.32
59862.9	11914.5	4576.45
59866.9	11914.5	4578.29
59870.4	11914.5	4580.79
59873.5	11914.5	4583.87
59876	11914.5	4587.44
59877.9	11914.5	4591.39
59879	11914.5	4595.6
59879.4	11914.5	4599.94
59879	11914.5	4604.28
59877.9	11914.5	4608.49
59876	11914.5	4612.44
59873.5	11914.5	4616.01
59870.4	11914.5	4619.09
59866.9	11914.5	4621.59
59862.9	11914.5	4623.43
59858.7	11914.5	4624.56
59854.4	11914.5	4624.94
59850	11914.5	4624.56
59845.8	11914.5	4623.43
59841.9	11914.5	4621.59
59838.3	11914.5	4619.09
59835.2	11914.5	4616.01
59832.7	11914.5	4612.44
59830.9	11914.5	4608.49
59829.7	11914.5	4604.28
59829.4	11914.5	4599.94
59829.7	11914.5	4595.6
59830.9	11914.5	4591.39
59832.7	11914.5	4587.44
59835.2	11914.5	4583.87
59838.3	11914.5	4580.79
59841.9	11914.5	4578.29
59845.8	11914.5	4576.45
59497.5	11914.5	4568.98
59502.9	11914.5	4568.5
59508.4	11914.5	4568.98
59513.7	11914.5	4570.4
59518.7	11914.5	4572.72
59523.2	11914.5	4575.87
59527.1	11914.5	4579.75
59530.2	11914.5	4584.25
59532.5	11914.5	4589.23
59534	11914.5	4594.53
59534.4	11914.5	4600
59534	11914.5	4605.47
59532.5	11914.5	4610.77
59530.2	11914.5	4615.75
59527.1	11914.5	4620.25
59523.2	11914.5	4624.13
59518.7	11914.5	4627.28
59513.7	11914.5	4629.6
59508.4	11914.5	4631.02
59502.9	11914.5	4631.5
59497.5	11914.5	4631.02
59492.2	11914.5	4629.6
59487.2	11914.5	4627.28
59482.7	11914.5	4624.13
59478.8	11914.5	4620.25
59475.7	11914.5	4615.75
59473.3	11914.5	4610.77
59471.9	11914.5	4605.47
59471.4	11914.5	4600
59471.9	11914.5	4594.53
59473.3	11914.5	4589.23
59475.7	11914.5	4584.25
59478.8	11914.5	4579.75
59482.7	11914.5	4575.87
59487.2	11914.5	4572.72
59492.2	11914.5	4570.4
54608	11914.5	3421.21
54621.9	11914.5	3419.99
54635.8	11914.5	3421.21
54649.2	11914.5	3424.82
54661.9	11914.5	3430.71
54673.3	11914.5	3438.71
54683.2	11914.5	3448.57
54691.2	11914.5	3459.99
54697	11914.5	3472.63
54700.7	11914.5	3486.1
54701.9	11914.5	3499.99
54700.7	11914.5	3513.88
54697	11914.5	3527.35
54691.2	11914.5	3539.99
54683.2	11914.5	3551.42
54673.3	11914.5	3561.28
54661.9	11914.5	3569.27
54649.2	11914.5	3575.17
54635.8	11914.5	3578.78
54621.9	11914.5	3579.99
54608	11914.5	3578.78
54594.5	11914.5	3575.17
54581.9	11914.5	3569.27
54570.4	11914.5	3561.28
54560.6	11914.5	3551.42
54552.6	11914.5	3539.99
54546.7	11914.5	3527.35
54543.1	11914.5	3513.88
54541.9	11914.5	3499.99
54543.1	11914.5	3486.1
54546.7	11914.5	3472.63
54552.6	11914.5	3459.99
54560.6	11914.5	3448.57
54570.4	11914.5	3438.71
54581.9	11914.5	3430.71
54594.5	11914.5	3424.82
55290.5	11914.5	3455.87
55298.3	11914.5	3455.19
55306.1	11914.5	3455.87
55313.7	11914.5	3457.9
55320.8	11914.5	3461.22
55327.2	11914.5	3465.72
55332.7	11914.5	3471.26
55337.2	11914.5	3477.69
55340.6	11914.5	3484.8
55342.6	11914.5	3492.37
55343.3	11914.5	3500.19
55342.6	11914.5	3508
55340.6	11914.5	3515.58
55337.2	11914.5	3522.69
55332.7	11914.5	3529.11
55327.2	11914.5	3534.66
55320.8	11914.5	3539.16
55313.7	11914.5	3542.47
55306.1	11914.5	3544.5
55298.3	11914.5	3545.19
55290.5	11914.5	3544.5
55282.9	11914.5	3542.47
55275.8	11914.5	3539.16
55269.3	11914.5	3534.66
55263.8	11914.5	3529.11
55259.3	11914.5	3522.69
55256	11914.5	3515.58
55253.9	11914.5	3508
55253.3	11914.5	3500.19
55253.9	11914.5	3492.37
55256	11914.5	3484.8
55259.3	11914.5	3477.69
55263.8	11914.5	3471.26
55269.3	11914.5	3465.72
55275.8	11914.5	3461.22
55282.9	11914.5	3457.9
54917.9	11914.5	3421.21
54931.8	11914.5	3420
54945.7	11914.5	3421.21
54959.2	11914.5	3424.82
54971.8	11914.5	3430.71
54983.3	11914.5	3438.71
54993.1	11914.5	3448.57
55001.1	11914.5	3460
55007	11914.5	3472.63
55010.6	11914.5	3486.1
55011.8	11914.5	3500
55010.6	11914.5	3513.89
55007	11914.5	3527.36
55001.1	11914.5	3540
54993.1	11914.5	3551.42
54983.3	11914.5	3561.28
54971.8	11914.5	3569.28
54959.2	11914.5	3575.17
54945.7	11914.5	3578.78
54931.8	11914.5	3580
54917.9	11914.5	3578.78
54904.5	11914.5	3575.17
54891.8	11914.5	3569.28
54880.4	11914.5	3561.28
54870.6	11914.5	3551.42
54862.6	11914.5	3540
54856.7	11914.5	3527.36
54853.1	11914.5	3513.89
54851.8	11914.5	3500
54853.1	11914.5	3486.1
54856.7	11914.5	3472.63
54862.6	11914.5	3460
54870.6	11914.5	3448.57
54880.4	11914.5	3438.71
54891.8	11914.5	3430.71
54904.5	11914.5	3424.82
56099.8	11914.5	3424.66
56113.7	11914.5	3423.45
56127.6	11914.5	3424.66
56141	11914.5	3428.27
56153.7	11914.5	3434.17
56165.1	11914.5	3442.16
56175	11914.5	3452.03
56183	11914.5	3463.45
56188.8	11914.5	3476.09
56192.5	11914.5	3489.56
56193.7	11914.5	3503.45
56192.5	11914.5	3517.34
56188.8	11914.5	3530.81
56183	11914.5	3543.45
56175	11914.5	3554.87
56165.1	11914.5	3564.73
56153.7	11914.5	3572.73
56141	11914.5	3578.62
56127.6	11914.5	3582.23
56113.7	11914.5	3583.45
56099.8	11914.5	3582.23
56086.3	11914.5	3578.62
56073.7	11914.5	3572.73
56062.2	11914.5	3564.73
56052.4	11914.5	3554.87
56044.4	11914.5	3543.45
56038.5	11914.5	3530.81
56034.9	11914.5	3517.34
56033.7	11914.5	3503.45
56034.9	11914.5	3489.56
56038.5	11914.5	3476.09
56044.4	11914.5	3463.45
56052.4	11914.5	3452.03
56062.2	11914.5	3442.16
56073.7	11914.5	3434.17
56086.3	11914.5	3428.27

#	Triangle	226
0	2	1	3	2	0	25	397	398	26	397	25	402	28	401	31	28	402	406	32	405	35	32	406	9	379	380	6	379	9	13	383	384	10	383	13	17	387	388	14	387	17	21	391	392	18	391	21	408	38	411	37	38	408	412	42	415	41	42	412	416	46	419	45	46	416	420	50	423	49	50	420
4	21	5	21	25	5	25	3	5	25	24	3	24	23	3	23	9	3	9	8	3	8	13	3	13	12	3	12	17	3	17	16	3	16	2	3	21	20	25	20	26	25	22	9	23	4	238	21	238	237	21	237	236	21	236	235	21	235	234	21	234	233	21	233	232	21	232	18	21	19	26	20	22	6	9	7	13	8	7	10	13	11	17	12	11	14	17	15	2	16	19	27	26	19	22	27	19	6	22	19	7	6	19	10	7	19	11	10	19	14	11	19	15	14	19	34	15	34	49	15	49	48	15	48	45	15	45	44	15	44	2	15	232	19	18	232	31	19	31	30	19	30	35	19	35	34	19	232	52	31	52	28	31	29	35	30	29	32	35	33	49	34	232	53	52	87	28	52	232	54	53	86	28	87	86	29	28	86	32	29	86	33	32	86	49	33	232	304	54	304	55	54	85	49	86	267	304	232	267	305	304	339	55	304	339	340	55	340	56	55	84	49	85	266	305	267	266	306	305	338	340	339	338	341	340	375	56	340	338	342	341	374	56	375	265	306	266	265	307	306	337	342	338	337	343	342	373	56	374	373	57	56	83	49	84	264	307	265	264	308	307	336	343	337	336	344	343	372	57	373	263	308	264	263	309	308	335	344	336	372	58	57	82	49	83	335	345	344	371	58	372	262	309	263	262	310	309	334	268	335	268	345	335	371	59	58	81	49	82	268	88	345	88	346	345	370	59	371	334	269	268	303	88	268	334	270	269	302	88	303	302	89	88	123	346	88	302	90	89	122	346	123	334	271	270	301	90	302	301	91	90	121	346	122	4	239	238	261	310	262	261	311	310	333	271	334	333	272	271	300	91	301	300	92	91	120	346	121	370	60	59	80	49	81	120	347	346	369	60	370	333	273	272	299	92	300	299	93	92	119	347	120	333	274	273	298	93	299	298	94	93	118	347	119	4	240	239	260	311	261	260	312	311	332	274	333	118	348	347	368	60	369	368	61	60	79	49	80	332	275	274	297	94	298	297	95	94	117	348	118	332	276	275	296	95	297	296	96	95	116	348	117	4	241	240	259	312	260	259	313	312	331	276	332	116	349	348	367	61	368	367	62	61	78	49	79	331	277	276	295	96	296	295	97	96	115	349	116	4	242	241	258	313	259	258	314	313	330	277	331	330	278	277	294	97	295	294	98	97	114	349	115	114	350	349	366	62	367	366	63	62	77	49	78	330	279	278	293	98	294	293	99	98	113	350	114	4	243	242	257	314	258	257	315	314	329	279	330	329	280	279	292	99	293	292	100	99	112	350	113	112	351	350	365	63	366	365	64	63	76	49	77	329	281	280	291	100	292	291	101	100	111	351	112	4	244	243	256	315	257	256	316	315	328	281	329	328	282	281	290	101	291	365	65	64	75	49	76	290	102	101	110	351	111	110	352	351	364	65	365	328	283	282	289	102	290	289	103	102	109	352	110	328	284	283	288	103	289	4	245	244	255	316	256	255	317	316	327	284	328	288	104	103	108	352	109	364	66	65	74	49	75	327	285	284	287	104	288	108	353	352	363	66	364	287	105	104	107	353	108	327	286	285	286	105	287	327	105	286	327	106	105	106	353	107	327	353	106	4	246	245	254	317	255	254	318	317	326	353	327	363	67	66	73	49	74	326	354	353	362	67	363	362	68	67	72	49	73	4	247	246	253	318	254	253	319	318	325	354	326	325	355	354	361	68	362	361	69	68	71	49	72	361	70	69	70	49	71	4	248	247	252	319	253	252	320	319	324	355	325	361	49	70	324	356	355	360	49	361	4	249	248	251	320	252	251	321	320	323	356	324	323	357	356	359	49	360	4	250	249	250	321	251	250	322	321	322	357	323	4	322	250	4	357	322	4	358	357	358	49	359	4	197	358	197	196	358	196	41	358	41	49	358	41	50	49	51	45	48	51	46	45	47	2	44	41	51	50	41	46	51	41	47	46	41	40	47	40	37	47	37	36	47	36	2	47	196	42	41	43	37	40	43	38	37	39	2	36	196	43	42	196	38	43	196	39	38	196	124	39	124	160	39	160	2	39	196	125	124	159	160	124	231	125	196	231	126	125	158	160	159	4	198	197	230	126	231	230	127	126	157	160	158	4	199	198	229	127	230	229	128	127	156	160	157	4	200	199	228	128	229	156	161	160	195	2	160	156	162	161	194	2	195	228	129	128	155	162	156	4	201	200	227	129	228	155	163	162	193	2	194	155	164	163	192	2	193	227	130	129	154	164	155	4	202	201	226	130	227	154	165	164	191	2	192	154	166	165	190	2	191	226	131	130	153	166	154	4	203	202	225	131	226	153	167	166	189	2	190	225	132	131	152	167	153	4	204	203	224	132	225	152	168	167	188	2	189	224	133	132	151	168	152	4	205	204	223	133	224	151	169	168	187	2	188	151	170	169	186	2	187	223	134	133	150	170	151	4	206	205	222	134	223	150	171	170	185	2	186	222	135	134	149	171	150	4	207	206	221	135	222	149	172	171	184	2	185	221	136	135	148	172	149	4	208	207	220	136	221	148	173	172	183	2	184	220	137	136	147	173	148	4	209	208	219	137	220	147	174	173	182	2	183	147	175	174	181	2	182	219	138	137	146	175	147	4	210	209	218	138	219	146	176	175	180	2	181	146	177	176	179	2	180	218	139	138	145	177	146	4	211	210	217	139	218	145	178	177	178	2	179	145	2	178	217	140	139	144	2	145	4	212	211	216	140	217	216	141	140	143	2	144	4	213	212	215	141	216	215	142	141	142	2	143	4	214	213	214	142	215	214	2	142	4	2	214
5	376	4	377	376	5	22	394	395	23	394	22	400	30	403	29	30	400	404	34	407	33	34	404	7	381	378	8	381	7	11	385	382	12	385	11	15	389	386	16	389	15	19	393	390	20	393	19	410	36	409	39	36	410	414	40	413	43	40	414	418	44	417	47	44	418	422	48	421	51	48	422
1	389	0	389	394	0	394	377	0	394	399	377	399	398	377	398	393	377	393	392	377	392	376	377	389	388	394	388	385	394	385	384	394	384	381	394	381	380	394	380	395	394	397	393	398	1	386	389	387	385	388	387	382	385	383	381	384	383	378	381	379	395	380	397	390	393	391	605	392	605	604	392	604	639	392	639	638	392	638	637	392	637	636	392	636	635	392	635	376	392	1	417	386	417	387	386	417	382	387	417	383	382	417	378	383	417	379	378	417	395	379	417	396	395	417	397	396	417	390	397	417	391	390	417	407	391	407	406	391	406	403	391	403	402	391	402	605	391	417	404	407	405	403	406	405	400	403	401	425	402	425	605	402	401	426	425	424	605	425	401	427	426	459	605	424	417	405	404	417	400	405	417	401	400	417	427	401	417	428	427	458	677	459	677	605	459	677	606	605	458	678	677	676	606	677	417	429	428	457	713	458	713	678	458	676	607	606	713	679	678	711	607	676	457	714	713	712	679	713	457	715	714	747	679	712	711	608	607	747	680	679	710	608	711	457	716	715	746	680	747	417	430	429	456	716	457	710	609	608	746	681	680	709	609	710	456	717	716	745	681	746	709	610	609	745	682	681	708	610	709	417	431	430	455	717	456	455	718	717	744	682	745	708	611	610	744	641	682	641	683	682	707	611	708	417	432	431	454	718	455	454	719	718	743	461	744	461	641	744	461	642	641	640	683	641	461	643	642	675	683	640	743	462	461	460	643	461	743	463	462	495	643	460	495	644	643	674	683	675	743	464	463	494	644	495	707	612	611	634	376	635	674	684	683	706	612	707	494	645	644	673	684	674	743	465	464	493	645	494	417	433	432	453	719	454	453	720	719	742	465	743	493	646	645	672	684	673	742	466	465	492	646	493	492	647	646	671	684	672	742	467	466	491	647	492	706	613	612	633	376	634	671	685	684	705	613	706	453	721	720	741	467	742	417	434	433	452	721	453	491	648	647	670	685	671	741	468	467	490	648	491	490	649	648	669	685	670	741	469	468	489	649	490	705	614	613	632	376	633	669	686	685	704	614	705	452	722	721	740	469	741	417	435	434	451	722	452	489	650	649	668	686	669	740	470	469	488	650	489	704	615	614	631	376	632	668	687	686	703	615	704	488	651	650	667	687	668	740	471	470	487	651	488	451	723	722	739	471	740	417	436	435	450	723	451	487	652	651	666	687	667	739	472	471	486	652	487	703	616	615	630	376	631	666	688	687	702	616	703	486	653	652	665	688	666	739	473	472	485	653	486	450	724	723	738	473	739	417	437	436	449	724	450	485	654	653	664	688	665	738	474	473	484	654	485	702	617	616	629	376	630	664	689	688	701	617	702	484	655	654	663	689	664	417	438	437	448	724	449	738	475	474	483	655	484	448	725	724	737	475	738	483	656	655	662	689	663	737	476	475	482	656	483	482	657	656	661	689	662	701	618	617	628	376	629	661	690	689	700	618	701	737	477	476	481	657	482	417	439	438	447	725	448	481	658	657	660	690	661	447	726	725	736	477	737	736	478	477	480	658	481	480	659	658	659	690	660	480	690	659	736	479	478	479	690	480	736	690	479	700	619	618	627	376	628	736	691	690	699	619	700	417	440	439	446	726	447	446	727	726	735	691	736	417	441	440	445	727	446	699	620	619	626	376	627	735	692	691	698	620	699	445	728	727	734	692	735	417	442	441	444	728	445	417	443	442	443	728	444	698	621	620	625	376	626	734	693	692	697	621	698	417	728	443	417	729	728	733	693	734	697	622	621	624	376	625	733	694	693	696	622	697	417	730	729	732	694	733	696	623	622	623	376	624	732	695	694	695	623	696	695	376	623	732	376	695	417	731	730	731	376	732	417	416	731	416	421	731	421	420	731	420	413	731	413	412	731	412	569	731	569	568	731	568	376	731	1	418	417	419	421	416	419	422	421	423	413	420	1	419	418	1	422	419	1	423	422	1	409	423	409	408	423	408	413	423	1	410	409	411	413	408	411	414	413	415	569	412	1	411	410	1	414	411	1	415	414	1	533	415	533	497	415	497	569	415	533	498	497	496	569	497	496	570	569	533	499	498	531	570	496	531	571	570	603	376	568	533	500	499	530	571	531	530	572	571	602	376	603	533	501	500	529	572	530	529	573	572	601	376	602	1	534	533	532	501	533	1	535	534	567	501	532	567	502	501	528	573	529	528	574	573	600	376	601	1	536	535	566	502	567	1	537	536	565	502	566	565	503	502	527	574	528	527	575	574	599	376	600	1	538	537	564	503	565	1	539	538	563	503	564	563	504	503	526	575	527	526	576	575	598	376	599	1	540	539	562	504	563	562	505	504	525	576	526	525	577	576	597	376	598	1	541	540	561	505	562	561	506	505	524	577	525	524	578	577	596	376	597	1	542	541	560	506	561	1	543	542	559	506	560	559	507	506	523	578	524	523	579	578	595	376	596	1	544	543	558	507	559	558	508	507	522	579	523	522	580	579	594	376	595	1	545	544	557	508	558	557	509	508	521	580	522	521	581	580	593	376	594	1	546	545	556	509	557	556	510	509	520	581	521	520	582	581	592	376	593	1	547	546	555	510	556	1	548	547	554	510	555	554	511	510	519	582	520	519	583	582	591	376	592	1	549	548	553	511	554	1	550	549	552	511	553	552	512	511	518	583	519	518	584	583	590	376	591	1	551	550	551	512	552	1	512	551	1	513	512	517	584	518	517	585	584	589	376	590	1	514	513	516	585	517	516	586	585	588	376	589	1	515	514	515	586	516	515	587	586	587	376	588	1	587	515	1	376	587
0	5	3	377	5	0	27	395	396	22	395	27	26	396	397	27	396	26	401	29	400	28	29	401	405	33	404	32	33	405	6	378	379	7	378	6	10	382	383	11	382	10	14	386	387	15	386	14	18	390	391	19	390	18	411	39	410	38	39	411	415	43	414	42	43	415	419	47	418	46	47	419	423	51	422	50	51	423
2	376	1	4	376	2	23	399	394	24	399	23	24	398	399	25	398	24	403	31	402	30	31	403	407	35	406	34	35	407	8	380	381	9	380	8	12	384	385	13	384	12	16	388	389	17	388	16	20	392	393	21	392	20	409	37	408	36	37	409	413	41	412	40	41	413	417	45	416	44	45	417	421	49	420	48	49	421
425	53	424	52	53	425	605	233	604	232	233	605	677	305	676	304	305	677
424	54	459	53	54	424
459	55	458	54	55	459	639	235	638	234	235	639
458	56	457	55	56	458	638	236	637	235	236	638
457	57	456	56	57	457	637	237	636	236	237	637	709	309	708	308	309	709	745	345	744	344	345	745
456	58	455	57	58	456	744	346	743	345	346	744
455	59	454	58	59	455	707	311	706	310	311	707
454	60	453	59	60	454	634	240	633	239	240	634	706	312	705	311	312	706	742	348	741	347	348	742
453	61	452	60	61	453	705	313	704	312	313	705	741	349	740	348	349	741
452	62	451	61	62	452	704	314	703	313	314	704	740	350	739	349	350	740
451	63	450	62	63	451	631	243	630	242	243	631	703	315	702	314	315	703
450	64	449	63	64	450	702	316	701	315	316	702
449	65	448	64	65	449	737	353	736	352	353	737
448	66	447	65	66	448	628	246	627	245	246	628	700	318	699	317	318	700	736	354	735	353	354	736
447	67	446	66	67	447
446	68	445	67	68	446
445	69	444	68	69	445	733	357	732	356	357	733
444	70	443	69	70	444	624	250	623	249	250	624	696	322	695	321	322	696
443	71	442	70	71	443	623	251	622	250	251	623
442	72	441	71	72	442	730	360	729	359	360	730
441	73	440	72	73	441
440	74	439	73	74	440
439	75	438	74	75	439	619	255	618	254	255	619	727	363	726	362	363	727
438	76	437	75	76	438
437	77	436	76	77	437	689	329	688	328	329	689
436	78	435	77	78	436	616	258	615	257	258	616	688	330	687	329	330	688
435	79	434	78	79	435	615	259	614	258	259	615	687	331	686	330	331	687
434	80	433	79	80	434	614	260	613	259	260	614	686	332	685	331	332	686
433	81	432	80	81	433	613	261	612	260	261	613	685	333	684	332	333	685	721	369	720	368	369	721
432	82	431	81	82	432	684	334	683	333	334	684
431	83	430	82	83	431
430	84	429	83	84	430	610	264	609	263	264	610	718	372	717	371	372	718
429	85	428	84	85	429	609	265	608	264	265	609
428	86	427	85	86	428	608	266	607	265	266	608
427	87	426	86	87	427
426	52	425	87	52	426	606	232	605	267	232	606
461	89	460	88	89	461	569	197	568	196	197	569
460	90	495	89	90	460
495	91	494	90	91	495
494	92	493	91	92	494	674	272	673	271	272	674
493	93	492	92	93	493	673	273	672	272	273	673
492	94	491	93	94	492
491	95	490	94	95	491	671	275	670	274	275	671
490	96	489	95	96	490	670	276	669	275	276	670
489	97	488	96	97	489	669	277	668	276	277	669
488	98	487	97	98	488	668	278	667	277	278	668
487	99	486	98	99	487	667	279	666	278	279	667
486	100	485	99	100	486	666	280	665	279	280	666
485	101	484	100	101	485
484	102	483	101	102	484	664	282	663	281	282	664
483	103	482	102	103	483
482	104	481	103	104	482	662	284	661	283	284	662
481	105	480	104	105	481	661	285	660	284	285	661
480	106	479	105	106	480	588	214	587	213	214	588	660	286	659	285	286	660
479	107	478	106	107	479	659	287	658	286	287	659
478	108	477	107	108	478	658	288	657	287	288	658
477	109	476	108	109	477	657	289	656	288	289	657
476	110	475	109	110	476
475	111	474	110	111	475	655	291	654	290	291	655
474	112	473	111	112	474
473	113	472	112	113	473
472	114	471	113	114	472
471	115	470	114	115	471	651	295	650	294	295	651
470	116	469	115	116	470	650	296	649	295	296	650
469	117	468	116	117	469
468	118	467	117	118	468
467	119	466	118	119	467
466	120	465	119	120	466	646	300	645	299	300	646
465	121	464	120	121	465	645	301	644	300	301	645
464	122	463	121	122	464
463	123	462	122	123	463
462	88	461	123	88	462
497	125	496	124	125	497
496	126	531	125	126	496
531	127	530	126	127	531	603	199	602	198	199	603
530	128	529	127	128	530
529	129	528	128	129	529	601	201	600	200	201	601
528	130	527	129	130	528
527	131	526	130	131	527	599	203	598	202	203	599
526	132	525	131	132	526	598	204	597	203	204	598
525	133	524	132	133	525	597	205	596	204	205	597
524	134	523	133	134	524
523	135	522	134	135	523
522	136	521	135	136	522	594	208	593	207	208	594
521	137	520	136	137	521
520	138	519	137	138	520	592	210	591	209	210	592
519	139	518	138	139	519
518	140	517	139	140	518	590	212	589	211	212	590
517	141	516	140	141	517
516	142	515	141	142	516
515	143	514	142	143	515	587	215	586	214	215	587
514	144	513	143	144	514	550	180	549	179	180	550	586	216	585	215	216	586
513	145	512	144	145	513	585	217	584	216	217	585
512	146	511	145	146	512	584	218	583	217	218	584
511	147	510	146	147	511	583	219	582	218	219	583
510	148	509	147	148	510
509	149	508	148	149	509	581	221	580	220	221	581
508	150	507	149	150	508
507	151	506	150	151	507
506	152	505	151	152	506	578	224	577	223	224	578
505	153	504	152	153	505
504	154	503	153	154	504	576	226	575	225	226	576
503	155	502	154	155	503
502	156	501	155	156	502	574	228	573	227	228	574
501	157	500	156	157	501	573	229	572	228	229	573
500	158	499	157	158	500	572	230	571	229	230	572
499	159	498	158	159	499	571	231	570	230	231	571
498	124	497	159	124	498	570	196	569	231	196	570
533	161	532	160	161	533
532	162	567	161	162	532
567	163	566	162	163	567
566	164	565	163	164	566
565	165	564	164	165	565
564	166	563	165	166	564
563	167	562	166	167	563
562	168	561	167	168	562
561	169	560	168	169	561
560	170	559	169	170	560
559	171	558	170	171	559
558	172	557	171	172	558
557	173	556	172	173	557
556	174	555	173	174	556
555	175	554	174	175	555
554	176	553	175	176	554
553	177	552	176	177	553	589	213	588	212	213	589
552	178	551	177	178	552
551	179	550	178	179	551
549	181	548	180	181	549
548	182	547	181	182	548
547	183	546	182	183	547
546	184	545	183	184	546
545	185	544	184	185	545
544	186	543	185	186	544
543	187	542	186	187	543
542	188	541	187	188	542
541	189	540	188	189	541
540	190	539	189	190	540
539	191	538	190	191	539
538	192	537	191	192	538
537	193	536	192	193	537
536	194	535	193	194	536
535	195	534	194	195	535
534	160	533	195	160	534
568	198	603	197	198	568
602	200	601	199	200	602
600	202	599	201	202	600
596	206	595	205	206	596
595	207	594	206	207	595
593	209	592	208	209	593
591	211	590	210	211	591
582	220	581	219	220	582
580	222	579	221	222	580
579	223	578	222	223	579
577	225	576	224	225	577
575	227	574	226	227	575
604	234	639	233	234	604	676	306	711	305	306	676	712	342	747	341	342	712
636	238	635	237	238	636	708	310	707	309	310	708
635	239	634	238	239	635	743	347	742	346	347	743
633	241	632	240	241	633
632	242	631	241	242	632
630	244	629	243	244	630
629	245	628	244	245	629	701	317	700	316	317	701
627	247	626	246	247	627	699	319	698	318	319	699
626	248	625	247	248	626	698	320	697	319	320	698
625	249	624	248	249	625	697	321	696	320	321	697
622	252	621	251	252	622
621	253	620	252	253	621	693	325	692	324	325	693
620	254	619	253	254	620
618	256	617	255	256	618
617	257	616	256	257	617
612	262	611	261	262	612	720	370	719	369	370	720
611	263	610	262	263	611
607	267	606	266	267	607	715	375	714	374	375	715
641	269	640	268	269	641
640	270	675	269	270	640
675	271	674	270	271	675
672	274	671	273	274	672
665	281	664	280	281	665
663	283	662	282	283	663
656	290	655	289	290	656
654	292	653	291	292	654
653	293	652	292	293	653
652	294	651	293	294	652
649	297	648	296	297	649
648	298	647	297	298	648
647	299	646	298	299	647
644	302	643	301	302	644
643	303	642	302	303	643
642	268	641	303	268	642
711	307	710	306	307	711
710	308	709	307	308	710
695	323	694	322	323	695	731	359	730	358	359	731
694	324	693	323	324	694
692	326	691	325	326	692	728	362	727	361	362	728
691	327	690	326	327	691
690	328	689	327	328	690
683	335	682	334	335	683
682	336	681	335	336	682
681	337	680	336	337	681
680	338	679	337	338	680
679	339	678	338	339	679
678	304	677	339	304	678
713	341	712	340	341	713
747	343	746	342	343	747
746	344	745	343	344	746
739	351	738	350	351	739
738	352	737	351	352	738
735	355	734	354	355	735
734	356	733	355	356	734
732	358	731	357	358	732
729	361	728	360	361	729
726	364	725	363	364	726
725	365	724	364	365	725
724	366	723	365	366	724
723	367	722	366	367	723
722	368	721	367	368	722
719	371	718	370	371	719
717	373	716	372	373	717
716	374	715	373	374	716
714	340	713	375	340	714

#	Normal	226
-1	0	0
0	-1	0
1	0	0
0	1	-0
0	0	1
0	0	-1
-0.08716	0	-0.996194
-0.258848	0	-0.965918
-0.422553	0	-0.906338
-0.573617	0	-0.819123
-0.707151	0	-0.707063
-0.819097	0	-0.573655
-0.906277	0	-0.422685
-0.965923	0	-0.258831
-0.996198	0	-0.0871176
-0.996198	0	0.0871176
-0.965923	0	0.258831
-0.906277	0	0.422685
-0.819103	0	0.573647
-0.707151	0	0.707063
-0.573606	0	0.819132
-0.422567	0	0.906332
-0.258832	0	0.965922
-0.08716	0	0.996194
0.0871357	-0	0.996196
0.258832	-0	0.965922
0.422675	-0	0.906282
0.573474	-0	0.819224
0.707151	-0	0.707063
0.819234	-0	0.573459
0.906277	-0	0.422685
0.965923	-0	0.258831
0.996198	-0	0.0871176
0.996198	0	-0.0871176
0.965923	0	-0.258831
0.906277	0	-0.422685
0.819229	0	-0.573467
0.707151	0	-0.707063
0.573486	0	-0.819215
0.42266	0	-0.906288
0.258848	0	-0.965918
0.0871357	0	-0.996196
-0.087167	0	-0.996194
-0.258786	0	-0.965935
-0.422596	0	-0.906318
-0.573546	0	-0.819173
-0.707091	0	-0.707122
-0.819339	0	-0.57331
-0.906241	0	-0.422761
-0.965891	0	-0.258949
-0.996195	0	-0.087148
-0.996195	0	0.087148
-0.965891	0	0.258949
-0.906241	0	0.422761
-0.819328	0	0.573324
-0.707091	0	0.707122
-0.573567	0	0.819159
-0.422596	0	0.906318
-0.258786	0	0.965935
-0.087167	0	0.996194
0.0871237	-0	0.996197
0.25891	-0	0.965901
0.422596	-0	0.906318
0.573567	-0	0.819159
0.707091	-0	0.707122
0.819094	-0	0.573659
0.906432	-0	0.422352
0.965891	-0	0.258949
0.996195	-0	0.087148
0.996195	0	-0.087148
0.965891	0	-0.258949
0.906432	0	-0.422352
0.819105	0	-0.573644
0.707091	0	-0.707122
0.573546	0	-0.819173
0.422596	0	-0.906318
0.25891	0	-0.965901
0.0871237	0	-0.996197
-0.0871052	0	-0.996199
-0.258997	0	-0.965878
-0.422574	0	-0.906328
-0.573391	0	-0.819282
-0.707107	0	-0.707107
-0.819219	0	-0.57348
-0.906328	0	-0.422574
-0.965892	0	-0.258946
-0.996226	0	-0.0867985
-0.996226	0	0.0867985
-0.965898	0	0.258924
-0.906313	0	0.422608
-0.819249	0	0.573438
-0.707062	0	0.707151
-0.573391	0	0.819282
-0.422647	0	0.906294
-0.258914	0	0.9659
-0.0871052	0	0.996199
0.087167	-0	0.996194
0.258736	-0	0.965948
0.422647	-0	0.906294
0.573725	-0	0.819048
0.707062	-0	0.707151
0.819249	-0	0.573438
0.906313	-0	0.422608
0.965898	-0	0.258924
0.996164	-0	0.0875045
0.996164	0	-0.0875045
0.965892	0	-0.258946
0.906328	0	-0.422574
0.819219	0	-0.57348
0.707107	0	-0.707107
0.573725	0	-0.819048
0.422574	0	-0.906328
0.258819	0	-0.965926
0.087167	0	-0.996194
-0.0872003	0	-0.996191
-0.258632	0	-0.965976
-0.422665	0	-0.906286
-0.573507	0	-0.8192
-0.707051	0	-0.707163
-0.819111	0	-0.573635
-0.906458	0	-0.422296
-0.96587	0	-0.259029
-0.996213	0	-0.0869487
-0.996212	0	0.0869584
-0.96587	0	0.259029
-0.906478	0	0.422253
-0.819074	0	0.573688
-0.707051	0	0.707163
-0.573507	0	0.8192
-0.422665	0	0.906286
-0.258736	0	0.965948
-0.0872003	0	0.996191
0.0872003	-0	0.996191
0.422665	-0	0.906286
0.573507	-0	0.8192
0.707051	-0	0.707163
0.819074	-0	0.573688
0.906478	-0	0.422253
0.96587	-0	0.259029
0.996212	-0	0.0869584
0.996213	0	-0.0869487
0.96587	0	-0.259029
0.906458	0	-0.422296
0.819111	0	-0.573635
0.707051	0	-0.707163
0.573507	0	-0.8192
0.422665	0	-0.906286
0.258632	0	-0.965976
0.0872003	0	-0.996191
-0.258819	0	-0.965926
-0.573725	0	-0.819048
-0.818885	0	-0.573957
-0.996227	0	0.0867908
-0.965892	0	0.258946
-0.818914	0	0.573916
-0.573725	0	0.819048
0.818914	-0	0.573916
0.966069	-0	0.258283
0.996165	-0	0.0874968
0.966069	0	-0.258283
0.818885	0	-0.573957
-0.258832	0	-0.965922
-0.819103	0	-0.573647
-0.906384	0	-0.422455
-0.996174	0	-0.0873956
-0.996174	0	0.0873956
-0.906384	0	0.422455
-0.819097	0	0.573655
-0.573617	0	0.819123
-0.422553	0	0.906338
-0.258848	0	0.965918
0.258848	-0	0.965918
0.42266	-0	0.906288
0.573486	-0	0.819215
0.819097	-0	0.573655
0.906384	-0	0.422455
0.906384	0	-0.422455
0.819103	0	-0.573647
0.258832	0	-0.965922
-0.0871978	0	-0.996191
-0.258757	0	-0.965942
-0.422621	0	-0.906306
-0.819328	0	-0.573324
-0.819339	0	0.57331
-0.573546	0	0.819173
0.573546	-0	0.819173
0.819105	-0	0.573644
0.906241	-0	0.422761
0.966016	-0	0.258484
0.966016	0	-0.258484
0.906241	0	-0.422761
0.819094	0	-0.573659
0.422621	0	-0.906306
0.258881	0	-0.965909
0.0871546	0	-0.996195
-0.422567	0	-0.906332
-0.573606	0	-0.819132
0.08716	-0	0.996194
0.258778	-0	0.965937
0.573617	-0	0.819123
0.70701	-0	0.707203
0.819229	-0	0.573467
0.819234	0	-0.573459
0.70701	0	-0.707203
0.573606	0	-0.819132
0.422675	0	-0.906282
0.258762	0	-0.965941
0.08716	0	-0.996194
-0.0871531	0	-0.996195
-0.42266	0	-0.906288
-0.573486	0	-0.819215
-0.965924	0	0.258826
-0.906381	0	0.422462
-0.573486	0	0.819215
-0.42266	0	0.906288
-0.0871357	0	0.996196
0.422553	-0	0.906338
0.819103	-0	0.573647
0.906381	-0	0.422462
0.965924	-0	0.258826
0.996174	-0	0.0873956
0.996174	0	-0.0873956
0.819097	0	-0.573655
0.573617	0	-0.819123
0.422553	0	-0.906338
0.0871774	0	-0.996193

#	Mesh	0	End

