#	Mesh	0	Begin

#	Vertex	276
74318.3	10124.5	-50
74318.3	10124.5	5230
74318.3	10324.5	0
74318.3	10324.5	-50
74318.3	10324.5	5230
74318.3	10124.5	2100
72518.3	10324.5	0
70718.3	10324.5	0
70718.3	10324.5	-50
70718.3	10324.5	5230
72518.3	10324.5	2100
74318.3	10324.5	2100
72558.9	10324.5	3850
72258.9	10324.5	3850
71958.9	10324.5	3850
71658.9	10324.5	3850
71658.9	10324.5	4050
71958.9	10324.5	4050
72258.9	10324.5	4050
72558.9	10324.5	4050
71058.3	10324.5	3412
72058.3	10324.5	3412
72058.3	10324.5	2888
71058.3	10324.5	2888
72818.3	10324.5	3412
73818.3	10324.5	3412
73818.3	10324.5	2888
72818.3	10324.5	2888
72558.9	10324.5	4150
71858.9	10324.5	4150
71858.9	10324.5	4350
72558.9	10324.5	4350
73698.6	10324.5	3969.61
73683.9	10324.5	3970.91
73669.5	10324.5	3974.74
73656.1	10324.5	3981
73644	10324.5	3989.5
73633.5	10324.5	3999.98
73625	10324.5	4012.11
73618.7	10324.5	4025.54
73614.9	10324.5	4039.85
73613.6	10324.5	4054.61
73614.9	10324.5	4069.37
73618.7	10324.5	4083.69
73625	10324.5	4097.11
73633.5	10324.5	4109.25
73644	10324.5	4119.73
73656.1	10324.5	4128.23
73669.5	10324.5	4134.49
73683.9	10324.5	4138.32
73698.6	10324.5	4139.61
73713.4	10324.5	4138.32
73727.7	10324.5	4134.49
73741.1	10324.5	4128.23
73753.3	10324.5	4119.73
73763.7	10324.5	4109.25
73772.2	10324.5	4097.11
73778.5	10324.5	4083.69
73782.3	10324.5	4069.37
73783.6	10324.5	4054.61
73782.3	10324.5	4039.85
73778.5	10324.5	4025.54
73772.2	10324.5	4012.11
73763.7	10324.5	3999.98
73753.3	10324.5	3989.5
73741.1	10324.5	3981
73727.7	10324.5	3974.74
73713.4	10324.5	3970.91
73343.4	10324.5	4035.83
73328.6	10324.5	4037.12
73314.3	10324.5	4040.96
73300.9	10324.5	4047.22
73288.8	10324.5	4055.72
73278.3	10324.5	4066.2
73269.8	10324.5	4078.33
73263.5	10324.5	4091.76
73259.7	10324.5	4106.07
73258.4	10324.5	4120.83
73259.7	10324.5	4135.59
73263.5	10324.5	4149.9
73269.8	10324.5	4163.33
73278.3	10324.5	4175.47
73288.8	10324.5	4185.95
73300.9	10324.5	4194.45
73314.3	10324.5	4200.71
73328.6	10324.5	4204.54
73343.4	10324.5	4205.83
73358.2	10324.5	4204.54
73372.5	10324.5	4200.71
73385.9	10324.5	4194.45
73398	10324.5	4185.95
73408.5	10324.5	4175.47
73417	10324.5	4163.33
73423.3	10324.5	4149.9
73427.1	10324.5	4135.59
73428.4	10324.5	4120.83
73427.1	10324.5	4106.07
73423.3	10324.5	4091.76
73417	10324.5	4078.33
73408.5	10324.5	4066.2
73398	10324.5	4055.72
73385.9	10324.5	4047.22
73372.5	10324.5	4040.96
73358.2	10324.5	4037.12
73009.1	10324.5	4137.39
73003.6	10324.5	4137.87
72998.4	10324.5	4139.29
72993.4	10324.5	4141.61
72988.9	10324.5	4144.76
72985	10324.5	4148.64
72981.8	10324.5	4153.14
72979.5	10324.5	4158.12
72978.1	10324.5	4163.42
72977.6	10324.5	4168.89
72978.1	10324.5	4174.36
72979.5	10324.5	4179.67
72981.8	10324.5	4184.64
72985	10324.5	4189.14
72988.9	10324.5	4193.02
72993.4	10324.5	4196.17
72998.4	10324.5	4198.49
73003.6	10324.5	4199.91
73009.1	10324.5	4200.39
73014.6	10324.5	4199.91
73019.9	10324.5	4198.49
73024.9	10324.5	4196.17
73029.4	10324.5	4193.02
73033.3	10324.5	4189.14
73036.4	10324.5	4184.64
73038.7	10324.5	4179.67
73040.1	10324.5	4174.36
73040.6	10324.5	4168.89
73040.1	10324.5	4163.42
73038.7	10324.5	4158.12
73036.4	10324.5	4153.14
73033.3	10324.5	4148.64
73029.4	10324.5	4144.76
73024.9	10324.5	4141.61
73019.9	10324.5	4139.29
73014.6	10324.5	4137.87
70718.3	10124.5	0
70718.3	10124.5	-50
70718.3	10124.5	5230
70718.3	10324.5	2100
72518.3	10124.5	0
74318.3	10124.5	0
72518.3	10124.5	2100
70718.3	10124.5	2100
72258.9	10124.5	3850
72558.9	10124.5	3850
72558.9	10124.5	4050
72258.9	10124.5	4050
71958.9	10124.5	4050
71658.9	10124.5	4050
71658.9	10124.5	3850
71958.9	10124.5	3850
72058.3	10124.5	3412
71058.3	10124.5	3412
71058.3	10124.5	2888
72058.3	10124.5	2888
73818.3	10124.5	3412
72818.3	10124.5	3412
72818.3	10124.5	2888
73818.3	10124.5	2888
71858.9	10124.5	4150
72558.9	10124.5	4150
72558.9	10124.5	4350
71858.9	10124.5	4350
73683.9	10124.5	3970.91
73698.6	10124.5	3969.61
73713.4	10124.5	3970.91
73727.7	10124.5	3974.74
73741.1	10124.5	3981
73753.3	10124.5	3989.5
73763.7	10124.5	3999.98
73772.2	10124.5	4012.11
73778.5	10124.5	4025.54
73782.3	10124.5	4039.85
73783.6	10124.5	4054.61
73782.3	10124.5	4069.37
73778.5	10124.5	4083.69
73772.2	10124.5	4097.11
73763.7	10124.5	4109.25
73753.3	10124.5	4119.73
73741.1	10124.5	4128.23
73727.7	10124.5	4134.49
73713.4	10124.5	4138.32
73698.6	10124.5	4139.61
73683.9	10124.5	4138.32
73669.5	10124.5	4134.49
73656.1	10124.5	4128.23
73644	10124.5	4119.73
73633.5	10124.5	4109.25
73625	10124.5	4097.11
73618.7	10124.5	4083.69
73614.9	10124.5	4069.37
73613.6	10124.5	4054.61
73614.9	10124.5	4039.85
73618.7	10124.5	4025.54
73625	10124.5	4012.11
73633.5	10124.5	3999.98
73644	10124.5	3989.5
73656.1	10124.5	3981
73669.5	10124.5	3974.74
73328.6	10124.5	4037.12
73343.4	10124.5	4035.83
73358.2	10124.5	4037.12
73372.5	10124.5	4040.96
73385.9	10124.5	4047.22
73398	10124.5	4055.72
73408.5	10124.5	4066.2
73417	10124.5	4078.33
73423.3	10124.5	4091.76
73427.1	10124.5	4106.07
73428.4	10124.5	4120.83
73427.1	10124.5	4135.59
73423.3	10124.5	4149.9
73417	10124.5	4163.33
73408.5	10124.5	4175.47
73398	10124.5	4185.95
73385.9	10124.5	4194.45
73372.5	10124.5	4200.71
73358.2	10124.5	4204.54
73343.4	10124.5	4205.83
73328.6	10124.5	4204.54
73314.3	10124.5	4200.71
73300.9	10124.5	4194.45
73288.8	10124.5	4185.95
73278.3	10124.5	4175.47
73269.8	10124.5	4163.33
73263.5	10124.5	4149.9
73259.7	10124.5	4135.59
73258.4	10124.5	4120.83
73259.7	10124.5	4106.07
73263.5	10124.5	4091.76
73269.8	10124.5	4078.33
73278.3	10124.5	4066.2
73288.8	10124.5	4055.72
73300.9	10124.5	4047.22
73314.3	10124.5	4040.96
73003.6	10124.5	4137.87
73009.1	10124.5	4137.39
73014.6	10124.5	4137.87
73019.9	10124.5	4139.29
73024.9	10124.5	4141.61
73029.4	10124.5	4144.76
73033.3	10124.5	4148.64
73036.4	10124.5	4153.14
73038.7	10124.5	4158.12
73040.1	10124.5	4163.42
73040.6	10124.5	4168.89
73040.1	10124.5	4174.36
73038.7	10124.5	4179.67
73036.4	10124.5	4184.64
73033.3	10124.5	4189.14
73029.4	10124.5	4193.02
73024.9	10124.5	4196.17
73019.9	10124.5	4198.49
73014.6	10124.5	4199.91
73009.1	10124.5	4200.39
73003.6	10124.5	4199.91
72998.4	10124.5	4198.49
72993.4	10124.5	4196.17
72988.9	10124.5	4193.02
72985	10124.5	4189.14
72981.8	10124.5	4184.64
72979.5	10124.5	4179.67
72978.1	10124.5	4174.36
72977.6	10124.5	4168.89
72978.1	10124.5	4163.42
72979.5	10124.5	4158.12
72981.8	10124.5	4153.14
72985	10124.5	4148.64
72988.9	10124.5	4144.76
72993.4	10124.5	4141.61
72998.4	10124.5	4139.29

#	Triangle	100
145	3	2	0	3	145	11	1	5	4	1	11	154	16	153	15	16	154	158	20	157	23	20	158	162	24	161	27	24	162	164	30	167	29	30	164
7	3	8	7	6	3	6	2	3	9	23	143	23	10	143	23	11	10	23	22	11	22	27	11	27	26	11	26	4	11	9	20	23	21	27	22	21	24	27	25	4	26	9	15	20	15	21	20	15	24	21	15	25	24	15	14	25	14	13	25	13	12	25	12	32	25	32	67	25	67	66	25	66	65	25	65	64	25	64	63	25	63	62	25	62	61	25	61	4	25	9	16	15	19	32	12	19	33	32	19	34	33	19	35	34	19	36	35	19	37	36	19	38	37	19	39	38	19	68	39	68	40	39	60	4	61	19	69	68	103	40	68	19	70	69	102	40	103	102	41	40	59	4	60	19	71	70	101	41	102	19	72	71	100	41	101	9	17	16	9	29	17	29	18	17	29	19	18	29	72	19	100	42	41	58	4	59	29	73	72	99	42	100	29	74	73	98	42	99	98	43	42	57	4	58	29	75	74	97	43	98	97	44	43	56	4	57	29	76	75	96	44	97	96	45	44	55	4	56	29	77	76	95	45	96	95	46	45	54	4	55	95	47	46	53	4	54	29	104	77	104	78	77	94	47	95	94	48	47	52	4	53	94	49	48	51	4	52	104	79	78	93	49	94	29	105	104	139	79	104	29	106	105	138	79	139	93	50	49	50	4	51	29	107	106	137	79	138	93	4	50	29	108	107	136	79	137	29	109	108	135	79	136	29	28	109	28	110	109	134	79	135	134	80	79	92	4	93	9	30	29	31	110	28	31	111	110	133	80	134	31	112	111	132	80	133	132	81	80	91	4	92	31	113	112	131	81	132	31	114	113	130	81	131	31	115	114	129	81	130	129	82	81	90	4	91	31	116	115	128	82	129	31	117	116	127	82	128	127	83	82	89	4	90	31	118	117	126	83	127	31	119	118	125	83	126	125	84	83	88	4	89	31	120	119	124	84	125	31	121	120	123	84	124	31	122	121	122	84	123	31	84	122	31	85	84	87	4	88	31	86	85	86	4	87	31	4	86	9	31	30	9	4	31
7	141	140	8	141	7	147	9	143	142	9	147	150	12	149	19	12	150	156	22	159	21	22	156	160	26	163	25	26	160	166	28	165	31	28	166
145	141	0	145	144	141	144	140	141	1	163	5	163	146	5	163	147	146	163	162	147	162	159	147	159	158	147	158	142	147	1	160	163	161	159	162	161	156	159	157	142	158	1	176	160	176	175	160	175	174	160	174	173	160	173	172	160	172	171	160	171	170	160	170	169	160	169	161	160	169	156	161	169	157	156	169	149	157	149	148	157	148	155	157	155	154	157	154	142	157	169	150	149	153	142	154	168	150	169	203	150	168	202	150	203	201	150	202	200	150	201	199	150	200	198	150	199	1	177	176	197	205	198	205	150	198	197	206	205	204	150	205	197	207	206	239	150	204	1	178	177	196	207	197	196	208	207	238	150	239	196	209	208	237	150	238	237	151	150	237	152	151	237	153	152	237	241	153	241	240	153	240	275	153	275	274	153	274	165	153	165	164	153	164	142	153	1	179	178	195	209	196	195	210	209	236	241	237	195	211	210	235	241	236	1	180	179	194	211	195	194	212	211	234	241	235	1	181	180	193	212	194	193	213	212	233	241	234	1	182	181	192	213	193	192	214	213	232	241	233	1	183	182	191	214	192	1	184	183	190	214	191	190	215	214	231	241	232	1	185	184	189	215	190	1	186	185	188	215	189	188	216	215	230	241	231	230	242	241	230	243	242	1	187	186	187	216	188	230	244	243	1	216	187	230	245	244	273	165	274	230	246	245	272	165	273	230	247	246	271	165	272	1	217	216	229	247	230	271	166	165	167	142	164	229	248	247	270	166	271	229	249	248	269	166	270	1	218	217	228	249	229	228	250	249	268	166	269	228	251	250	267	166	268	228	252	251	266	166	267	1	219	218	227	252	228	227	253	252	265	166	266	227	254	253	264	166	265	1	220	219	226	254	227	226	255	254	263	166	264	226	256	255	262	166	263	1	221	220	225	256	226	225	257	256	261	166	262	225	258	257	260	166	261	225	259	258	259	166	260	225	166	259	1	222	221	224	166	225	1	223	222	223	166	224	1	166	223	1	167	166	1	142	167
0	8	3	141	8	0	151	19	150	18	19	151	153	17	152	16	17	153	152	18	151	17	18	152	10	5	146	11	5	10	143	146	147	10	146	143	157	21	156	20	21	157	161	25	160	24	25	161	167	31	166	30	31	167
4	142	1	9	142	4	149	13	148	12	13	149	155	15	154	14	15	155	148	14	155	13	14	148	2	144	145	6	144	2	6	140	144	7	140	6	159	23	158	22	23	159	163	27	162	26	27	163	165	29	164	28	29	165
169	33	168	32	33	169
168	34	203	33	34	168	204	70	239	69	70	204
203	35	202	34	35	203
202	36	201	35	36	202	238	72	237	71	72	238
201	37	200	36	37	201
200	38	199	37	38	200
199	39	198	38	39	199
198	40	197	39	40	198	234	76	233	75	76	234
197	41	196	40	41	197
196	42	195	41	42	196	232	78	231	77	78	232
195	43	194	42	43	195	231	79	230	78	79	231
194	44	193	43	44	194
193	45	192	44	45	193
192	46	191	45	46	192
191	47	190	46	47	191
190	48	189	47	48	190
189	49	188	48	49	189
188	50	187	49	50	188
187	51	186	50	51	187	223	87	222	86	87	223
186	52	185	51	52	186
185	53	184	52	53	185	221	89	220	88	89	221
184	54	183	53	54	184
183	55	182	54	55	183
182	56	181	55	56	182
181	57	180	56	57	181
180	58	179	57	58	180	216	94	215	93	94	216
179	59	178	58	59	179
178	60	177	59	60	178
177	61	176	60	61	177	213	97	212	96	97	213
176	62	175	61	62	176
175	63	174	62	63	175
174	64	173	63	64	174
173	65	172	64	65	173
172	66	171	65	66	172	208	102	207	101	102	208
171	67	170	66	67	171	207	103	206	102	103	207
170	32	169	67	32	170	206	68	205	103	68	206
205	69	204	68	69	205
239	71	238	70	71	239
237	73	236	72	73	237
236	74	235	73	74	236
235	75	234	74	75	235
233	77	232	76	77	233
230	80	229	79	80	230
229	81	228	80	81	229
228	82	227	81	82	228	264	118	263	117	118	264
227	83	226	82	83	227
226	84	225	83	84	226
225	85	224	84	85	225
224	86	223	85	86	224
222	88	221	87	88	222
220	90	219	89	90	220
219	91	218	90	91	219	255	127	254	126	127	255
218	92	217	91	92	218
217	93	216	92	93	217
215	95	214	94	95	215
214	96	213	95	96	214
212	98	211	97	98	212
211	99	210	98	99	211
210	100	209	99	100	210
209	101	208	100	101	209
241	105	240	104	105	241
240	106	275	105	106	240
275	107	274	106	107	275
274	108	273	107	108	274
273	109	272	108	109	273
272	110	271	109	110	272
271	111	270	110	111	271
270	112	269	111	112	270
269	113	268	112	113	269
268	114	267	113	114	268
267	115	266	114	115	267
266	116	265	115	116	266
265	117	264	116	117	265
263	119	262	118	119	263
262	120	261	119	120	262
261	121	260	120	121	261
260	122	259	121	122	260
259	123	258	122	123	259
258	124	257	123	124	258
257	125	256	124	125	257
256	126	255	125	126	256
254	128	253	127	128	254
253	129	252	128	129	253
252	130	251	129	130	252
251	131	250	130	131	251
250	132	249	131	132	250
249	133	248	132	133	249
248	134	247	133	134	248
247	135	246	134	135	247
246	136	245	135	136	246
245	137	244	136	137	245
244	138	243	137	138	244
243	139	242	138	139	243
242	104	241	139	104	242

#	Normal	100
-1	-0	-0
0	-1	0
1	-0	0
0	1	-0
0	0	1
0	0	-1
-0.08718	0	-0.996193
-0.2588	0	-0.965931
-0.422582	0	-0.906325
-0.573456	0	-0.819237
-0.707123	0	-0.70709
-0.819343	0	-0.573303
-0.906209	0	-0.42283
-0.965906	0	-0.258893
-0.996208	0	-0.0870036
-0.996208	0	0.0870022
-0.965906	0	0.258893
-0.906209	0	0.42283
-0.819343	0	0.573303
-0.707123	0	0.70709
-0.573445	0	0.819244
-0.422582	0	0.906325
-0.258815	0	0.965927
-0.08718	0	0.996193
0.08718	-0	0.996193
0.258815	-0	0.965927
0.422582	-0	0.906325
0.573445	-0	0.819244
0.707123	-0	0.70709
0.819343	-0	0.573303
0.906209	-0	0.42283
0.965906	-0	0.258893
0.996208	-0	0.0870022
0.996208	0	-0.0870036
0.965906	0	-0.258893
0.906209	0	-0.42283
0.819343	0	-0.573303
0.707123	0	-0.70709
0.573456	0	-0.819237
0.422582	0	-0.906325
0.2588	0	-0.965931
0.08718	0	-0.996193
-0.0871343	0	-0.996197
-0.422784	0	-0.90623
-0.707115	0	-0.707099
-0.819101	0	-0.573649
-0.906408	0	-0.422404
-0.996208	0	-0.0870022
-0.906408	0	0.422404
-0.819107	0	0.573641
-0.707107	0	0.707107
-0.573467	0	0.819229
-0.422784	0	0.90623
-0.258784	0	0.965935
-0.0871343	0	0.996197
0.258784	-0	0.965935
0.573715	-0	0.819055
0.707107	-0	0.707107
0.819107	-0	0.573641
0.906408	-0	0.422404
0.996162	-0	0.0875255
0.996162	0	-0.0875255
0.906408	0	-0.422404
0.819101	0	-0.573649
0.707115	0	-0.707099
0.573703	0	-0.819063
-0.0870435	0	-0.996205
-0.259092	0	-0.965853
-0.422647	0	-0.906294
-0.573391	0	-0.819282
-0.707062	0	-0.707151
-0.819249	0	-0.573438
-0.906328	0	-0.422574
-0.965892	0	-0.258946
-0.996226	0	-0.0867985
-0.996226	0	0.0867985
-0.965892	0	0.258946
-0.906328	0	0.422574
-0.819219	0	0.57348
-0.573391	0	0.819282
-0.422574	0	0.906328
-0.259175	0	0.96583
-0.0870435	0	0.996205
0.087167	-0	0.996194
0.258819	-0	0.965926
0.422574	-0	0.906328
0.57406	-0	0.818814
0.819219	-0	0.57348
0.906328	-0	0.422574
0.965892	-0	0.258946
0.996102	-0	0.0882104
0.996102	0	-0.0882104
0.965892	0	-0.258946
0.906328	0	-0.422574
0.819249	0	-0.573438
0.707062	0	-0.707151
0.57406	0	-0.818814
0.422647	0	-0.906294
0.258736	0	-0.965948
0.087167	0	-0.996194

#	Mesh	0	End

