#	Mesh	0	Begin

#	Vertex	24
57218.3	1114.53	-100
57218.3	1114.53	5230
57418.3	1114.53	5230
57418.3	1114.53	-100
57418.3	11914.5	5230
57418.3	11914.5	-100
57418.3	7614.53	0
57418.3	9314.53	0
57418.3	9314.53	2400
57418.3	7614.53	2400
57418.3	4114.53	0
57418.3	5814.53	0
57418.3	5814.53	2400
57418.3	4114.53	2400
57218.3	11914.5	5230
57218.3	11914.5	-100
57218.3	9314.53	0
57218.3	7614.53	0
57218.3	7614.53	2400
57218.3	9314.53	2400
57218.3	5814.53	0
57218.3	4114.53	0
57218.3	4114.53	2400
57218.3	5814.53	2400

#	Triangle	6
0	2	1	3	2	0	7	19	16	8	19	7	11	23	20	12	23	11
4	7	5	7	3	5	7	6	3	6	11	3	11	10	3	10	2	3	4	8	7	9	11	6	9	12	11	13	2	10	4	9	8	4	12	9	4	13	12	4	2	13
5	14	4	15	14	5	9	17	18	6	17	9	13	21	22	10	21	13
1	21	0	21	15	0	21	20	15	20	17	15	17	16	15	16	14	15	1	22	21	23	17	20	23	18	17	19	14	16	1	23	22	1	18	23	1	19	18	1	14	19
0	5	3	15	5	0	8	18	19	9	18	8	12	22	23	13	22	12
2	14	1	4	14	2	6	16	17	7	16	6	10	20	21	11	20	10

#	Normal	6
-0	1	0
-1	0	0
-0	-1	-0
1	0	0
0	-0	1
0	0	-1

#	Mesh	0	End

