#	Mesh	0	Begin

#	Vertex	56
70718.3	9164.53	-50
70718.3	9164.53	4450
70518.3	9164.53	4450
70518.3	9164.53	-50
70518.3	1464.53	4450
70518.3	1464.53	-50
70518.3	2564.53	2100
70518.3	4364.53	2100
70518.3	4364.53	0
70518.3	2564.53	0
70518.3	5764.53	2100
70518.3	7564.53	2100
70518.3	7564.53	0
70518.3	5764.53	0
70518.3	7814.53	2100
70518.3	9014.53	2100
70518.3	9014.53	200
70518.3	7814.53	200
70518.3	8079.53	4023.28
70518.3	8679.53	4023.28
70518.3	8679.53	2888
70518.3	8079.53	2888
70518.3	6324.53	4023.28
70518.3	6924.53	4023.28
70518.3	6924.53	2888
70518.3	6324.53	2888
70518.3	3244.53	4023.28
70518.3	3844.53	4023.28
70518.3	3844.53	2888
70518.3	3244.53	2888
70718.3	1464.53	4450
70718.3	1464.53	-50
70718.3	4364.53	2100
70718.3	2564.53	2100
70718.3	2564.53	0
70718.3	4364.53	0
70718.3	7564.53	2100
70718.3	5764.53	2100
70718.3	5764.53	0
70718.3	7564.53	0
70718.3	9014.53	2100
70718.3	7814.53	2100
70718.3	7814.53	200
70718.3	9014.53	200
70718.3	8679.53	4023.28
70718.3	8079.53	4023.28
70718.3	8079.53	2888
70718.3	8679.53	2888
70718.3	6924.53	4023.28
70718.3	6324.53	4023.28
70718.3	6324.53	2888
70718.3	6924.53	2888
70718.3	3844.53	4023.28
70718.3	3244.53	4023.28
70718.3	3244.53	2888
70718.3	3844.53	2888

#	Triangle	6
0	2	1	3	2	0	46	18	45	21	18	46	50	22	49	25	22	50	54	26	53	29	26	54	9	33	34	6	33	9	13	37	38	10	37	13	41	17	14	42	17	41
4	9	5	9	3	5	9	8	3	8	13	3	13	12	3	12	17	3	17	16	3	16	2	3	4	6	9	7	13	8	7	10	13	11	17	12	11	14	17	15	2	16	4	29	6	29	7	6	29	10	7	29	11	10	29	14	11	29	15	14	29	28	15	28	25	15	25	24	15	24	21	15	21	20	15	20	2	15	4	26	29	27	25	28	27	22	25	23	21	24	23	18	21	19	2	20	4	27	26	4	22	27	4	23	22	4	18	23	4	19	18	4	2	19
5	30	4	31	30	5	44	20	47	19	20	44	48	24	51	23	24	48	52	28	55	27	28	52	7	35	32	8	35	7	11	39	36	12	39	11	43	15	16	40	15	43
1	43	0	43	39	0	39	31	0	39	38	31	38	35	31	35	34	31	34	30	31	43	42	39	42	36	39	37	35	38	37	32	35	33	30	34	1	40	43	41	36	42	1	47	40	47	41	40	47	36	41	47	37	36	47	32	37	47	33	32	47	46	33	46	51	33	51	50	33	50	55	33	55	54	33	54	30	33	1	44	47	45	51	46	45	48	51	49	55	50	49	52	55	53	30	54	1	45	44	1	48	45	1	49	48	1	52	49	1	53	52	1	30	53
0	5	3	31	5	0	45	19	44	18	19	45	49	23	48	22	23	49	53	27	52	26	27	53	6	32	33	7	32	6	10	36	37	11	36	10	40	14	15	41	14	40
2	30	1	4	30	2	47	21	46	20	21	47	51	25	50	24	25	51	55	29	54	28	29	55	8	34	35	9	34	8	12	38	39	13	38	12	42	16	17	43	16	42

#	Normal	6
-0	-1	-0
1	0	0
-0	1	0
-1	0	0
-0	0	1
-0	-0	-1

#	Mesh	0	End

