#	Mesh	0	Begin

#	Vertex	32
62063.3	-6032.97	-100
62063.3	-6032.97	5230
62368.3	-6032.97	5230
62368.3	-6032.97	-100
62368.3	-4703.64	3950
62368.3	-4703.64	4550
62368.3	764.525	5230
62368.3	764.525	-100
62368.3	-2036.44	3950
62368.3	-1136.44	3950
62368.3	-1136.44	4550
62368.3	-2036.44	4550
62368.3	-4394.1	3820
62368.3	-2694.1	3820
62368.3	-2694.1	4550
62368.3	-4394.1	4550
62063.3	764.525	5230
62063.3	764.525	-100
62063.3	-4703.64	4550
62063.3	-4703.64	3950
62063.3	-1136.44	3950
62063.3	-2036.44	3950
62063.3	-2036.44	4550
62063.3	-1136.44	4550
62063.3	-2694.1	3820
62063.3	-4394.1	3820
62063.3	-4394.1	4550
62063.3	-2694.1	4550
62063.3	-6032.97	3950
62368.3	-6032.97	3950
62368.3	-6032.97	4550
62063.3	-6032.97	4550

#	Triangle	6
28	3	29	0	3	28	30	1	31	2	1	30	19	5	18	4	5	19	20	10	23	9	10	20	24	14	27	13	14	24
6	3	7	6	9	3	9	13	3	13	12	3	12	29	3	9	8	13	8	14	13	15	4	12	4	29	12	6	10	9	11	14	8	15	5	4	6	11	10	6	14	11	6	15	14	6	5	15	6	30	5	6	2	30
7	16	6	17	16	7	22	8	21	11	8	22	26	12	25	15	12	26
28	17	0	28	25	17	25	24	17	24	21	17	21	20	17	20	16	17	28	19	25	19	26	25	27	21	24	18	26	19	27	22	21	23	16	20	1	18	31	1	26	18	1	27	26	1	22	27	1	23	22	1	16	23
0	7	3	17	7	0	18	30	31	5	30	18	23	11	22	10	11	23	27	15	26	14	15	27
2	16	1	6	16	2	4	28	29	19	28	4	21	9	20	8	9	21	25	13	24	12	13	25

#	Normal	6
0	1	0
-1	0	0
-0	-1	-0
1	0	0
0	-0	1
0	0	-1

#	Mesh	0	End

