#	Mesh	0	Begin

#	Vertex	160
58068.3	-28135.5	-50
58068.3	-28135.5	5230
57868.3	-28135.5	5230
57868.3	-28135.5	-50
57868.3	-43185.5	5230
57868.3	-43185.5	-50
57868.3	-38285.5	3820
57868.3	-40385.5	3820
57868.3	-40385.5	4550
57868.3	-38285.5	4550
57868.3	-28868.4	4252.82
57868.3	-28880.6	4253.89
57868.3	-28892.4	4257.04
57868.3	-28903.4	4262.2
57868.3	-28913.4	4269.2
57868.3	-28922	4277.83
57868.3	-28929	4287.82
57868.3	-28934.2	4298.88
57868.3	-28937.4	4310.67
57868.3	-28938.4	4322.82
57868.3	-28937.4	4334.98
57868.3	-28934.2	4346.76
57868.3	-28929	4357.82
57868.3	-28922	4367.82
57868.3	-28913.4	4376.45
57868.3	-28903.4	4383.44
57868.3	-28892.4	4388.6
57868.3	-28880.6	4391.76
57868.3	-28868.4	4392.82
57868.3	-28856.3	4391.76
57868.3	-28844.5	4388.6
57868.3	-28833.4	4383.44
57868.3	-28823.4	4376.45
57868.3	-28814.8	4367.82
57868.3	-28807.8	4357.82
57868.3	-28802.6	4346.76
57868.3	-28799.5	4334.98
57868.3	-28798.4	4322.82
57868.3	-28799.5	4310.67
57868.3	-28802.6	4298.88
57868.3	-28807.8	4287.82
57868.3	-28814.8	4277.83
57868.3	-28823.4	4269.2
57868.3	-28833.4	4262.2
57868.3	-28844.5	4257.04
57868.3	-28856.3	4253.89
57868.3	-29135.2	4252.99
57868.3	-29147.4	4254.06
57868.3	-29159.2	4257.21
57868.3	-29170.2	4262.37
57868.3	-29180.2	4269.37
57868.3	-29188.8	4278
57868.3	-29195.8	4287.99
57868.3	-29201	4299.05
57868.3	-29204.2	4310.84
57868.3	-29205.2	4322.99
57868.3	-29204.2	4335.15
57868.3	-29201	4346.93
57868.3	-29195.8	4357.99
57868.3	-29188.8	4367.99
57868.3	-29180.2	4376.62
57868.3	-29170.2	4383.61
57868.3	-29159.2	4388.77
57868.3	-29147.4	4391.93
57868.3	-29135.2	4392.99
57868.3	-29123.1	4391.93
57868.3	-29111.3	4388.77
57868.3	-29100.2	4383.61
57868.3	-29090.2	4376.62
57868.3	-29081.6	4367.99
57868.3	-29074.6	4357.99
57868.3	-29069.4	4346.93
57868.3	-29066.3	4335.15
57868.3	-29065.2	4322.99
57868.3	-29066.3	4310.84
57868.3	-29069.4	4299.05
57868.3	-29074.6	4287.99
57868.3	-29081.6	4278
57868.3	-29090.2	4269.37
57868.3	-29100.2	4262.37
57868.3	-29111.3	4257.21
57868.3	-29123.1	4254.06
58068.3	-43185.5	5230
58068.3	-43185.5	-50
58068.3	-40385.5	3820
58068.3	-38285.5	3820
58068.3	-38285.5	4550
58068.3	-40385.5	4550
58068.3	-28880.6	4253.89
58068.3	-28868.4	4252.82
58068.3	-28856.3	4253.89
58068.3	-28844.5	4257.04
58068.3	-28833.4	4262.2
58068.3	-28823.4	4269.2
58068.3	-28814.8	4277.83
58068.3	-28807.8	4287.82
58068.3	-28802.6	4298.88
58068.3	-28799.5	4310.67
58068.3	-28798.4	4322.82
58068.3	-28799.5	4334.98
58068.3	-28802.6	4346.76
58068.3	-28807.8	4357.82
58068.3	-28814.8	4367.82
58068.3	-28823.4	4376.45
58068.3	-28833.4	4383.44
58068.3	-28844.5	4388.6
58068.3	-28856.3	4391.76
58068.3	-28868.4	4392.82
58068.3	-28880.6	4391.76
58068.3	-28892.4	4388.6
58068.3	-28903.4	4383.44
58068.3	-28913.4	4376.45
58068.3	-28922	4367.82
58068.3	-28929	4357.82
58068.3	-28934.2	4346.76
58068.3	-28937.4	4334.98
58068.3	-28938.4	4322.82
58068.3	-28937.4	4310.67
58068.3	-28934.2	4298.88
58068.3	-28929	4287.82
58068.3	-28922	4277.83
58068.3	-28913.4	4269.2
58068.3	-28903.4	4262.2
58068.3	-28892.4	4257.04
58068.3	-29147.4	4254.06
58068.3	-29135.2	4252.99
58068.3	-29123.1	4254.06
58068.3	-29111.3	4257.21
58068.3	-29100.2	4262.37
58068.3	-29090.2	4269.37
58068.3	-29081.6	4278
58068.3	-29074.6	4287.99
58068.3	-29069.4	4299.05
58068.3	-29066.3	4310.84
58068.3	-29065.2	4322.99
58068.3	-29066.3	4335.15
58068.3	-29069.4	4346.93
58068.3	-29074.6	4357.99
58068.3	-29081.6	4367.99
58068.3	-29090.2	4376.62
58068.3	-29100.2	4383.61
58068.3	-29111.3	4388.77
58068.3	-29123.1	4391.93
58068.3	-29135.2	4392.99
58068.3	-29147.4	4391.93
58068.3	-29159.2	4388.77
58068.3	-29170.2	4383.61
58068.3	-29180.2	4376.62
58068.3	-29188.8	4367.99
58068.3	-29195.8	4357.99
58068.3	-29201	4346.93
58068.3	-29204.2	4335.15
58068.3	-29205.2	4322.99
58068.3	-29204.2	4310.84
58068.3	-29201	4299.05
58068.3	-29195.8	4287.99
58068.3	-29188.8	4278
58068.3	-29180.2	4269.37
58068.3	-29170.2	4262.37
58068.3	-29159.2	4257.21

#	Triangle	57
0	2	1	3	2	0	84	8	87	7	8	84
4	7	5	7	3	5	7	6	3	6	10	3	10	45	3	45	44	3	44	43	3	43	42	3	42	41	3	41	2	3	4	8	7	9	46	6	46	10	6	46	11	10	9	47	46	81	11	46	81	12	11	9	48	47	80	12	81	80	13	12	9	49	48	79	13	80	79	14	13	9	50	49	78	14	79	78	15	14	9	51	50	77	15	78	77	16	15	40	2	41	9	52	51	76	16	77	76	17	16	39	2	40	9	53	52	75	17	76	75	18	17	38	2	39	9	54	53	74	18	75	74	19	18	37	2	38	9	55	54	73	19	74	73	20	19	36	2	37	9	56	55	72	20	73	72	21	20	35	2	36	9	57	56	71	21	72	71	22	21	34	2	35	9	58	57	70	22	71	70	23	22	33	2	34	9	59	58	69	23	70	69	24	23	32	2	33	9	60	59	68	24	69	68	25	24	31	2	32	9	61	60	67	25	68	67	26	25	30	2	31	9	62	61	66	26	67	66	27	26	29	2	30	9	63	62	65	27	66	65	28	27	28	2	29	9	64	63	64	28	65	64	2	28	9	2	64	4	9	8	4	2	9
5	82	4	83	82	5	86	6	85	9	6	86
1	94	0	94	93	0	93	92	0	92	91	0	91	90	0	90	89	0	89	83	0	89	85	83	85	84	83	84	82	83	89	125	85	125	86	85	87	82	84	88	125	89	88	126	125	124	86	125	123	126	88	123	127	126	159	86	124	122	127	123	122	128	127	158	86	159	121	128	122	121	129	128	157	86	158	120	129	121	120	130	129	156	86	157	1	95	94	119	130	120	119	131	130	155	86	156	1	96	95	118	131	119	118	132	131	154	86	155	1	97	96	117	132	118	117	133	132	153	86	154	1	98	97	116	133	117	116	134	133	152	86	153	1	99	98	115	134	116	115	135	134	151	86	152	1	100	99	114	135	115	114	136	135	150	86	151	1	101	100	113	136	114	113	137	136	149	86	150	1	102	101	112	137	113	112	138	137	148	86	149	1	103	102	111	138	112	111	139	138	147	86	148	1	104	103	110	139	111	110	140	139	146	86	147	1	105	104	109	140	110	109	141	140	145	86	146	1	106	105	108	141	109	108	142	141	144	86	145	1	107	106	107	142	108	107	143	142	143	86	144	1	143	107	1	86	143	1	87	86	1	82	87
0	5	3	83	5	0	87	9	86	8	9	87
2	82	1	4	82	2	85	7	84	6	7	85
89	11	88	10	11	89	125	47	124	46	47	125
88	12	123	11	12	88	124	48	159	47	48	124
123	13	122	12	13	123	159	49	158	48	49	159
122	14	121	13	14	122	158	50	157	49	50	158
121	15	120	14	15	121	157	51	156	50	51	157
120	16	119	15	16	120	156	52	155	51	52	156
119	17	118	16	17	119
118	18	117	17	18	118
117	19	116	18	19	117	153	55	152	54	55	153
116	20	115	19	20	116
115	21	114	20	21	115
114	22	113	21	22	114
113	23	112	22	23	113	149	59	148	58	59	149
112	24	111	23	24	112
111	25	110	24	25	111
110	26	109	25	26	110	146	62	145	61	62	146
109	27	108	26	27	109	145	63	144	62	63	145
108	28	107	27	28	108	144	64	143	63	64	144
107	29	106	28	29	107	143	65	142	64	65	143
106	30	105	29	30	106	142	66	141	65	66	142
105	31	104	30	31	105	141	67	140	66	67	141
104	32	103	31	32	104
103	33	102	32	33	103
102	34	101	33	34	102
101	35	100	34	35	101
100	36	99	35	36	100
99	37	98	36	37	99
98	38	97	37	38	98	134	74	133	73	74	134
97	39	96	38	39	97	133	75	132	74	75	133
96	40	95	39	40	96
95	41	94	40	41	95
94	42	93	41	42	94	130	78	129	77	78	130
93	43	92	42	43	93	129	79	128	78	79	129
92	44	91	43	44	92	128	80	127	79	80	128
91	45	90	44	45	91	127	81	126	80	81	127
90	10	89	45	10	90	126	46	125	81	46	126
155	53	154	52	53	155
154	54	153	53	54	154
152	56	151	55	56	152
151	57	150	56	57	151
150	58	149	57	58	150
148	60	147	59	60	148
147	61	146	60	61	147
140	68	139	67	68	140
139	69	138	68	69	139
138	70	137	69	70	138
137	71	136	70	71	137
136	72	135	71	72	136
135	73	134	72	73	135
132	76	131	75	76	132
131	77	130	76	77	131

#	Normal	57
-0	-1	-0
1	0	0
-0	1	0
-1	0	0
-0	0	1
-0	-0	-1
-0	-0.087165	-0.996194
-0	-0.258808	-0.965929
-0	-0.42262	-0.906307
-0	-0.573607	-0.81913
-0	-0.707067	-0.707147
-0	-0.819176	-0.573543
-0	-0.906322	-0.422588
-0	-0.965923	-0.258828
-0	-0.996188	-0.0872374
0	-0.996188	0.0872374
0	-0.965923	0.258828
0	-0.906322	0.422588
0	-0.819176	0.573543
0	-0.707067	0.707147
0	-0.573634	0.819112
0	-0.42262	0.906307
0	-0.258771	0.965939
0	-0.087165	0.996194
0	0.0871511	0.996195
0	0.258811	0.965928
0	0.42262	0.906307
0	0.573559	0.819164
0	0.707147	0.707067
0	0.8191	0.57365
0	0.906322	0.422588
0	0.965923	0.258828
0	0.996201	0.0870786
0	0.996201	-0.0870786
0	0.965923	-0.258828
0	0.906322	-0.422588
0	0.8191	-0.57365
0	0.707147	-0.707067
0	0.573532	-0.819183
0	0.42262	-0.906307
0	0.258848	-0.965918
0	0.0871511	-0.996195
-0	-0.906261	-0.422719
-0	-0.965963	-0.258679
0	-0.996188	0.087234
0	-0.965961	0.258689
0	-0.906261	0.422719
0	-0.707087	0.707127
0	-0.573607	0.81913
0	0.573532	0.819183
0	0.707167	0.707047
0	0.819176	0.573543
0	0.906261	0.422719
0	0.965921	0.258838
0	0.996202	0.0870751
0	0.906261	-0.422719
0	0.819176	-0.573543

#	Mesh	0	End

