#	Mesh	0	Begin

#	Vertex	40
78718.3	-28335.5	-50
78718.3	-28335.5	5230
78718.3	-28135.5	5230
78718.3	-28135.5	-50
58068.3	-28135.5	5230
58068.3	-28135.5	-50
59868.3	-28135.5	2100
59868.3	-28135.5	0
58068.3	-28135.5	0
69968.3	-28135.5	4050
67868.3	-28135.5	4050
67868.3	-28135.5	4550
69968.3	-28135.5	4550
78368.3	-28135.5	3875
77868.3	-28135.5	3875
77868.3	-28135.5	4125
78368.3	-28135.5	4125
76343.3	-28135.5	3875
75843.3	-28135.5	3875
75843.3	-28135.5	4125
76343.3	-28135.5	4125
58068.3	-28335.5	0
58068.3	-28335.5	-50
58068.3	-28335.5	5230
58068.3	-28135.5	2100
59868.3	-28335.5	0
59868.3	-28335.5	2100
58068.3	-28335.5	2100
67868.3	-28335.5	4050
69968.3	-28335.5	4050
69968.3	-28335.5	4550
67868.3	-28335.5	4550
77868.3	-28335.5	3875
78368.3	-28335.5	3875
78368.3	-28335.5	4125
77868.3	-28335.5	4125
75843.3	-28335.5	3875
76343.3	-28335.5	3875
76343.3	-28335.5	4125
75843.3	-28335.5	4125

#	Triangle	6
0	2	1	3	2	0	28	11	31	10	11	28	32	15	35	14	15	32	36	19	39	18	19	36
8	3	5	8	7	3	7	18	3	18	17	3	17	14	3	14	13	3	13	2	3	6	18	7	4	6	24	4	10	6	10	18	6	10	9	18	9	19	18	20	14	17	20	15	14	16	2	13	4	11	10	12	19	9	12	20	19	12	15	20	12	16	15	12	2	16	4	12	11	4	2	12
8	22	21	5	22	8	27	4	24	23	4	27	6	25	26	7	25	6	30	9	29	12	9	30	34	13	33	16	13	34	38	17	37	20	17	38
1	33	0	33	25	0	25	22	0	25	21	22	33	26	25	33	27	26	33	32	27	32	37	27	37	36	27	36	29	27	29	28	27	28	23	27	1	34	33	35	37	32	35	38	37	39	29	36	39	30	29	31	23	28	1	35	34	1	38	35	1	39	38	1	30	39	1	31	30	1	23	31
0	5	3	22	5	0	24	26	27	6	26	24	31	12	30	11	12	31	35	16	34	15	16	35	39	20	38	19	20	39
2	23	1	4	23	2	7	21	25	8	21	7	29	10	28	9	10	29	33	14	32	13	14	33	37	18	36	17	18	37

#	Normal	6
-1	0	0
0	-1	0
1	-0	0
0	1	-0
0	0	1
0	0	-1

#	Mesh	0	End

