#	Mesh	0	Begin

#	Vertex	152
78718.3	-32085.5	-50
78718.3	-32085.5	4650
78918.3	-32085.5	4650
78918.3	-32085.5	-50
78918.3	-24435.5	4650
78918.3	-24435.5	-50
78918.3	-28868.4	4250.59
78918.3	-28856.3	4251.65
78918.3	-28844.5	4254.81
78918.3	-28833.4	4259.96
78918.3	-28823.4	4266.96
78918.3	-28814.8	4275.59
78918.3	-28807.8	4285.59
78918.3	-28802.6	4296.64
78918.3	-28799.5	4308.43
78918.3	-28798.4	4320.59
78918.3	-28799.5	4332.74
78918.3	-28802.6	4344.53
78918.3	-28807.8	4355.59
78918.3	-28814.8	4365.58
78918.3	-28823.4	4374.21
78918.3	-28833.4	4381.21
78918.3	-28844.5	4386.36
78918.3	-28856.3	4389.52
78918.3	-28868.4	4390.59
78918.3	-28880.6	4389.52
78918.3	-28892.4	4386.36
78918.3	-28903.4	4381.21
78918.3	-28913.4	4374.21
78918.3	-28922	4365.58
78918.3	-28929	4355.59
78918.3	-28934.2	4344.53
78918.3	-28937.3	4332.74
78918.3	-28938.4	4320.59
78918.3	-28937.3	4308.43
78918.3	-28934.2	4296.64
78918.3	-28929	4285.59
78918.3	-28922	4275.59
78918.3	-28913.4	4266.96
78918.3	-28903.4	4259.96
78918.3	-28892.4	4254.81
78918.3	-28880.6	4251.65
78918.3	-29135.2	4249.19
78918.3	-29123.1	4250.25
78918.3	-29111.3	4253.41
78918.3	-29100.2	4258.56
78918.3	-29090.2	4265.56
78918.3	-29081.6	4274.19
78918.3	-29074.6	4284.19
78918.3	-29069.4	4295.25
78918.3	-29066.3	4307.03
78918.3	-29065.2	4319.19
78918.3	-29066.3	4331.34
78918.3	-29069.4	4343.13
78918.3	-29074.6	4354.19
78918.3	-29081.6	4364.18
78918.3	-29090.2	4372.81
78918.3	-29100.2	4379.81
78918.3	-29111.3	4384.96
78918.3	-29123.1	4388.12
78918.3	-29135.2	4389.19
78918.3	-29147.4	4388.12
78918.3	-29159.2	4384.96
78918.3	-29170.2	4379.81
78918.3	-29180.2	4372.81
78918.3	-29188.8	4364.18
78918.3	-29195.8	4354.19
78918.3	-29201	4343.13
78918.3	-29204.2	4331.34
78918.3	-29205.2	4319.19
78918.3	-29204.2	4307.03
78918.3	-29201	4295.25
78918.3	-29195.8	4284.19
78918.3	-29188.8	4274.19
78918.3	-29180.2	4265.56
78918.3	-29170.2	4258.56
78918.3	-29159.2	4253.41
78918.3	-29147.4	4250.25
78718.3	-24435.5	4650
78718.3	-24435.5	-50
78718.3	-28856.3	4251.65
78718.3	-28868.4	4250.59
78718.3	-28880.6	4251.65
78718.3	-28892.4	4254.81
78718.3	-28903.4	4259.96
78718.3	-28913.4	4266.96
78718.3	-28922	4275.59
78718.3	-28929	4285.59
78718.3	-28934.2	4296.64
78718.3	-28937.3	4308.43
78718.3	-28938.4	4320.59
78718.3	-28937.3	4332.74
78718.3	-28934.2	4344.53
78718.3	-28929	4355.59
78718.3	-28922	4365.58
78718.3	-28913.4	4374.21
78718.3	-28903.4	4381.21
78718.3	-28892.4	4386.36
78718.3	-28880.6	4389.52
78718.3	-28868.4	4390.59
78718.3	-28856.3	4389.52
78718.3	-28844.5	4386.36
78718.3	-28833.4	4381.21
78718.3	-28823.4	4374.21
78718.3	-28814.8	4365.58
78718.3	-28807.8	4355.59
78718.3	-28802.6	4344.53
78718.3	-28799.5	4332.74
78718.3	-28798.4	4320.59
78718.3	-28799.5	4308.43
78718.3	-28802.6	4296.64
78718.3	-28807.8	4285.59
78718.3	-28814.8	4275.59
78718.3	-28823.4	4266.96
78718.3	-28833.4	4259.96
78718.3	-28844.5	4254.81
78718.3	-29123.1	4250.25
78718.3	-29135.2	4249.19
78718.3	-29147.4	4250.25
78718.3	-29159.2	4253.41
78718.3	-29170.2	4258.56
78718.3	-29180.2	4265.56
78718.3	-29188.8	4274.19
78718.3	-29195.8	4284.19
78718.3	-29201	4295.25
78718.3	-29204.2	4307.03
78718.3	-29205.2	4319.19
78718.3	-29204.2	4331.34
78718.3	-29201	4343.13
78718.3	-29195.8	4354.19
78718.3	-29188.8	4364.18
78718.3	-29180.2	4372.81
78718.3	-29170.2	4379.81
78718.3	-29159.2	4384.96
78718.3	-29147.4	4388.12
78718.3	-29135.2	4389.19
78718.3	-29123.1	4388.12
78718.3	-29111.3	4384.96
78718.3	-29100.2	4379.81
78718.3	-29090.2	4372.81
78718.3	-29081.6	4364.18
78718.3	-29074.6	4354.19
78718.3	-29069.4	4343.13
78718.3	-29066.3	4331.34
78718.3	-29065.2	4319.19
78718.3	-29066.3	4307.03
78718.3	-29069.4	4295.25
78718.3	-29074.6	4284.19
78718.3	-29081.6	4274.19
78718.3	-29090.2	4265.56
78718.3	-29100.2	4258.56
78718.3	-29111.3	4253.41

#	Triangle	67
0	2	1	3	2	0
4	3	5	4	7	3	7	6	3	6	42	3	42	77	3	77	2	3	6	43	42	6	44	43	76	2	77	41	44	6	4	8	7	40	44	41	40	45	44	75	2	76	4	9	8	39	45	40	39	46	45	74	2	75	4	10	9	38	46	39	38	47	46	73	2	74	4	11	10	37	47	38	37	48	47	72	2	73	4	12	11	36	48	37	36	49	48	71	2	72	4	13	12	35	49	36	35	50	49	70	2	71	4	14	13	34	50	35	34	51	50	69	2	70	4	15	14	33	51	34	33	52	51	68	2	69	4	16	15	32	52	33	32	53	52	67	2	68	4	17	16	31	53	32	31	54	53	66	2	67	4	18	17	30	54	31	30	55	54	65	2	66	4	19	18	29	55	30	29	56	55	64	2	65	4	20	19	28	56	29	28	57	56	63	2	64	4	21	20	27	57	28	27	58	57	62	2	63	4	22	21	26	58	27	26	59	58	61	2	62	4	23	22	25	59	26	25	60	59	60	2	61	25	2	60	4	24	23	24	2	25	4	2	24
5	78	4	79	78	5
1	79	0	1	118	79	118	117	79	117	81	79	81	80	79	80	78	79	116	81	117	1	119	118	151	81	116	151	82	81	151	83	82	115	78	80	1	120	119	150	83	151	150	84	83	114	78	115	1	121	120	149	84	150	149	85	84	113	78	114	1	122	121	148	85	149	148	86	85	112	78	113	1	123	122	147	86	148	147	87	86	111	78	112	1	124	123	146	87	147	146	88	87	110	78	111	1	125	124	145	88	146	145	89	88	109	78	110	1	126	125	144	89	145	144	90	89	108	78	109	1	127	126	143	90	144	143	91	90	107	78	108	1	128	127	142	91	143	142	92	91	106	78	107	1	129	128	141	92	142	141	93	92	105	78	106	1	130	129	140	93	141	140	94	93	104	78	105	1	131	130	139	94	140	139	95	94	103	78	104	1	132	131	138	95	139	138	96	95	102	78	103	1	133	132	137	96	138	137	97	96	101	78	102	1	134	133	136	97	137	136	98	97	100	78	101	1	135	134	135	98	136	1	98	135	1	99	98	99	78	100	1	78	99
0	5	3	79	5	0
2	78	1	4	78	2
81	7	80	6	7	81
80	8	115	7	8	80
115	9	114	8	9	115	151	45	150	44	45	151
114	10	113	9	10	114
113	11	112	10	11	113
112	12	111	11	12	112	148	48	147	47	48	148
111	13	110	12	13	111	147	49	146	48	49	147
110	14	109	13	14	110
109	15	108	14	15	109
108	16	107	15	16	108
107	17	106	16	17	107
106	18	105	17	18	106	142	54	141	53	54	142
105	19	104	18	19	105	141	55	140	54	55	141
104	20	103	19	20	104	140	56	139	55	56	140
103	21	102	20	21	103
102	22	101	21	22	102	138	58	137	57	58	138
101	23	100	22	23	101
100	24	99	23	24	100
99	25	98	24	25	99
98	26	97	25	26	98
97	27	96	26	27	97	133	63	132	62	63	133
96	28	95	27	28	96
95	29	94	28	29	95
94	30	93	29	30	94
93	31	92	30	31	93	129	67	128	66	67	129
92	32	91	31	32	92
91	33	90	32	33	91
90	34	89	33	34	90
89	35	88	34	35	89
88	36	87	35	36	88	124	72	123	71	72	124
87	37	86	36	37	87
86	38	85	37	38	86
85	39	84	38	39	85
84	40	83	39	40	84	120	76	119	75	76	120
83	41	82	40	41	83
82	6	81	41	6	82
117	43	116	42	43	117
116	44	151	43	44	116
150	46	149	45	46	150
149	47	148	46	47	149
146	50	145	49	50	146
145	51	144	50	51	145
144	52	143	51	52	144
143	53	142	52	53	143
139	57	138	56	57	139
137	59	136	58	59	137
136	60	135	59	60	136
135	61	134	60	61	135
134	62	133	61	62	134
132	64	131	63	64	132
131	65	130	64	65	131
130	66	129	65	66	130
128	68	127	67	68	128
127	69	126	68	69	127
126	70	125	69	70	126
125	71	124	70	71	125
123	73	122	72	73	123
122	74	121	73	74	122
121	75	120	74	75	121
119	77	118	76	77	119
118	42	117	77	42	118

#	Normal	67
-0	1	0
-1	0	0
-0	-1	-0
1	0	0
0	-0	1
0	0	-1
0	0.087165	-0.996194
0	0.258808	-0.965929
0	0.42262	-0.906307
0	0.573607	-0.81913
0	0.707067	-0.707147
0	0.819176	-0.573543
0	0.906322	-0.422588
0	0.965923	-0.258828
0	0.996188	-0.0872374
-0	0.996188	0.087234
-0	0.965921	0.258838
-0	0.906322	0.422588
-0	0.819176	0.573543
-0	0.707067	0.707147
-0	0.573634	0.819112
-0	0.42262	0.906307
-0	0.258771	0.965939
-0	0.087165	0.996194
0	-0.0871511	0.996195
0	-0.258811	0.965928
0	-0.42262	0.906307
0	-0.573559	0.819164
0	-0.707147	0.707067
0	-0.8191	0.57365
0	-0.906322	0.422588
0	-0.965921	0.258838
0	-0.996202	0.0870751
0	-0.996201	-0.0870786
0	-0.965923	-0.258828
0	-0.906322	-0.422588
0	-0.8191	-0.57365
0	-0.707147	-0.707067
0	-0.573532	-0.819183
0	-0.42262	-0.906307
0	-0.258848	-0.965918
0	-0.0871511	-0.996195
0	0.0871114	-0.996199
0	0.258848	-0.965918
0	0.573532	-0.819183
0	0.707087	-0.707127
0	0.965921	-0.258838
0	0.996202	-0.0870751
-0	0.996201	0.0870786
-0	0.965923	0.258828
-0	0.573532	0.819183
-0	0.258848	0.965918
-0	0.0871511	0.996195
0	-0.087165	0.996194
0	-0.258808	0.965929
0	-0.573607	0.81913
0	-0.707067	0.707147
0	-0.819176	0.573543
0	-0.965923	0.258828
0	-0.996188	0.0872374
0	-0.996188	-0.087234
0	-0.965921	-0.258838
0	-0.819176	-0.573543
0	-0.707087	-0.707127
0	-0.573607	-0.81913
0	-0.258808	-0.965929
0	-0.0871252	-0.996197

#	Mesh	0	End

