#	Mesh	0	Begin

#	Vertex	200
78718.3	-29735.5	-50
78718.3	-29735.5	5230
78718.3	-29535.5	200
78718.3	-29535.5	-50
78718.3	-29535.5	5230
78718.3	-29735.5	2100
77518.3	-29535.5	200
77518.3	-29535.5	2100
78718.3	-29535.5	2100
70618.3	-29535.5	5230
70618.3	-29535.5	-50
70968.3	-29535.5	2100
72168.3	-29535.5	2100
72168.3	-29535.5	200
70968.3	-29535.5	200
73068.3	-29535.5	2100
74268.3	-29535.5	2100
74268.3	-29535.5	200
73068.3	-29535.5	200
75468.3	-29535.5	2100
76668.3	-29535.5	2100
76668.3	-29535.5	200
75468.3	-29535.5	200
78368.3	-29535.5	3875
77868.3	-29535.5	3875
77868.3	-29535.5	4125
78368.3	-29535.5	4125
76343.3	-29535.5	3875
75843.3	-29535.5	3875
75843.3	-29535.5	4125
76343.3	-29535.5	4125
71967.9	-29535.5	4025.82
71954	-29535.5	4027.04
71940.5	-29535.5	4030.65
71927.9	-29535.5	4036.54
71916.5	-29535.5	4044.54
71906.6	-29535.5	4054.4
71898.6	-29535.5	4065.82
71892.7	-29535.5	4078.46
71889.1	-29535.5	4091.93
71887.9	-29535.5	4105.82
71889.1	-29535.5	4119.71
71892.7	-29535.5	4133.18
71898.6	-29535.5	4145.82
71906.6	-29535.5	4157.24
71916.5	-29535.5	4167.1
71927.9	-29535.5	4175.1
71940.5	-29535.5	4181
71954	-29535.5	4184.6
71967.9	-29535.5	4185.82
71981.8	-29535.5	4184.6
71995.3	-29535.5	4181
72007.9	-29535.5	4175.1
72019.3	-29535.5	4167.1
72029.2	-29535.5	4157.24
72037.2	-29535.5	4145.82
72043.1	-29535.5	4133.18
72046.7	-29535.5	4119.71
72047.9	-29535.5	4105.82
72046.7	-29535.5	4091.93
72043.1	-29535.5	4078.46
72037.2	-29535.5	4065.82
72029.2	-29535.5	4054.4
72019.3	-29535.5	4044.54
72007.9	-29535.5	4036.54
71995.3	-29535.5	4030.65
71981.8	-29535.5	4027.04
72367.5	-29535.5	4026.94
72353.6	-29535.5	4028.16
72340.1	-29535.5	4031.77
72327.5	-29535.5	4037.66
72316.1	-29535.5	4045.66
72306.2	-29535.5	4055.52
72298.2	-29535.5	4066.94
72292.3	-29535.5	4079.58
72288.7	-29535.5	4093.05
72287.5	-29535.5	4106.94
72288.7	-29535.5	4120.83
72292.3	-29535.5	4134.3
72298.2	-29535.5	4146.94
72306.2	-29535.5	4158.36
72316.1	-29535.5	4168.22
72327.5	-29535.5	4176.22
72340.1	-29535.5	4182.12
72353.6	-29535.5	4185.73
72367.5	-29535.5	4186.94
72381.4	-29535.5	4185.73
72394.9	-29535.5	4182.12
72407.5	-29535.5	4176.22
72418.9	-29535.5	4168.22
72428.8	-29535.5	4158.36
72436.8	-29535.5	4146.94
72442.7	-29535.5	4134.3
72446.3	-29535.5	4120.83
72447.5	-29535.5	4106.94
72446.3	-29535.5	4093.05
72442.7	-29535.5	4079.58
72436.8	-29535.5	4066.94
72428.8	-29535.5	4055.52
72418.9	-29535.5	4045.66
72407.5	-29535.5	4037.66
72394.9	-29535.5	4031.77
72381.4	-29535.5	4028.16
70618.3	-29735.5	5230
70618.3	-29735.5	-50
77518.3	-29735.5	2100
77518.3	-29735.5	200
78718.3	-29735.5	200
72168.3	-29735.5	2100
70968.3	-29735.5	2100
70968.3	-29735.5	200
72168.3	-29735.5	200
74268.3	-29735.5	2100
73068.3	-29735.5	2100
73068.3	-29735.5	200
74268.3	-29735.5	200
76668.3	-29735.5	2100
75468.3	-29735.5	2100
75468.3	-29735.5	200
76668.3	-29735.5	200
77868.3	-29735.5	3875
78368.3	-29735.5	3875
78368.3	-29735.5	4125
77868.3	-29735.5	4125
75843.3	-29735.5	3875
76343.3	-29735.5	3875
76343.3	-29735.5	4125
75843.3	-29735.5	4125
71954	-29735.5	4027.04
71967.9	-29735.5	4025.82
71981.8	-29735.5	4027.04
71995.3	-29735.5	4030.65
72007.9	-29735.5	4036.54
72019.3	-29735.5	4044.54
72029.2	-29735.5	4054.4
72037.2	-29735.5	4065.82
72043.1	-29735.5	4078.46
72046.7	-29735.5	4091.93
72047.9	-29735.5	4105.82
72046.7	-29735.5	4119.71
72043.1	-29735.5	4133.18
72037.2	-29735.5	4145.82
72029.2	-29735.5	4157.24
72019.3	-29735.5	4167.1
72007.9	-29735.5	4175.1
71995.3	-29735.5	4181
71981.8	-29735.5	4184.6
71967.9	-29735.5	4185.82
71954	-29735.5	4184.6
71940.5	-29735.5	4181
71927.9	-29735.5	4175.1
71916.5	-29735.5	4167.1
71906.6	-29735.5	4157.24
71898.6	-29735.5	4145.82
71892.7	-29735.5	4133.18
71889.1	-29735.5	4119.71
71887.9	-29735.5	4105.82
71889.1	-29735.5	4091.93
71892.7	-29735.5	4078.46
71898.6	-29735.5	4065.82
71906.6	-29735.5	4054.4
71916.5	-29735.5	4044.54
71927.9	-29735.5	4036.54
71940.5	-29735.5	4030.65
72353.6	-29735.5	4028.16
72367.5	-29735.5	4026.94
72381.4	-29735.5	4028.16
72394.9	-29735.5	4031.77
72407.5	-29735.5	4037.66
72418.9	-29735.5	4045.66
72428.8	-29735.5	4055.52
72436.8	-29735.5	4066.94
72442.7	-29735.5	4079.58
72446.3	-29735.5	4093.05
72447.5	-29735.5	4106.94
72446.3	-29735.5	4120.83
72442.7	-29735.5	4134.3
72436.8	-29735.5	4146.94
72428.8	-29735.5	4158.36
72418.9	-29735.5	4168.22
72407.5	-29735.5	4176.22
72394.9	-29735.5	4182.12
72381.4	-29735.5	4185.73
72367.5	-29735.5	4186.94
72353.6	-29735.5	4185.73
72340.1	-29735.5	4182.12
72327.5	-29735.5	4176.22
72316.1	-29735.5	4168.22
72306.2	-29735.5	4158.36
72298.2	-29735.5	4146.94
72292.3	-29735.5	4134.3
72288.7	-29735.5	4120.83
72287.5	-29735.5	4106.94
72288.7	-29735.5	4093.05
72292.3	-29735.5	4079.58
72298.2	-29735.5	4066.94
72306.2	-29735.5	4055.52
72316.1	-29735.5	4045.66
72327.5	-29735.5	4037.66
72340.1	-29735.5	4031.77

#	Triangle	68
107	3	2	0	3	107	8	1	5	4	1	8	6	105	106	7	105	6	14	109	110	11	109	14	18	113	114	15	113	18	22	117	118	19	117	22	120	25	123	24	25	120	124	29	127	28	29	124
9	14	10	14	3	10	14	13	3	13	18	3	18	17	3	17	22	3	22	21	3	21	6	3	6	2	3	9	11	14	12	18	13	12	15	18	16	22	17	16	19	22	20	6	21	20	7	6	9	12	11	9	15	12	9	35	15	35	34	15	34	33	15	33	32	15	32	31	15	31	16	15	31	19	16	31	20	19	31	7	20	31	8	7	31	28	8	28	27	8	27	24	8	24	23	8	23	4	8	31	67	28	67	29	28	30	24	27	30	25	24	26	4	23	66	67	31	66	68	67	102	29	67	65	68	66	65	69	68	101	29	102	64	69	65	64	70	69	100	29	101	63	70	64	63	71	70	99	29	100	9	36	35	62	71	63	62	72	71	98	29	99	9	37	36	61	72	62	61	73	72	97	29	98	9	38	37	60	73	61	60	74	73	96	29	97	9	39	38	59	74	60	59	75	74	95	29	96	9	40	39	58	75	59	58	76	75	94	29	95	9	41	40	57	76	58	57	77	76	93	29	94	9	42	41	56	77	57	56	78	77	92	29	93	92	30	29	92	25	30	92	26	25	92	4	26	9	43	42	55	78	56	55	79	78	91	4	92	9	44	43	54	79	55	54	80	79	90	4	91	9	45	44	53	80	54	53	81	80	89	4	90	9	46	45	52	81	53	52	82	81	88	4	89	9	47	46	51	82	52	51	83	82	87	4	88	9	48	47	50	83	51	50	84	83	86	4	87	9	49	48	49	84	50	49	85	84	85	4	86	9	85	49	9	4	85
10	103	9	104	103	10	12	111	108	13	111	12	16	115	112	17	115	16	20	119	116	21	119	20	122	23	121	26	23	122	126	27	125	30	27	126
107	104	0	107	106	104	106	119	104	119	118	104	118	115	104	115	114	104	114	111	104	111	110	104	110	103	104	105	119	106	105	116	119	117	115	118	117	112	115	113	111	114	113	108	111	109	103	110	1	121	5	121	105	5	121	116	105	121	117	116	121	112	117	121	113	112	121	108	113	121	109	108	121	120	109	120	125	109	125	124	109	124	129	109	129	128	109	128	163	109	163	162	109	162	161	109	161	103	109	1	122	121	123	125	120	123	126	125	127	165	124	165	129	124	165	130	129	127	166	165	164	130	165	164	131	130	127	167	166	199	131	164	199	132	131	127	168	167	198	132	199	198	133	132	127	169	168	197	133	198	197	134	133	160	103	161	127	170	169	196	134	197	196	135	134	159	103	160	127	171	170	195	135	196	195	136	135	158	103	159	127	172	171	194	136	195	194	137	136	157	103	158	127	173	172	193	137	194	193	138	137	156	103	157	127	174	173	192	138	193	192	139	138	155	103	156	127	175	174	191	139	192	191	140	139	154	103	155	127	176	175	190	140	191	1	123	122	1	126	123	1	127	126	1	176	127	190	141	140	153	103	154	1	177	176	189	141	190	189	142	141	152	103	153	1	178	177	188	142	189	188	143	142	151	103	152	1	179	178	187	143	188	187	144	143	150	103	151	1	180	179	186	144	187	186	145	144	149	103	150	1	181	180	185	145	186	185	146	145	148	103	149	1	182	181	184	146	185	184	147	146	147	103	148	1	183	182	183	147	184	183	103	147	1	103	183
0	10	3	104	10	0	7	5	105	8	5	7	11	108	109	12	108	11	15	112	113	16	112	15	19	116	117	20	116	19	123	26	122	25	26	123	127	30	126	29	30	127
4	103	1	9	103	4	2	106	107	6	106	2	13	110	111	14	110	13	17	114	115	18	114	17	21	118	119	22	118	21	121	24	120	23	24	121	125	28	124	27	28	125
129	32	128	31	32	129	165	68	164	67	68	165
128	33	163	32	33	128
163	34	162	33	34	163
162	35	161	34	35	162	198	71	197	70	71	198
161	36	160	35	36	161
160	37	159	36	37	160
159	38	158	37	38	159
158	39	157	38	39	158	194	75	193	74	75	194
157	40	156	39	40	157
156	41	155	40	41	156
155	42	154	41	42	155	191	78	190	77	78	191
154	43	153	42	43	154
153	44	152	43	44	153
152	45	151	44	45	152
151	46	150	45	46	151
150	47	149	46	47	150
149	48	148	47	48	149
148	49	147	48	49	148	184	85	183	84	85	184
147	50	146	49	50	147	183	86	182	85	86	183
146	51	145	50	51	146
145	52	144	51	52	145
144	53	143	52	53	144
143	54	142	53	54	143
142	55	141	54	55	142
141	56	140	55	56	141
140	57	139	56	57	140	176	93	175	92	93	176
139	58	138	57	58	139
138	59	137	58	59	138
137	60	136	59	60	137	173	96	172	95	96	173
136	61	135	60	61	136
135	62	134	61	62	135
134	63	133	62	63	134
133	64	132	63	64	133	169	100	168	99	100	169
132	65	131	64	65	132
131	66	130	65	66	131
130	31	129	66	31	130	166	67	165	102	67	166
164	69	199	68	69	164
199	70	198	69	70	199
197	72	196	71	72	197
196	73	195	72	73	196
195	74	194	73	74	195
193	76	192	75	76	193
192	77	191	76	77	192
190	79	189	78	79	190
189	80	188	79	80	189
188	81	187	80	81	188
187	82	186	81	82	187
186	83	185	82	83	186
185	84	184	83	84	185
182	87	181	86	87	182
181	88	180	87	88	181
180	89	179	88	89	180
179	90	178	89	90	179
178	91	177	90	91	178
177	92	176	91	92	177
175	94	174	93	94	175
174	95	173	94	95	174
172	97	171	96	97	172
171	98	170	97	98	171
170	99	169	98	99	170
168	101	167	100	101	168
167	102	166	101	102	167

#	Normal	68
-1	-0	-0
0	-1	0
1	0	0
0	1	-0
0	0	1
0	0	-1
-0.08716	0	-0.996194
-0.258832	0	-0.965922
-0.422567	0	-0.906332
-0.573606	0	-0.819132
-0.707151	0	-0.707063
-0.819103	0	-0.573647
-0.906384	0	-0.422455
-0.965923	0	-0.258831
-0.996174	0	-0.0873972
-0.996174	0	0.0873941
-0.965923	0	0.258831
-0.906381	0	0.422462
-0.819109	0	0.573639
-0.707142	0	0.707072
-0.573617	0	0.819123
-0.422567	0	0.906332
-0.258815	0	0.965927
-0.08716	0	0.996194
0.08716	-0	0.996194
0.258675	-0	0.965964
0.422782	-0	0.906231
0.573617	-0	0.819123
0.706862	-0	0.707352
0.819372	-0	0.573263
0.906166	-0	0.422922
0.965923	-0	0.258831
0.996222	-0	0.0868381
0.996222	0	-0.0868412
0.965923	0	-0.258831
0.906169	0	-0.422915
0.819366	0	-0.573271
0.70687	0	-0.707343
0.573606	0	-0.819132
0.422782	0	-0.906231
0.258692	0	-0.96596
0.08716	0	-0.996194
-0.258692	0	-0.96596
-0.422782	0	-0.906231
-0.70687	0	-0.707343
-0.819366	0	-0.573271
-0.906169	0	-0.422915
-0.996222	0	-0.0868396
-0.996222	0	0.0868412
-0.906172	0	0.422908
-0.81936	0	0.573279
-0.706879	0	0.707334
-0.573594	0	0.81914
-0.422782	0	0.906231
-0.258708	0	0.965956
0.258848	-0	0.965918
0.422567	-0	0.906332
0.573594	-0	0.81914
0.707159	-0	0.707054
0.819097	-0	0.573655
0.906387	-0	0.422448
0.996174	-0	0.0873972
0.996174	0	-0.0873956
0.906384	0	-0.422455
0.819103	0	-0.573647
0.707151	0	-0.707063
0.422567	0	-0.906332
0.258832	0	-0.965922

#	Mesh	0	End

