#	Mesh	0	Begin

#	Vertex	160
70518.3	-29535.5	-50
70518.3	-29535.5	5230
70718.3	-29535.5	200
70718.3	-29535.5	-50
70718.3	-29535.5	5230
70518.3	-29535.5	2300
70718.3	-28335.5	200
70718.3	-28335.5	-50
70718.3	-28335.5	5230
70718.3	-29535.5	2300
70718.3	-29135.2	4235.64
70718.3	-29123.1	4236.7
70718.3	-29111.3	4239.86
70718.3	-29100.2	4245.02
70718.3	-29090.2	4252.02
70718.3	-29081.6	4260.64
70718.3	-29074.6	4270.64
70718.3	-29069.4	4281.7
70718.3	-29066.3	4293.48
70718.3	-29065.2	4305.64
70718.3	-29066.3	4317.79
70718.3	-29069.4	4329.58
70718.3	-29074.6	4340.64
70718.3	-29081.6	4350.63
70718.3	-29090.2	4359.26
70718.3	-29100.2	4366.26
70718.3	-29111.3	4371.42
70718.3	-29123.1	4374.58
70718.3	-29135.2	4375.64
70718.3	-29147.4	4374.58
70718.3	-29159.2	4371.42
70718.3	-29170.2	4366.26
70718.3	-29180.2	4359.26
70718.3	-29188.8	4350.63
70718.3	-29195.8	4340.64
70718.3	-29201	4329.58
70718.3	-29204.2	4317.79
70718.3	-29205.2	4305.64
70718.3	-29204.2	4293.48
70718.3	-29201	4281.7
70718.3	-29195.8	4270.64
70718.3	-29188.8	4260.64
70718.3	-29180.2	4252.02
70718.3	-29170.2	4245.02
70718.3	-29159.2	4239.86
70718.3	-29147.4	4236.7
70718.3	-28868.4	4234.65
70718.3	-28856.3	4235.71
70718.3	-28844.5	4238.87
70718.3	-28833.4	4244.03
70718.3	-28823.4	4251.03
70718.3	-28814.8	4259.65
70718.3	-28807.8	4269.65
70718.3	-28802.6	4280.71
70718.3	-28799.5	4292.49
70718.3	-28798.4	4304.65
70718.3	-28799.5	4316.8
70718.3	-28802.6	4328.59
70718.3	-28807.8	4339.65
70718.3	-28814.8	4349.64
70718.3	-28823.4	4358.27
70718.3	-28833.4	4365.27
70718.3	-28844.5	4370.43
70718.3	-28856.3	4373.59
70718.3	-28868.4	4374.65
70718.3	-28880.6	4373.59
70718.3	-28892.4	4370.43
70718.3	-28903.4	4365.27
70718.3	-28913.4	4358.27
70718.3	-28922	4349.64
70718.3	-28929	4339.65
70718.3	-28934.2	4328.59
70718.3	-28937.3	4316.8
70718.3	-28938.4	4304.65
70718.3	-28937.3	4292.49
70718.3	-28934.2	4280.71
70718.3	-28929	4269.65
70718.3	-28922	4259.65
70718.3	-28913.4	4251.03
70718.3	-28903.4	4244.03
70718.3	-28892.4	4238.87
70718.3	-28880.6	4235.71
70518.3	-28335.5	200
70518.3	-28335.5	-50
70518.3	-28335.5	5230
70718.3	-28335.5	2300
70518.3	-29535.5	200
70518.3	-28335.5	2300
70518.3	-29123.1	4236.7
70518.3	-29135.2	4235.64
70518.3	-29147.4	4236.7
70518.3	-29159.2	4239.86
70518.3	-29170.2	4245.02
70518.3	-29180.2	4252.02
70518.3	-29188.8	4260.64
70518.3	-29195.8	4270.64
70518.3	-29201	4281.7
70518.3	-29204.2	4293.48
70518.3	-29205.2	4305.64
70518.3	-29204.2	4317.79
70518.3	-29201	4329.58
70518.3	-29195.8	4340.64
70518.3	-29188.8	4350.63
70518.3	-29180.2	4359.26
70518.3	-29170.2	4366.26
70518.3	-29159.2	4371.42
70518.3	-29147.4	4374.58
70518.3	-29135.2	4375.64
70518.3	-29123.1	4374.58
70518.3	-29111.3	4371.42
70518.3	-29100.2	4366.26
70518.3	-29090.2	4359.26
70518.3	-29081.6	4350.63
70518.3	-29074.6	4340.64
70518.3	-29069.4	4329.58
70518.3	-29066.3	4317.79
70518.3	-29065.2	4305.64
70518.3	-29066.3	4293.48
70518.3	-29069.4	4281.7
70518.3	-29074.6	4270.64
70518.3	-29081.6	4260.64
70518.3	-29090.2	4252.02
70518.3	-29100.2	4245.02
70518.3	-29111.3	4239.86
70518.3	-28856.3	4235.71
70518.3	-28868.4	4234.65
70518.3	-28880.6	4235.71
70518.3	-28892.4	4238.87
70518.3	-28903.4	4244.03
70518.3	-28913.4	4251.03
70518.3	-28922	4259.65
70518.3	-28929	4269.65
70518.3	-28934.2	4280.71
70518.3	-28937.3	4292.49
70518.3	-28938.4	4304.65
70518.3	-28937.3	4316.8
70518.3	-28934.2	4328.59
70518.3	-28929	4339.65
70518.3	-28922	4349.64
70518.3	-28913.4	4358.27
70518.3	-28903.4	4365.27
70518.3	-28892.4	4370.43
70518.3	-28880.6	4373.59
70518.3	-28868.4	4374.65
70518.3	-28856.3	4373.59
70518.3	-28844.5	4370.43
70518.3	-28833.4	4365.27
70518.3	-28823.4	4358.27
70518.3	-28814.8	4349.64
70518.3	-28807.8	4339.65
70518.3	-28802.6	4328.59
70518.3	-28799.5	4316.8
70518.3	-28798.4	4304.65
70518.3	-28799.5	4292.49
70518.3	-28802.6	4280.71
70518.3	-28807.8	4269.65
70518.3	-28814.8	4259.65
70518.3	-28823.4	4251.03
70518.3	-28833.4	4244.03
70518.3	-28844.5	4238.87

#	Triangle	65
86	3	2	0	3	86	9	1	5	4	1	9
2	7	6	3	7	2	8	9	85	8	52	9	52	51	9	51	50	9	50	49	9	49	48	9	48	47	9	47	46	9	46	10	9	10	45	9	45	44	9	44	43	9	43	42	9	42	41	9	41	40	9	40	39	9	39	4	9	81	10	46	81	11	10	80	11	81	80	12	11	79	12	80	79	13	12	78	13	79	78	14	13	77	14	78	77	15	14	76	15	77	76	16	15	8	53	52	75	16	76	75	17	16	8	54	53	74	17	75	74	18	17	38	4	39	8	55	54	73	18	74	73	19	18	37	4	38	8	56	55	72	19	73	72	20	19	36	4	37	8	57	56	71	20	72	71	21	20	35	4	36	8	58	57	70	21	71	70	22	21	34	4	35	8	59	58	69	22	70	69	23	22	33	4	34	8	60	59	68	23	69	68	24	23	32	4	33	8	61	60	67	24	68	67	25	24	31	4	32	8	62	61	66	25	67	66	26	25	30	4	31	8	63	62	65	26	66	65	27	26	29	4	30	8	64	63	64	27	65	64	28	27	28	4	29	8	28	64	8	4	28
6	83	82	7	83	6	87	8	85	84	8	87
82	0	86	83	0	82	1	96	5	96	95	5	95	94	5	94	93	5	93	92	5	92	91	5	91	90	5	90	89	5	89	87	5	89	125	87	125	124	87	124	159	87	159	158	87	158	157	87	157	156	87	156	155	87	155	84	87	89	126	125	88	126	89	88	127	126	123	127	88	123	128	127	122	128	123	122	129	128	121	129	122	121	130	129	120	130	121	120	131	130	119	131	120	119	132	131	154	84	155	118	132	119	118	133	132	153	84	154	1	97	96	117	133	118	117	134	133	152	84	153	1	98	97	116	134	117	116	135	134	151	84	152	1	99	98	115	135	116	115	136	135	150	84	151	1	100	99	114	136	115	114	137	136	149	84	150	1	101	100	113	137	114	113	138	137	148	84	149	1	102	101	112	138	113	112	139	138	147	84	148	1	103	102	111	139	112	111	140	139	146	84	147	1	104	103	110	140	111	110	141	140	145	84	146	1	105	104	109	141	110	109	142	141	144	84	145	1	106	105	108	142	109	108	143	142	143	84	144	1	107	106	107	143	108	107	84	143	1	84	107
0	7	3	83	7	0	5	85	9	87	85	5
4	84	1	8	84	4	82	2	6	86	2	82
89	11	88	10	11	89
88	12	123	11	12	88
123	13	122	12	13	123	159	49	158	48	49	159
122	14	121	13	14	122
121	15	120	14	15	121
120	16	119	15	16	120	156	52	155	51	52	156
119	17	118	16	17	119	155	53	154	52	53	155
118	18	117	17	18	118
117	19	116	18	19	117
116	20	115	19	20	116
115	21	114	20	21	115	151	57	150	56	57	151
114	22	113	21	22	114	150	58	149	57	58	150
113	23	112	22	23	113	149	59	148	58	59	149
112	24	111	23	24	112	148	60	147	59	60	148
111	25	110	24	25	111
110	26	109	25	26	110	146	62	145	61	62	146
109	27	108	26	27	109
108	28	107	27	28	108
107	29	106	28	29	107
106	30	105	29	30	106
105	31	104	30	31	105	141	67	140	66	67	141
104	32	103	31	32	104
103	33	102	32	33	103
102	34	101	33	34	102
101	35	100	34	35	101	137	71	136	70	71	137
100	36	99	35	36	100	136	72	135	71	72	136
99	37	98	36	37	99
98	38	97	37	38	98
97	39	96	38	39	97
96	40	95	39	40	96	132	76	131	75	76	132
95	41	94	40	41	95
94	42	93	41	42	94
93	43	92	42	43	93
92	44	91	43	44	92	128	80	127	79	80	128
91	45	90	44	45	91
90	10	89	45	10	90
125	47	124	46	47	125
124	48	159	47	48	124
158	50	157	49	50	158
157	51	156	50	51	157
154	54	153	53	54	154
153	55	152	54	55	153
152	56	151	55	56	152
147	61	146	60	61	147
145	63	144	62	63	145
144	64	143	63	64	144
143	65	142	64	65	143
142	66	141	65	66	142
140	68	139	67	68	140
139	69	138	68	69	139
138	70	137	69	70	138
135	73	134	72	73	135
134	74	133	73	74	134
133	75	132	74	75	133
131	77	130	76	77	131
130	78	129	77	78	130
129	79	128	78	79	129
127	81	126	80	81	127
126	46	125	81	46	126

#	Normal	65
0	1	0
-1	-0	-0
0	-1	0
1	-0	0
0	-0	1
0	0	-1
0	0.0871511	-0.996195
0	0.258811	-0.965928
0	0.42262	-0.906307
0	0.573532	-0.819183
0	0.707087	-0.707127
0	0.819176	-0.573543
0	0.906322	-0.422588
0	0.965921	-0.258838
0	0.996202	-0.0870751
-0	0.996201	0.0870786
-0	0.965923	0.258828
-0	0.906322	0.422588
-0	0.819176	0.573543
-0	0.707067	0.707147
-0	0.573532	0.819183
-0	0.42262	0.906307
-0	0.258848	0.965918
-0	0.0871511	0.996195
0	-0.087165	0.996194
0	-0.258808	0.965929
0	-0.42262	0.906307
0	-0.573607	0.81913
0	-0.707067	0.707147
0	-0.819176	0.573543
0	-0.906322	0.422588
0	-0.965923	0.258828
0	-0.996188	0.0872374
0	-0.996188	-0.087234
0	-0.965921	-0.258838
0	-0.906322	-0.422588
0	-0.819176	-0.573543
0	-0.707087	-0.707127
0	-0.573607	-0.81913
0	-0.42262	-0.906307
0	-0.258771	-0.965939
0	-0.087165	-0.996194
0	0.087165	-0.996194
0	0.258808	-0.965929
0	0.573607	-0.81913
0	0.707067	-0.707147
0	0.965923	-0.258828
0	0.996188	-0.0872374
-0	0.996188	0.0872374
-0	0.573607	0.81913
-0	0.258808	0.965929
-0	0.087165	0.996194
0	-0.0871511	0.996195
0	-0.258848	0.965918
0	-0.573532	0.819183
0	-0.707147	0.707067
0	-0.8191	0.57365
0	-0.996201	0.0870786
0	-0.996201	-0.0870786
0	-0.965923	-0.258828
0	-0.8191	-0.57365
0	-0.707147	-0.707067
0	-0.573532	-0.819183
0	-0.258848	-0.965918
0	-0.0871511	-0.996195

#	Mesh	0	End

