#	Mesh	0	Begin

#	Vertex	32
87518.3	-23985.5	-50
87518.3	-23985.5	5230
87518.3	-24185.5	5230
87518.3	-24185.5	-50
90418.3	-24185.5	5230
90418.3	-24185.5	-50
89208.3	-24185.5	3850
89508.3	-24185.5	3850
89808.3	-24185.5	3850
90108.3	-24185.5	3850
90108.3	-24185.5	4050
89808.3	-24185.5	4050
89508.3	-24185.5	4050
89208.3	-24185.5	4050
88568.3	-24185.5	4150
89068.3	-24185.5	4150
89068.3	-24185.5	4350
88568.3	-24185.5	4350
90418.3	-23985.5	5230
90418.3	-23985.5	-50
89508.3	-23985.5	3850
89208.3	-23985.5	3850
89208.3	-23985.5	4050
89508.3	-23985.5	4050
89808.3	-23985.5	4050
90108.3	-23985.5	4050
90108.3	-23985.5	3850
89808.3	-23985.5	3850
89068.3	-23985.5	4150
88568.3	-23985.5	4150
88568.3	-23985.5	4350
89068.3	-23985.5	4350

#	Triangle	6
0	2	1	3	2	0	26	10	25	9	10	26	28	16	31	15	16	28
4	9	5	9	3	5	9	8	3	8	7	3	7	6	3	6	14	3	14	2	3	4	10	9	13	14	6	4	11	10	4	12	11	4	13	12	4	15	13	15	14	13	4	16	15	17	2	14	4	17	16	4	2	17
5	18	4	19	18	5	22	6	21	13	6	22	30	14	29	17	14	30
1	19	0	1	29	19	29	21	19	21	20	19	20	27	19	27	26	19	26	18	19	29	22	21	25	18	26	29	23	22	29	24	23	29	25	24	29	28	25	28	18	25	1	30	29	31	18	28	1	31	30	1	18	31
0	5	3	19	5	0	23	13	22	12	13	23	25	11	24	10	11	25	24	12	23	11	12	24	31	17	30	16	17	31
2	18	1	4	18	2	21	7	20	6	7	21	27	9	26	8	9	27	20	8	27	7	8	20	29	15	28	14	15	29

#	Normal	6
1	0	0
0	1	-0
-1	0	0
0	-1	0
0	0	1
0	0	-1

#	Mesh	0	End

