#	Mesh	0	Begin

#	Vertex	232
112068	-7385.47	-50
112068	-7385.47	4350
112068	-7185.47	4350
112068	-7185.47	-50
104368	-7185.47	4350
104368	-7185.47	-50
111695	-7185.47	3630
110795	-7185.47	3630
110795	-7185.47	4230
111695	-7185.47	4230
109169	-7185.47	3875.29
109155	-7185.47	3876.51
109142	-7185.47	3880.12
109129	-7185.47	3886.01
109118	-7185.47	3894.01
109108	-7185.47	3903.87
109100	-7185.47	3915.29
109094	-7185.47	3927.93
109090	-7185.47	3941.4
109089	-7185.47	3955.29
109090	-7185.47	3969.19
109094	-7185.47	3982.66
109100	-7185.47	3995.29
109108	-7185.47	4006.72
109118	-7185.47	4016.58
109129	-7185.47	4024.58
109142	-7185.47	4030.47
109155	-7185.47	4034.08
109169	-7185.47	4035.29
109183	-7185.47	4034.08
109197	-7185.47	4030.47
109209	-7185.47	4024.58
109221	-7185.47	4016.58
109230	-7185.47	4006.72
109238	-7185.47	3995.29
109244	-7185.47	3982.66
109248	-7185.47	3969.19
109249	-7185.47	3955.29
109248	-7185.47	3941.4
109244	-7185.47	3927.93
109238	-7185.47	3915.29
109230	-7185.47	3903.87
109221	-7185.47	3894.01
109209	-7185.47	3886.01
109197	-7185.47	3880.12
109183	-7185.47	3876.51
109419	-7185.47	3877.52
109405	-7185.47	3878.73
109392	-7185.47	3882.34
109379	-7185.47	3888.23
109368	-7185.47	3896.23
109358	-7185.47	3906.09
109350	-7185.47	3917.52
109344	-7185.47	3930.15
109340	-7185.47	3943.62
109339	-7185.47	3957.52
109340	-7185.47	3971.41
109344	-7185.47	3984.88
109350	-7185.47	3997.52
109358	-7185.47	4008.94
109368	-7185.47	4018.8
109379	-7185.47	4026.8
109392	-7185.47	4032.69
109405	-7185.47	4036.3
109419	-7185.47	4037.52
109433	-7185.47	4036.3
109447	-7185.47	4032.69
109459	-7185.47	4026.8
109471	-7185.47	4018.8
109480	-7185.47	4008.94
109488	-7185.47	3997.52
109494	-7185.47	3984.88
109498	-7185.47	3971.41
109499	-7185.47	3957.52
109498	-7185.47	3943.62
109494	-7185.47	3930.15
109488	-7185.47	3917.52
109480	-7185.47	3906.09
109471	-7185.47	3896.23
109459	-7185.47	3888.23
109447	-7185.47	3882.34
109433	-7185.47	3878.73
109668	-7185.47	3925.1
109662	-7185.47	3925.67
109655	-7185.47	3927.36
109650	-7185.47	3930.12
109644	-7185.47	3933.87
109640	-7185.47	3938.49
109636	-7185.47	3943.85
109633	-7185.47	3949.77
109631	-7185.47	3956.08
109631	-7185.47	3962.6
109631	-7185.47	3969.11
109633	-7185.47	3975.42
109636	-7185.47	3981.35
109640	-7185.47	3986.7
109644	-7185.47	3991.32
109650	-7185.47	3995.07
109655	-7185.47	3997.83
109662	-7185.47	3999.53
109668	-7185.47	4000.1
109675	-7185.47	3999.53
109681	-7185.47	3997.83
109687	-7185.47	3995.07
109692	-7185.47	3991.32
109697	-7185.47	3986.7
109701	-7185.47	3981.35
109704	-7185.47	3975.42
109705	-7185.47	3969.11
109706	-7185.47	3962.6
109705	-7185.47	3956.08
109704	-7185.47	3949.77
109701	-7185.47	3943.85
109697	-7185.47	3938.49
109692	-7185.47	3933.87
109687	-7185.47	3930.12
109681	-7185.47	3927.36
109675	-7185.47	3925.67
104368	-7385.47	4350
104368	-7385.47	-50
110795	-7385.47	3630
111695	-7385.47	3630
111695	-7385.47	4230
110795	-7385.47	4230
109155	-7385.47	3876.51
109169	-7385.47	3875.29
109183	-7385.47	3876.51
109197	-7385.47	3880.12
109209	-7385.47	3886.01
109221	-7385.47	3894.01
109230	-7385.47	3903.87
109238	-7385.47	3915.29
109244	-7385.47	3927.93
109248	-7385.47	3941.4
109249	-7385.47	3955.29
109248	-7385.47	3969.19
109244	-7385.47	3982.66
109238	-7385.47	3995.29
109230	-7385.47	4006.72
109221	-7385.47	4016.58
109209	-7385.47	4024.58
109197	-7385.47	4030.47
109183	-7385.47	4034.08
109169	-7385.47	4035.29
109155	-7385.47	4034.08
109142	-7385.47	4030.47
109129	-7385.47	4024.58
109118	-7385.47	4016.58
109108	-7385.47	4006.72
109100	-7385.47	3995.29
109094	-7385.47	3982.66
109090	-7385.47	3969.19
109089	-7385.47	3955.29
109090	-7385.47	3941.4
109094	-7385.47	3927.93
109100	-7385.47	3915.29
109108	-7385.47	3903.87
109118	-7385.47	3894.01
109129	-7385.47	3886.01
109142	-7385.47	3880.12
109405	-7385.47	3878.73
109419	-7385.47	3877.52
109433	-7385.47	3878.73
109447	-7385.47	3882.34
109459	-7385.47	3888.23
109471	-7385.47	3896.23
109480	-7385.47	3906.09
109488	-7385.47	3917.52
109494	-7385.47	3930.15
109498	-7385.47	3943.62
109499	-7385.47	3957.52
109498	-7385.47	3971.41
109494	-7385.47	3984.88
109488	-7385.47	3997.52
109480	-7385.47	4008.94
109471	-7385.47	4018.8
109459	-7385.47	4026.8
109447	-7385.47	4032.69
109433	-7385.47	4036.3
109419	-7385.47	4037.52
109405	-7385.47	4036.3
109392	-7385.47	4032.69
109379	-7385.47	4026.8
109368	-7385.47	4018.8
109358	-7385.47	4008.94
109350	-7385.47	3997.52
109344	-7385.47	3984.88
109340	-7385.47	3971.41
109339	-7385.47	3957.52
109340	-7385.47	3943.62
109344	-7385.47	3930.15
109350	-7385.47	3917.52
109358	-7385.47	3906.09
109368	-7385.47	3896.23
109379	-7385.47	3888.23
109392	-7385.47	3882.34
109662	-7385.47	3925.67
109668	-7385.47	3925.1
109675	-7385.47	3925.67
109681	-7385.47	3927.36
109687	-7385.47	3930.12
109692	-7385.47	3933.87
109697	-7385.47	3938.49
109701	-7385.47	3943.85
109704	-7385.47	3949.77
109705	-7385.47	3956.08
109706	-7385.47	3962.6
109705	-7385.47	3969.11
109704	-7385.47	3975.42
109701	-7385.47	3981.35
109697	-7385.47	3986.7
109692	-7385.47	3991.32
109687	-7385.47	3995.07
109681	-7385.47	3997.83
109675	-7385.47	3999.53
109668	-7385.47	4000.1
109662	-7385.47	3999.53
109655	-7385.47	3997.83
109650	-7385.47	3995.07
109644	-7385.47	3991.32
109640	-7385.47	3986.7
109636	-7385.47	3981.35
109633	-7385.47	3975.42
109631	-7385.47	3969.11
109631	-7385.47	3962.6
109631	-7385.47	3956.08
109633	-7385.47	3949.77
109636	-7385.47	3943.85
109640	-7385.47	3938.49
109644	-7385.47	3933.87
109650	-7385.47	3930.12
109655	-7385.47	3927.36

#	Triangle	82
0	2	1	3	2	0	120	8	123	7	8	120
4	3	5	4	7	3	7	6	3	6	2	3	4	11	7	11	10	7	10	45	7	45	46	7	46	81	7	81	82	7	82	117	7	117	116	7	116	8	7	9	2	6	4	12	11	44	46	45	44	47	46	44	48	47	80	82	81	4	13	12	43	48	44	43	49	48	79	82	80	4	14	13	42	49	43	42	50	49	78	82	79	4	15	14	41	50	42	41	51	50	77	82	78	4	16	15	40	51	41	40	52	51	76	82	77	4	17	16	39	52	40	39	53	52	75	82	76	75	83	82	75	84	83	75	85	84	115	8	116	4	18	17	38	53	39	75	86	85	114	8	115	38	54	53	74	86	75	74	87	86	113	8	114	74	88	87	112	8	113	4	19	18	37	54	38	37	55	54	73	88	74	73	89	88	111	8	112	73	90	89	110	8	111	4	20	19	36	55	37	73	91	90	109	8	110	36	56	55	72	91	73	72	92	91	108	8	109	72	93	92	107	8	108	4	21	20	35	56	36	35	57	56	71	93	72	71	94	93	106	8	107	71	95	94	105	8	106	4	22	21	34	57	35	34	58	57	70	95	71	70	96	95	104	8	105	70	97	96	103	8	104	70	98	97	102	8	103	4	23	22	33	58	34	33	59	58	69	98	70	69	99	98	101	8	102	69	100	99	100	8	101	69	8	100	4	24	23	32	59	33	32	60	59	68	8	69	4	25	24	31	60	32	31	61	60	67	8	68	4	26	25	30	61	31	30	62	61	66	8	67	4	27	26	29	62	30	29	63	62	65	8	66	4	28	27	28	63	29	4	63	28	4	64	63	64	8	65	4	8	64	4	9	8	4	2	9
5	118	4	119	118	5	122	6	121	9	6	122
1	121	0	121	119	0	121	120	119	120	118	119	1	122	121	123	199	120	199	198	120	198	197	120	197	162	120	162	161	120	161	126	120	126	125	120	125	124	120	124	118	120	161	127	126	159	118	124	160	127	161	197	163	162	195	127	160	195	128	127	158	118	159	197	164	163	194	128	195	194	129	128	157	118	158	197	165	164	193	129	194	193	130	129	156	118	157	197	166	165	192	130	193	192	131	130	155	118	156	197	167	166	191	131	192	191	132	131	154	118	155	197	168	167	190	132	191	196	168	197	231	168	196	123	200	199	230	168	231	190	133	132	153	118	154	123	201	200	229	168	230	229	169	168	189	133	190	123	202	201	228	169	229	123	203	202	227	169	228	189	134	133	152	118	153	227	170	169	188	134	189	123	204	203	226	170	227	123	205	204	225	170	226	188	135	134	151	118	152	123	206	205	224	170	225	224	171	170	187	135	188	123	207	206	223	171	224	123	208	207	222	171	223	187	136	135	150	118	151	222	172	171	186	136	187	123	209	208	221	172	222	123	210	209	220	172	221	186	137	136	149	118	150	220	173	172	185	137	186	123	211	210	219	173	220	123	212	211	218	173	219	123	213	212	217	173	218	185	138	137	148	118	149	217	174	173	184	138	185	123	214	213	216	174	217	123	215	214	215	174	216	123	174	215	184	139	138	147	118	148	123	175	174	183	139	184	183	140	139	146	118	147	123	176	175	182	140	183	182	141	140	145	118	146	123	177	176	181	141	182	181	142	141	144	118	145	123	178	177	180	142	181	180	143	142	143	118	144	180	118	143	123	179	178	179	118	180	123	118	179	1	123	122	1	118	123
0	5	3	119	5	0	123	9	122	8	9	123
2	118	1	4	118	2	121	7	120	6	7	121
125	11	124	10	11	125	161	47	160	46	47	161
124	12	159	11	12	124	160	48	195	47	48	160
159	13	158	12	13	159	195	49	194	48	49	195
158	14	157	13	14	158	194	50	193	49	50	194
157	15	156	14	15	157
156	16	155	15	16	156
155	17	154	16	17	155	191	53	190	52	53	191
154	18	153	17	18	154	190	54	189	53	54	190
153	19	152	18	19	153	189	55	188	54	55	189
152	20	151	19	20	152	188	56	187	55	56	188
151	21	150	20	21	151	187	57	186	56	57	187
150	22	149	21	22	150	186	58	185	57	58	186
149	23	148	22	23	149	185	59	184	58	59	185
148	24	147	23	24	148	184	60	183	59	60	184
147	25	146	24	25	147	183	61	182	60	61	183
146	26	145	25	26	146	182	62	181	61	62	182
145	27	144	26	27	145	181	63	180	62	63	181
144	28	143	27	28	144	180	64	179	63	64	180
143	29	142	28	29	143	179	65	178	64	65	179
142	30	141	29	30	142	178	66	177	65	66	178
141	31	140	30	31	141	177	67	176	66	67	177
140	32	139	31	32	140	176	68	175	67	68	176
139	33	138	32	33	139	175	69	174	68	69	175
138	34	137	33	34	138	174	70	173	69	70	174
137	35	136	34	35	137	173	71	172	70	71	173
136	36	135	35	36	136	172	72	171	71	72	172
135	37	134	36	37	135	171	73	170	72	73	171
134	38	133	37	38	134	170	74	169	73	74	170
133	39	132	38	39	133	169	75	168	74	75	169
132	40	131	39	40	132	168	76	167	75	76	168
131	41	130	40	41	131
130	42	129	41	42	130
129	43	128	42	43	129	165	79	164	78	79	165
128	44	127	43	44	128	164	80	163	79	80	164
127	45	126	44	45	127	163	81	162	80	81	163
126	10	125	45	10	126	162	46	161	81	46	162
193	51	192	50	51	193
192	52	191	51	52	192
167	77	166	76	77	167
166	78	165	77	78	166
197	83	196	82	83	197
196	84	231	83	84	196
231	85	230	84	85	231
230	86	229	85	86	230
229	87	228	86	87	229
228	88	227	87	88	228
227	89	226	88	89	227
226	90	225	89	90	226
225	91	224	90	91	225
224	92	223	91	92	224
223	93	222	92	93	223
222	94	221	93	94	222
221	95	220	94	95	221
220	96	219	95	96	220
219	97	218	96	97	219
218	98	217	97	98	218
217	99	216	98	99	217
216	100	215	99	100	216
215	101	214	100	101	215
214	102	213	101	102	214
213	103	212	102	103	213
212	104	211	103	104	212
211	105	210	104	105	211
210	106	209	105	106	210
209	107	208	106	107	209
208	108	207	107	108	208
207	109	206	108	109	207
206	110	205	109	110	206
205	111	204	110	111	205
204	112	203	111	112	204
203	113	202	112	113	203
202	114	201	113	114	202
201	115	200	114	115	201
200	116	199	115	116	200
199	117	198	116	117	199
198	82	197	117	82	198

#	Normal	82
-1	0	0
0	-1	0
1	0	0
0	1	-0
0	0	1
0	0	-1
-0.08716	0	-0.996194
-0.258848	0	-0.965918
-0.422553	0	-0.906338
-0.573617	0	-0.819123
-0.707142	0	-0.707072
-0.819103	0	-0.573647
-0.906384	0	-0.422455
-0.965923	0	-0.258831
-0.996174	0	-0.0873956
-0.996174	0	0.0873956
-0.965923	0	0.258831
-0.906384	0	0.422455
-0.819103	0	0.573647
-0.707151	0	0.707063
-0.573606	0	0.819132
-0.422567	0	0.906332
-0.258832	0	0.965922
-0.08716	0	0.996194
0.0871114	-0	0.996199
0.258832	-0	0.965922
0.422782	-0	0.906231
0.573343	-0	0.819316
0.707151	-0	0.707063
0.819103	-0	0.573647
0.906384	-0	0.422455
0.965923	-0	0.258831
0.996222	-0	0.0868396
0.996222	0	-0.0868396
0.965923	0	-0.258831
0.906384	0	-0.422455
0.819103	0	-0.573647
0.707142	0	-0.707072
0.573354	0	-0.819308
0.422768	0	-0.906238
0.258848	0	-0.965918
0.0871114	0	-0.996199
-0.707151	0	-0.707063
-0.819097	0	-0.573655
0.819097	0	-0.573655
0.707151	0	-0.707063
-0.0872263	0	-0.996189
-0.258587	0	-0.965988
-0.422748	0	-0.906247
-0.573788	0	-0.819004
-0.706883	0	-0.707331
-0.819099	0	-0.573653
-0.906586	0	-0.422022
-0.965792	0	-0.259317
-0.996187	0	-0.0872485
-0.996187	0	0.0872452
-0.965792	0	0.259317
-0.906579	0	0.422036
-0.819111	0	0.573635
-0.706883	0	0.707331
-0.573788	0	0.819004
-0.422748	0	0.906247
-0.258587	0	0.965988
-0.0871892	0	0.996192
0.0870855	-0	0.996201
0.258885	-0	0.965908
0.422748	-0	0.906247
0.573227	-0	0.819397
0.70748	-0	0.706733
0.819111	-0	0.573635
0.906121	-0	0.423018
0.966091	-0	0.258202
0.996187	-0	0.0872452
0.996187	0	-0.0872485
0.966091	0	-0.258202
0.906128	0	-0.423004
0.819099	0	-0.573653
0.70748	0	-0.706733
0.573227	0	-0.819397
0.422748	0	-0.906247
0.258885	0	-0.965908
0.0871225	0	-0.996198

#	Mesh	0	End

