#	Mesh	0	Begin

#	Vertex	224
112068	1014.53	-50
112068	1014.53	4350
112068	1214.53	4350
112068	1214.53	-50
104368	1214.53	4350
104368	1214.53	-50
109668	1214.53	3953.09
109662	1214.53	3953.66
109655	1214.53	3955.35
109650	1214.53	3958.12
109644	1214.53	3961.86
109640	1214.53	3966.49
109636	1214.53	3971.84
109633	1214.53	3977.77
109631	1214.53	3984.08
109631	1214.53	3990.59
109631	1214.53	3997.1
109633	1214.53	4003.42
109636	1214.53	4009.34
109640	1214.53	4014.7
109644	1214.53	4019.32
109650	1214.53	4023.07
109655	1214.53	4025.83
109662	1214.53	4027.52
109668	1214.53	4028.09
109675	1214.53	4027.52
109681	1214.53	4025.83
109687	1214.53	4023.07
109692	1214.53	4019.32
109697	1214.53	4014.7
109701	1214.53	4009.34
109704	1214.53	4003.42
109705	1214.53	3997.1
109706	1214.53	3990.59
109705	1214.53	3984.08
109704	1214.53	3977.77
109701	1214.53	3971.84
109697	1214.53	3966.49
109692	1214.53	3961.86
109687	1214.53	3958.12
109681	1214.53	3955.35
109675	1214.53	3953.66
109169	1214.53	3906.4
109155	1214.53	3907.62
109142	1214.53	3911.23
109129	1214.53	3917.12
109118	1214.53	3925.12
109108	1214.53	3934.98
109100	1214.53	3946.4
109094	1214.53	3959.04
109090	1214.53	3972.51
109089	1214.53	3986.4
109090	1214.53	4000.29
109094	1214.53	4013.76
109100	1214.53	4026.4
109108	1214.53	4037.82
109118	1214.53	4047.69
109129	1214.53	4055.68
109142	1214.53	4061.58
109155	1214.53	4065.19
109169	1214.53	4066.4
109183	1214.53	4065.19
109197	1214.53	4061.58
109209	1214.53	4055.68
109221	1214.53	4047.69
109230	1214.53	4037.82
109238	1214.53	4026.4
109244	1214.53	4013.76
109248	1214.53	4000.29
109249	1214.53	3986.4
109248	1214.53	3972.51
109244	1214.53	3959.04
109238	1214.53	3946.4
109230	1214.53	3934.98
109221	1214.53	3925.12
109209	1214.53	3917.12
109197	1214.53	3911.23
109183	1214.53	3907.62
109419	1214.53	3908.85
109405	1214.53	3910.06
109392	1214.53	3913.67
109379	1214.53	3919.57
109368	1214.53	3927.57
109358	1214.53	3937.43
109350	1214.53	3948.85
109344	1214.53	3961.49
109340	1214.53	3974.96
109339	1214.53	3988.85
109340	1214.53	4002.74
109344	1214.53	4016.21
109350	1214.53	4028.85
109358	1214.53	4040.27
109368	1214.53	4050.13
109379	1214.53	4058.13
109392	1214.53	4064.02
109405	1214.53	4067.63
109419	1214.53	4068.85
109433	1214.53	4067.63
109447	1214.53	4064.02
109459	1214.53	4058.13
109471	1214.53	4050.13
109480	1214.53	4040.27
109488	1214.53	4028.85
109494	1214.53	4016.21
109498	1214.53	4002.74
109499	1214.53	3988.85
109498	1214.53	3974.96
109494	1214.53	3961.49
109488	1214.53	3948.85
109480	1214.53	3937.43
109471	1214.53	3927.57
109459	1214.53	3919.57
109447	1214.53	3913.67
109433	1214.53	3910.06
104368	1014.53	4350
104368	1014.53	-50
109662	1014.53	3953.66
109668	1014.53	3953.09
109675	1014.53	3953.66
109681	1014.53	3955.35
109687	1014.53	3958.12
109692	1014.53	3961.86
109697	1014.53	3966.49
109701	1014.53	3971.84
109704	1014.53	3977.77
109705	1014.53	3984.08
109706	1014.53	3990.59
109705	1014.53	3997.1
109704	1014.53	4003.42
109701	1014.53	4009.34
109697	1014.53	4014.7
109692	1014.53	4019.32
109687	1014.53	4023.07
109681	1014.53	4025.83
109675	1014.53	4027.52
109668	1014.53	4028.09
109662	1014.53	4027.52
109655	1014.53	4025.83
109650	1014.53	4023.07
109644	1014.53	4019.32
109640	1014.53	4014.7
109636	1014.53	4009.34
109633	1014.53	4003.42
109631	1014.53	3997.1
109631	1014.53	3990.59
109631	1014.53	3984.08
109633	1014.53	3977.77
109636	1014.53	3971.84
109640	1014.53	3966.49
109644	1014.53	3961.86
109650	1014.53	3958.12
109655	1014.53	3955.35
109155	1014.53	3907.62
109169	1014.53	3906.4
109183	1014.53	3907.62
109197	1014.53	3911.23
109209	1014.53	3917.12
109221	1014.53	3925.12
109230	1014.53	3934.98
109238	1014.53	3946.4
109244	1014.53	3959.04
109248	1014.53	3972.51
109249	1014.53	3986.4
109248	1014.53	4000.29
109244	1014.53	4013.76
109238	1014.53	4026.4
109230	1014.53	4037.82
109221	1014.53	4047.69
109209	1014.53	4055.68
109197	1014.53	4061.58
109183	1014.53	4065.19
109169	1014.53	4066.4
109155	1014.53	4065.19
109142	1014.53	4061.58
109129	1014.53	4055.68
109118	1014.53	4047.69
109108	1014.53	4037.82
109100	1014.53	4026.4
109094	1014.53	4013.76
109090	1014.53	4000.29
109089	1014.53	3986.4
109090	1014.53	3972.51
109094	1014.53	3959.04
109100	1014.53	3946.4
109108	1014.53	3934.98
109118	1014.53	3925.12
109129	1014.53	3917.12
109142	1014.53	3911.23
109405	1014.53	3910.06
109419	1014.53	3908.85
109433	1014.53	3910.06
109447	1014.53	3913.67
109459	1014.53	3919.57
109471	1014.53	3927.57
109480	1014.53	3937.43
109488	1014.53	3948.85
109494	1014.53	3961.49
109498	1014.53	3974.96
109499	1014.53	3988.85
109498	1014.53	4002.74
109494	1014.53	4016.21
109488	1014.53	4028.85
109480	1014.53	4040.27
109471	1014.53	4050.13
109459	1014.53	4058.13
109447	1014.53	4064.02
109433	1014.53	4067.63
109419	1014.53	4068.85
109405	1014.53	4067.63
109392	1014.53	4064.02
109379	1014.53	4058.13
109368	1014.53	4050.13
109358	1014.53	4040.27
109350	1014.53	4028.85
109344	1014.53	4016.21
109340	1014.53	4002.74
109339	1014.53	3988.85
109340	1014.53	3974.96
109344	1014.53	3961.49
109350	1014.53	3948.85
109358	1014.53	3937.43
109368	1014.53	3927.57
109379	1014.53	3919.57
109392	1014.53	3913.67

#	Triangle	90
0	2	1	3	2	0
4	3	5	4	43	3	43	42	3	42	77	3	77	78	3	78	113	3	113	2	3	4	44	43	76	78	77	76	79	78	76	80	79	112	2	113	4	45	44	75	80	76	75	81	80	111	6	112	6	41	112	41	2	112	4	46	45	74	81	75	74	82	81	110	6	111	4	47	46	73	82	74	73	83	82	109	6	110	4	48	47	72	83	73	72	84	83	108	6	109	4	49	48	71	84	72	71	85	84	107	6	108	107	7	6	107	8	7	40	2	41	107	9	8	39	2	40	107	10	9	38	2	39	4	50	49	70	85	71	70	86	85	106	10	107	106	11	10	37	2	38	106	12	11	36	2	37	106	13	12	35	2	36	4	51	50	69	86	70	69	87	86	105	13	106	105	14	13	34	2	35	105	15	14	33	2	34	4	52	51	68	87	69	68	88	87	104	15	105	104	16	15	32	2	33	104	17	16	31	2	32	4	53	52	67	88	68	67	89	88	103	17	104	103	18	17	30	2	31	103	19	18	29	2	30	4	54	53	66	89	67	103	20	19	28	2	29	66	90	89	102	20	103	102	21	20	27	2	28	102	22	21	26	2	27	102	23	22	25	2	26	4	55	54	65	90	66	102	24	23	24	2	25	102	2	24	65	91	90	101	2	102	4	56	55	64	91	65	64	92	91	100	2	101	4	57	56	63	92	64	63	93	92	99	2	100	4	58	57	62	93	63	62	94	93	98	2	99	4	59	58	61	94	62	61	95	94	97	2	98	4	60	59	60	95	61	4	95	60	4	96	95	96	2	97	4	2	96
5	114	4	115	114	5
1	115	0	1	190	115	190	189	115	189	154	115	154	153	115	153	152	115	152	114	115	189	155	154	187	114	152	188	155	189	1	191	190	223	155	188	223	156	155	186	114	187	1	118	191	118	117	191	117	192	191	222	156	223	222	157	156	185	114	186	117	193	192	221	157	222	221	158	157	184	114	185	117	194	193	220	158	221	220	159	158	183	114	184	117	195	194	219	159	220	219	160	159	182	114	183	117	196	195	218	160	219	116	196	117	1	119	118	151	196	116	1	120	119	150	196	151	1	121	120	149	196	150	218	161	160	181	114	182	149	197	196	217	161	218	1	122	121	148	197	149	1	123	122	147	197	148	1	124	123	146	197	147	217	162	161	180	114	181	146	198	197	216	162	217	1	125	124	145	198	146	1	126	125	144	198	145	216	163	162	179	114	180	144	199	198	215	163	216	1	127	126	143	199	144	1	128	127	142	199	143	215	164	163	178	114	179	142	200	199	214	164	215	1	129	128	141	200	142	1	130	129	140	200	141	214	165	164	177	114	178	1	131	130	139	200	140	139	201	200	213	165	214	1	132	131	138	201	139	1	133	132	137	201	138	1	134	133	136	201	137	213	166	165	176	114	177	1	135	134	135	201	136	1	201	135	1	202	201	212	166	213	212	167	166	175	114	176	1	203	202	211	167	212	211	168	167	174	114	175	1	204	203	210	168	211	210	169	168	173	114	174	1	205	204	209	169	210	209	170	169	172	114	173	1	206	205	208	170	209	208	171	170	171	114	172	208	114	171	1	207	206	207	114	208	1	114	207
0	5	3	115	5	0
2	114	1	4	114	2
117	7	116	6	7	117
116	8	151	7	8	116
151	9	150	8	9	151
150	10	149	9	10	150
149	11	148	10	11	149
148	12	147	11	12	148
147	13	146	12	13	147
146	14	145	13	14	146
145	15	144	14	15	145
144	16	143	15	16	144
143	17	142	16	17	143
142	18	141	17	18	142
141	19	140	18	19	141
140	20	139	19	20	140
139	21	138	20	21	139
138	22	137	21	22	138
137	23	136	22	23	137
136	24	135	23	24	136
135	25	134	24	25	135
134	26	133	25	26	134
133	27	132	26	27	133
132	28	131	27	28	132
131	29	130	28	29	131
130	30	129	29	30	130
129	31	128	30	31	129
128	32	127	31	32	128
127	33	126	32	33	127
126	34	125	33	34	126
125	35	124	34	35	125
124	36	123	35	36	124
123	37	122	36	37	123
122	38	121	37	38	122
121	39	120	38	39	121
120	40	119	39	40	120
119	41	118	40	41	119
118	6	117	41	6	118
153	43	152	42	43	153
152	44	187	43	44	152	188	80	223	79	80	188
187	45	186	44	45	187	223	81	222	80	81	223
186	46	185	45	46	186	222	82	221	81	82	222
185	47	184	46	47	185	221	83	220	82	83	221
184	48	183	47	48	184
183	49	182	48	49	183	219	85	218	84	85	219
182	50	181	49	50	182	218	86	217	85	86	218
181	51	180	50	51	181	217	87	216	86	87	217
180	52	179	51	52	180
179	53	178	52	53	179	215	89	214	88	89	215
178	54	177	53	54	178
177	55	176	54	55	177
176	56	175	55	56	176	212	92	211	91	92	212
175	57	174	56	57	175	211	93	210	92	93	211
174	58	173	57	58	174	210	94	209	93	94	210
173	59	172	58	59	173	209	95	208	94	95	209
172	60	171	59	60	172
171	61	170	60	61	171
170	62	169	61	62	170	206	98	205	97	98	206
169	63	168	62	63	169	205	99	204	98	99	205
168	64	167	63	64	168	204	100	203	99	100	204
167	65	166	64	65	167	203	101	202	100	101	203
166	66	165	65	66	166
165	67	164	66	67	165
164	68	163	67	68	164	200	104	199	103	104	200
163	69	162	68	69	163
162	70	161	69	70	162	198	106	197	105	106	198
161	71	160	70	71	161	197	107	196	106	107	197
160	72	159	71	72	160	196	108	195	107	108	196
159	73	158	72	73	159
158	74	157	73	74	158	194	110	193	109	110	194
157	75	156	74	75	157	193	111	192	110	111	193
156	76	155	75	76	156	192	112	191	111	112	192
155	77	154	76	77	155	191	113	190	112	113	191
154	42	153	77	42	154
189	79	188	78	79	189
220	84	219	83	84	220
216	88	215	87	88	216
214	90	213	89	90	214
213	91	212	90	91	213
208	96	207	95	96	208
207	97	206	96	97	207
202	102	201	101	102	202
201	103	200	102	103	201
199	105	198	104	105	199
195	109	194	108	109	195
190	78	189	113	78	190

#	Normal	90
-1	0	0
0	-1	0
1	0	0
0	1	-0
0	0	1
0	0	-1
-0.0871892	0	-0.996192
-0.258885	0	-0.965908
-0.422291	0	-0.90646
-0.573813	0	-0.818986
-0.706883	0	-0.707331
-0.819099	0	-0.573653
-0.906586	0	-0.422022
-0.965792	0	-0.259317
-0.996187	0	-0.0872485
-0.996187	0	0.0872485
-0.965792	0	0.259317
-0.906586	0	0.422022
-0.819099	0	0.573653
-0.706883	0	0.707331
-0.573788	0	0.819004
-0.422321	0	0.906446
-0.258851	0	0.965917
-0.0872263	0	0.996189
0.0871225	-0	0.996198
0.258851	-0	0.965917
0.422779	-0	0.906233
0.573227	-0	0.819397
0.70748	-0	0.706733
0.819099	-0	0.573653
0.906128	-0	0.423004
0.966091	-0	0.258202
0.996187	-0	0.0872485
0.996187	0	-0.0872485
0.966091	0	-0.258202
0.906128	0	-0.423004
0.819099	0	-0.573653
0.70748	0	-0.706733
0.573252	0	-0.819379
0.422748	0	-0.906247
0.258885	0	-0.965908
0.0870855	0	-0.996201
-0.08716	0	-0.996194
-0.258832	0	-0.965922
-0.422553	0	-0.906338
-0.573617	0	-0.819123
-0.707151	0	-0.707063
-0.819103	0	-0.573647
-0.906384	0	-0.422455
-0.965923	0	-0.258831
-0.996174	0	-0.0873956
-0.996174	0	0.0873956
-0.965923	0	0.258831
-0.906384	0	0.422455
-0.819097	0	0.573655
-0.707151	0	0.707063
-0.573617	0	0.819123
-0.422553	0	0.906338
-0.258832	0	0.965922
-0.0871774	0	0.996193
0.0871287	-0	0.996197
0.258832	-0	0.965922
0.422768	-0	0.906238
0.573354	-0	0.819308
0.707151	-0	0.707063
0.819097	-0	0.573655
0.906384	-0	0.422455
0.965923	-0	0.258831
0.996222	-0	0.0868396
0.996222	0	-0.0868396
0.965923	0	-0.258831
0.906384	0	-0.422455
0.819103	0	-0.573647
0.707151	0	-0.707063
0.573354	0	-0.819308
0.422768	0	-0.906238
0.258832	0	-0.965922
0.0871114	0	-0.996199
-0.0871774	0	-0.996193
-0.819097	0	-0.573655
-0.996174	0	0.0873941
-0.906381	0	0.422462
-0.819103	0	0.573647
-0.08716	0	0.996194
0.0871114	-0	0.996199
0.819103	-0	0.573647
0.906381	-0	0.422462
0.996222	-0	0.0868381
0.819097	0	-0.573655
0.0871287	0	-0.996197

#	Mesh	0	End

