#	Mesh	0	Begin

#	Vertex	448
112068	9664.53	-50
112068	9664.53	5230
112068	9864.53	5230
112068	9864.53	-50
104368	9864.53	5230
104368	9864.53	-50
111618	9864.53	4050
110718	9864.53	4050
110718	9864.53	4550
111618	9864.53	4550
109169	9864.53	3949.19
109157	9864.53	3950.25
109145	9864.53	3953.41
109134	9864.53	3958.57
109124	9864.53	3965.57
109116	9864.53	3974.2
109109	9864.53	3984.19
109103	9864.53	3995.25
109100	9864.53	4007.04
109099	9864.53	4019.19
109100	9864.53	4031.35
109103	9864.53	4043.13
109109	9864.53	4054.19
109116	9864.53	4064.19
109124	9864.53	4072.81
109134	9864.53	4079.81
109145	9864.53	4084.97
109157	9864.53	4088.13
109169	9864.53	4089.19
109181	9864.53	4088.13
109193	9864.53	4084.97
109204	9864.53	4079.81
109214	9864.53	4072.81
109223	9864.53	4064.19
109230	9864.53	4054.19
109235	9864.53	4043.13
109238	9864.53	4031.35
109239	9864.53	4019.19
109238	9864.53	4007.04
109235	9864.53	3995.25
109230	9864.53	3984.19
109223	9864.53	3974.2
109214	9864.53	3965.57
109204	9864.53	3958.57
109193	9864.53	3953.41
109181	9864.53	3950.25
109968	9864.53	3784.11
109954	9864.53	3785.41
109939	9864.53	3789.24
109926	9864.53	3795.5
109914	9864.53	3804
109903	9864.53	3814.48
109895	9864.53	3826.61
109888	9864.53	3840.04
109885	9864.53	3854.35
109883	9864.53	3869.11
109885	9864.53	3883.87
109888	9864.53	3898.19
109895	9864.53	3911.61
109903	9864.53	3923.75
109914	9864.53	3934.23
109926	9864.53	3942.73
109939	9864.53	3948.99
109954	9864.53	3952.82
109968	9864.53	3954.11
109983	9864.53	3952.82
109997	9864.53	3948.99
110011	9864.53	3942.73
110023	9864.53	3934.23
110033	9864.53	3923.75
110042	9864.53	3911.61
110048	9864.53	3898.19
110052	9864.53	3883.87
110053	9864.53	3869.11
110052	9864.53	3854.35
110048	9864.53	3840.04
110042	9864.53	3826.61
110033	9864.53	3814.48
110023	9864.53	3804
110011	9864.53	3795.5
109997	9864.53	3789.24
109983	9864.53	3785.41
109419	9864.53	3951.63
109407	9864.53	3952.69
109395	9864.53	3955.85
109384	9864.53	3961.01
109374	9864.53	3968
109366	9864.53	3976.63
109359	9864.53	3986.63
109353	9864.53	3997.69
109350	9864.53	4009.47
109349	9864.53	4021.63
109350	9864.53	4033.78
109353	9864.53	4045.57
109359	9864.53	4056.63
109366	9864.53	4066.62
109374	9864.53	4075.25
109384	9864.53	4082.25
109395	9864.53	4087.41
109407	9864.53	4090.56
109419	9864.53	4091.63
109431	9864.53	4090.56
109443	9864.53	4087.41
109454	9864.53	4082.25
109464	9864.53	4075.25
109473	9864.53	4066.62
109480	9864.53	4056.63
109485	9864.53	4045.57
109488	9864.53	4033.78
109489	9864.53	4021.63
109488	9864.53	4009.47
109485	9864.53	3997.69
109480	9864.53	3986.63
109473	9864.53	3976.63
109464	9864.53	3968
109454	9864.53	3961.01
109443	9864.53	3955.85
109431	9864.53	3952.69
110218	9864.53	3783.49
110204	9864.53	3784.78
110189	9864.53	3788.62
110176	9864.53	3794.88
110164	9864.53	3803.38
110153	9864.53	3813.85
110145	9864.53	3825.99
110138	9864.53	3839.42
110135	9864.53	3853.73
110133	9864.53	3868.49
110135	9864.53	3883.25
110138	9864.53	3897.56
110145	9864.53	3910.99
110153	9864.53	3923.13
110164	9864.53	3933.6
110176	9864.53	3942.1
110189	9864.53	3948.37
110204	9864.53	3952.2
110218	9864.53	3953.49
110233	9864.53	3952.2
110247	9864.53	3948.37
110261	9864.53	3942.1
110273	9864.53	3933.6
110283	9864.53	3923.13
110292	9864.53	3910.99
110298	9864.53	3897.56
110302	9864.53	3883.25
110303	9864.53	3868.49
110302	9864.53	3853.73
110298	9864.53	3839.42
110292	9864.53	3825.99
110283	9864.53	3813.85
110273	9864.53	3803.38
110261	9864.53	3794.88
110247	9864.53	3788.62
110233	9864.53	3784.78
109668	9864.53	3985.88
109662	9864.53	3986.45
109655	9864.53	3988.14
109650	9864.53	3990.9
109644	9864.53	3994.65
109640	9864.53	3999.28
109636	9864.53	4004.63
109633	9864.53	4010.55
109631	9864.53	4016.87
109631	9864.53	4023.38
109631	9864.53	4029.89
109633	9864.53	4036.21
109636	9864.53	4042.13
109640	9864.53	4047.48
109644	9864.53	4052.11
109650	9864.53	4055.86
109655	9864.53	4058.62
109662	9864.53	4060.31
109668	9864.53	4060.88
109675	9864.53	4060.31
109681	9864.53	4058.62
109687	9864.53	4055.86
109692	9864.53	4052.11
109697	9864.53	4047.48
109701	9864.53	4042.13
109704	9864.53	4036.21
109705	9864.53	4029.89
109706	9864.53	4023.38
109705	9864.53	4016.87
109704	9864.53	4010.55
109701	9864.53	4004.63
109697	9864.53	3999.28
109692	9864.53	3994.65
109687	9864.53	3990.9
109681	9864.53	3988.14
109675	9864.53	3986.45
110468	9864.53	3842.94
110463	9864.53	3843.42
110457	9864.53	3844.84
110452	9864.53	3847.16
110448	9864.53	3850.31
110444	9864.53	3854.19
110441	9864.53	3858.69
110438	9864.53	3863.67
110437	9864.53	3868.97
110437	9864.53	3874.44
110437	9864.53	3879.91
110438	9864.53	3885.21
110441	9864.53	3890.19
110444	9864.53	3894.69
110448	9864.53	3898.57
110452	9864.53	3901.72
110457	9864.53	3904.04
110463	9864.53	3905.46
110468	9864.53	3905.94
110474	9864.53	3905.46
110479	9864.53	3904.04
110484	9864.53	3901.72
110488	9864.53	3898.57
110492	9864.53	3894.69
110495	9864.53	3890.19
110498	9864.53	3885.21
110499	9864.53	3879.91
110500	9864.53	3874.44
110499	9864.53	3868.97
110498	9864.53	3863.67
110495	9864.53	3858.69
110492	9864.53	3854.19
110488	9864.53	3850.31
110484	9864.53	3847.16
110479	9864.53	3844.84
110474	9864.53	3843.42
104368	9664.53	5230
104368	9664.53	-50
110718	9664.53	4050
111618	9664.53	4050
111618	9664.53	4550
110718	9664.53	4550
109157	9664.53	3950.25
109169	9664.53	3949.19
109181	9664.53	3950.25
109193	9664.53	3953.41
109204	9664.53	3958.57
109214	9664.53	3965.57
109223	9664.53	3974.2
109230	9664.53	3984.19
109235	9664.53	3995.25
109238	9664.53	4007.04
109239	9664.53	4019.19
109238	9664.53	4031.35
109235	9664.53	4043.13
109230	9664.53	4054.19
109223	9664.53	4064.19
109214	9664.53	4072.81
109204	9664.53	4079.81
109193	9664.53	4084.97
109181	9664.53	4088.13
109169	9664.53	4089.19
109157	9664.53	4088.13
109145	9664.53	4084.97
109134	9664.53	4079.81
109124	9664.53	4072.81
109116	9664.53	4064.19
109109	9664.53	4054.19
109103	9664.53	4043.13
109100	9664.53	4031.35
109099	9664.53	4019.19
109100	9664.53	4007.04
109103	9664.53	3995.25
109109	9664.53	3984.19
109116	9664.53	3974.2
109124	9664.53	3965.57
109134	9664.53	3958.57
109145	9664.53	3953.41
109954	9664.53	3785.41
109968	9664.53	3784.11
109983	9664.53	3785.41
109997	9664.53	3789.24
110011	9664.53	3795.5
110023	9664.53	3804
110033	9664.53	3814.48
110042	9664.53	3826.61
110048	9664.53	3840.04
110052	9664.53	3854.35
110053	9664.53	3869.11
110052	9664.53	3883.87
110048	9664.53	3898.19
110042	9664.53	3911.61
110033	9664.53	3923.75
110023	9664.53	3934.23
110011	9664.53	3942.73
109997	9664.53	3948.99
109983	9664.53	3952.82
109968	9664.53	3954.11
109954	9664.53	3952.82
109939	9664.53	3948.99
109926	9664.53	3942.73
109914	9664.53	3934.23
109903	9664.53	3923.75
109895	9664.53	3911.61
109888	9664.53	3898.19
109885	9664.53	3883.87
109883	9664.53	3869.11
109885	9664.53	3854.35
109888	9664.53	3840.04
109895	9664.53	3826.61
109903	9664.53	3814.48
109914	9664.53	3804
109926	9664.53	3795.5
109939	9664.53	3789.24
109407	9664.53	3952.69
109419	9664.53	3951.63
109431	9664.53	3952.69
109443	9664.53	3955.85
109454	9664.53	3961.01
109464	9664.53	3968
109473	9664.53	3976.63
109480	9664.53	3986.63
109485	9664.53	3997.69
109488	9664.53	4009.47
109489	9664.53	4021.63
109488	9664.53	4033.78
109485	9664.53	4045.57
109480	9664.53	4056.63
109473	9664.53	4066.62
109464	9664.53	4075.25
109454	9664.53	4082.25
109443	9664.53	4087.41
109431	9664.53	4090.56
109419	9664.53	4091.63
109407	9664.53	4090.56
109395	9664.53	4087.41
109384	9664.53	4082.25
109374	9664.53	4075.25
109366	9664.53	4066.62
109359	9664.53	4056.63
109353	9664.53	4045.57
109350	9664.53	4033.78
109349	9664.53	4021.63
109350	9664.53	4009.47
109353	9664.53	3997.69
109359	9664.53	3986.63
109366	9664.53	3976.63
109374	9664.53	3968
109384	9664.53	3961.01
109395	9664.53	3955.85
110204	9664.53	3784.78
110218	9664.53	3783.49
110233	9664.53	3784.78
110247	9664.53	3788.62
110261	9664.53	3794.88
110273	9664.53	3803.38
110283	9664.53	3813.85
110292	9664.53	3825.99
110298	9664.53	3839.42
110302	9664.53	3853.73
110303	9664.53	3868.49
110302	9664.53	3883.25
110298	9664.53	3897.56
110292	9664.53	3910.99
110283	9664.53	3923.13
110273	9664.53	3933.6
110261	9664.53	3942.1
110247	9664.53	3948.37
110233	9664.53	3952.2
110218	9664.53	3953.49
110204	9664.53	3952.2
110189	9664.53	3948.37
110176	9664.53	3942.1
110164	9664.53	3933.6
110153	9664.53	3923.13
110145	9664.53	3910.99
110138	9664.53	3897.56
110135	9664.53	3883.25
110133	9664.53	3868.49
110135	9664.53	3853.73
110138	9664.53	3839.42
110145	9664.53	3825.99
110153	9664.53	3813.85
110164	9664.53	3803.38
110176	9664.53	3794.88
110189	9664.53	3788.62
109662	9664.53	3986.45
109668	9664.53	3985.88
109675	9664.53	3986.45
109681	9664.53	3988.14
109687	9664.53	3990.9
109692	9664.53	3994.65
109697	9664.53	3999.28
109701	9664.53	4004.63
109704	9664.53	4010.55
109705	9664.53	4016.87
109706	9664.53	4023.38
109705	9664.53	4029.89
109704	9664.53	4036.21
109701	9664.53	4042.13
109697	9664.53	4047.48
109692	9664.53	4052.11
109687	9664.53	4055.86
109681	9664.53	4058.62
109675	9664.53	4060.31
109668	9664.53	4060.88
109662	9664.53	4060.31
109655	9664.53	4058.62
109650	9664.53	4055.86
109644	9664.53	4052.11
109640	9664.53	4047.48
109636	9664.53	4042.13
109633	9664.53	4036.21
109631	9664.53	4029.89
109631	9664.53	4023.38
109631	9664.53	4016.87
109633	9664.53	4010.55
109636	9664.53	4004.63
109640	9664.53	3999.28
109644	9664.53	3994.65
109650	9664.53	3990.9
109655	9664.53	3988.14
110463	9664.53	3843.42
110468	9664.53	3842.94
110474	9664.53	3843.42
110479	9664.53	3844.84
110484	9664.53	3847.16
110488	9664.53	3850.31
110492	9664.53	3854.19
110495	9664.53	3858.69
110498	9664.53	3863.67
110499	9664.53	3868.97
110500	9664.53	3874.44
110499	9664.53	3879.91
110498	9664.53	3885.21
110495	9664.53	3890.19
110492	9664.53	3894.69
110488	9664.53	3898.57
110484	9664.53	3901.72
110479	9664.53	3904.04
110474	9664.53	3905.46
110468	9664.53	3905.94
110463	9664.53	3905.46
110457	9664.53	3904.04
110452	9664.53	3901.72
110448	9664.53	3898.57
110444	9664.53	3894.69
110441	9664.53	3890.19
110438	9664.53	3885.21
110437	9664.53	3879.91
110437	9664.53	3874.44
110437	9664.53	3868.97
110438	9664.53	3863.67
110441	9664.53	3858.69
110444	9664.53	3854.19
110448	9664.53	3850.31
110452	9664.53	3847.16
110457	9664.53	3844.84

#	Triangle	182
0	2	1	3	2	0	228	8	231	7	8	228
4	3	5	4	11	3	11	10	3	10	47	3	47	46	3	46	118	3	118	153	3	153	152	3	152	151	3	151	150	3	150	190	3	190	225	3	225	224	3	224	223	3	223	222	3	222	7	3	7	6	3	6	2	3	46	119	118	81	119	46	81	120	119	10	48	47	80	120	81	80	121	120	10	49	48	79	121	80	79	122	121	10	50	49	78	122	79	78	123	122	149	190	150	10	51	50	77	123	78	77	124	123	148	190	149	10	52	51	76	124	77	76	125	124	147	190	148	10	53	52	75	125	76	75	126	125	146	190	147	10	54	53	74	126	75	146	191	190	146	192	191	146	193	192	146	194	193	146	195	194	221	7	222	74	127	126	145	195	146	145	196	195	220	7	221	10	55	54	73	127	74	145	197	196	219	7	220	145	198	197	218	7	219	73	128	127	144	198	145	144	199	198	217	7	218	10	56	55	72	128	73	144	200	199	216	7	217	144	201	200	215	7	216	72	129	128	143	201	144	10	57	56	71	129	72	143	202	201	214	7	215	143	203	202	213	7	214	143	204	203	212	7	213	71	130	129	142	204	143	10	58	57	70	130	71	142	205	204	211	7	212	142	206	205	210	7	211	142	207	206	209	7	210	142	208	207	208	7	209	142	7	208	70	131	130	141	7	142	10	59	58	69	131	70	69	132	131	140	7	141	10	60	59	68	132	69	68	133	132	139	7	140	10	61	60	67	133	68	67	134	133	138	7	139	10	62	61	66	134	67	66	135	134	137	7	138	10	63	62	65	135	66	45	63	10	4	12	11	44	82	45	82	63	45	44	83	82	117	63	82	65	136	135	136	7	137	44	84	83	116	63	117	116	64	63	64	136	65	4	13	12	43	84	44	64	7	136	116	7	64	43	85	84	115	7	116	4	14	13	42	85	43	42	86	85	114	7	115	4	15	14	41	86	42	41	87	86	113	154	114	154	7	114	4	16	15	40	87	41	40	88	87	112	154	113	4	17	16	39	88	40	112	155	154	189	7	154	112	156	155	188	7	189	39	89	88	111	156	112	111	157	156	187	7	188	111	158	157	186	7	187	111	159	158	185	7	186	4	18	17	38	89	39	38	90	89	110	159	111	110	160	159	184	7	185	110	161	160	183	7	184	4	19	18	37	90	38	37	91	90	109	161	110	109	162	161	182	7	183	109	163	162	181	7	182	4	20	19	36	91	37	36	92	91	108	163	109	108	164	163	180	7	181	108	165	164	179	7	180	4	21	20	35	92	36	35	93	92	107	165	108	107	166	165	178	7	179	107	167	166	177	7	178	4	22	21	34	93	35	34	94	93	106	167	107	106	168	167	176	7	177	176	8	7	9	2	6	106	169	168	175	8	176	4	23	22	33	94	34	106	170	169	174	8	175	33	95	94	105	170	106	105	171	170	173	8	174	105	172	171	172	8	173	105	8	172	4	24	23	32	95	33	32	96	95	104	8	105	4	25	24	31	96	32	31	97	96	103	8	104	4	26	25	30	97	31	30	98	97	102	8	103	4	27	26	29	98	30	29	99	98	101	8	102	4	28	27	28	99	29	4	99	28	4	100	99	100	8	101	4	8	100	4	9	8	4	2	9
5	226	4	227	226	5	230	6	229	9	6	230
1	229	0	229	417	0	417	416	0	416	415	0	415	414	0	414	413	0	413	345	0	345	344	0	344	343	0	343	342	0	342	341	0	341	227	0	341	269	227	269	268	227	268	233	227	233	232	227	232	226	227	340	269	341	340	270	269	375	270	340	375	271	270	303	233	268	374	271	375	374	272	271	302	233	303	373	272	374	373	273	272	301	233	302	413	346	345	372	273	373	372	274	273	300	233	301	413	347	346	371	274	372	371	275	274	299	233	300	413	348	347	370	275	371	370	276	275	298	233	299	413	349	348	369	276	370	369	277	276	297	233	298	412	349	413	447	349	412	446	349	447	445	349	446	229	418	417	444	349	445	444	350	349	368	277	369	229	419	418	443	350	444	368	278	277	296	233	297	229	420	419	442	350	443	229	421	420	441	350	442	441	351	350	367	278	368	229	422	421	440	351	441	367	279	278	295	233	296	229	423	422	439	351	440	229	424	423	438	351	439	438	352	351	366	279	367	366	280	279	294	233	295	229	425	424	437	352	438	229	426	425	436	352	437	229	427	426	435	352	436	435	353	352	365	280	366	365	281	280	293	233	294	229	428	427	434	353	435	229	429	428	433	353	434	229	430	429	432	353	433	229	431	430	431	353	432	229	353	431	229	354	353	364	281	365	364	282	281	292	233	293	229	355	354	363	282	364	363	283	282	291	233	292	229	356	355	362	283	363	362	284	283	290	233	291	229	357	356	361	284	362	361	285	284	289	233	290	229	358	357	360	285	361	360	286	285	288	233	289	288	234	233	288	305	234	305	235	234	267	226	232	288	306	305	304	235	305	229	359	358	359	286	360	288	307	306	339	235	304	359	287	286	287	307	288	339	236	235	266	226	267	229	287	359	229	307	287	229	308	307	338	236	339	338	237	236	265	226	266	229	309	308	337	237	338	337	238	237	264	226	265	229	310	309	336	238	337	336	239	238	263	226	264	229	377	310	377	311	310	335	239	336	335	240	239	262	226	263	229	378	377	376	311	377	229	379	378	411	311	376	411	312	311	334	240	335	229	380	379	410	312	411	229	381	380	409	312	410	229	382	381	408	312	409	334	241	240	261	226	262	408	313	312	333	241	334	229	383	382	407	313	408	229	384	383	406	313	407	333	242	241	260	226	261	406	314	313	332	242	333	229	385	384	405	314	406	229	386	385	404	314	405	332	243	242	259	226	260	404	315	314	331	243	332	229	387	386	403	315	404	229	388	387	402	315	403	331	244	243	258	226	259	402	316	315	330	244	331	229	389	388	401	316	402	229	390	389	400	316	401	330	245	244	257	226	258	400	317	316	329	245	330	229	228	390	228	391	390	399	317	400	1	230	229	231	391	228	231	392	391	398	317	399	329	246	245	256	226	257	231	393	392	397	317	398	397	318	317	328	246	329	231	394	393	396	318	397	231	395	394	395	318	396	231	318	395	328	247	246	255	226	256	231	319	318	327	247	328	327	248	247	254	226	255	231	320	319	326	248	327	326	249	248	253	226	254	231	321	320	325	249	326	325	250	249	252	226	253	231	322	321	324	250	325	324	251	250	251	226	252	324	226	251	231	323	322	323	226	324	231	226	323	1	231	230	1	226	231
0	5	3	227	5	0	231	9	230	8	9	231
2	226	1	4	226	2	229	7	228	6	7	229
233	11	232	10	11	233	305	83	304	82	83	305
232	12	267	11	12	232
267	13	266	12	13	267	339	85	338	84	85	339
266	14	265	13	14	266
265	15	264	14	15	265	337	87	336	86	87	337
264	16	263	15	16	264	336	88	335	87	88	336
263	17	262	16	17	263	335	89	334	88	89	335
262	18	261	17	18	262	334	90	333	89	90	334
261	19	260	18	19	261	333	91	332	90	91	333
260	20	259	19	20	260
259	21	258	20	21	259
258	22	257	21	22	258	330	94	329	93	94	330
257	23	256	22	23	257	329	95	328	94	95	329
256	24	255	23	24	256
255	25	254	24	25	255
254	26	253	25	26	254	326	98	325	97	98	326
253	27	252	26	27	253	325	99	324	98	99	325
252	28	251	27	28	252	324	100	323	99	100	324
251	29	250	28	29	251	323	101	322	100	101	323
250	30	249	29	30	250	322	102	321	101	102	322
249	31	248	30	31	249	321	103	320	102	103	321
248	32	247	31	32	248
247	33	246	32	33	247
246	34	245	33	34	246	318	106	317	105	106	318
245	35	244	34	35	245	317	107	316	106	107	317
244	36	243	35	36	244
243	37	242	36	37	243
242	38	241	37	38	242	314	110	313	109	110	314
241	39	240	38	39	241	313	111	312	110	111	313
240	40	239	39	40	240	312	112	311	111	112	312
239	41	238	40	41	239	311	113	310	112	113	311
238	42	237	41	42	238	310	114	309	113	114	310
237	43	236	42	43	237
236	44	235	43	44	236	308	116	307	115	116	308
235	45	234	44	45	235
234	10	233	45	10	234	306	82	305	117	82	306
269	47	268	46	47	269
268	48	303	47	48	268
303	49	302	48	49	303	375	121	374	120	121	375
302	50	301	49	50	302
301	51	300	50	51	301	373	123	372	122	123	373
300	52	299	51	52	300	372	124	371	123	124	372
299	53	298	52	53	299
298	54	297	53	54	298	370	126	369	125	126	370
297	55	296	54	55	297	369	127	368	126	127	369
296	56	295	55	56	296
295	57	294	56	57	295
294	58	293	57	58	294
293	59	292	58	59	293	365	131	364	130	131	365
292	60	291	59	60	292	364	132	363	131	132	364
291	61	290	60	61	291
290	62	289	61	62	290	362	134	361	133	134	362
289	63	288	62	63	289
288	64	287	63	64	288
287	65	286	64	65	287	359	137	358	136	137	359
286	66	285	65	66	286
285	67	284	66	67	285	357	139	356	138	139	357
284	68	283	67	68	284
283	69	282	68	69	283	355	141	354	140	141	355
282	70	281	69	70	282	354	142	353	141	142	354
281	71	280	70	71	281
280	72	279	71	72	280
279	73	278	72	73	279
278	74	277	73	74	278
277	75	276	74	75	277
276	76	275	75	76	276
275	77	274	76	77	275	347	149	346	148	149	347
274	78	273	77	78	274	346	150	345	149	150	346
273	79	272	78	79	273
272	80	271	79	80	272	344	152	343	151	152	344
271	81	270	80	81	271	343	153	342	152	153	343
270	46	269	81	46	270
304	84	339	83	84	304
338	86	337	85	86	338
332	92	331	91	92	332
331	93	330	92	93	331
328	96	327	95	96	328
327	97	326	96	97	327
320	104	319	103	104	320
319	105	318	104	105	319
316	108	315	107	108	316
315	109	314	108	109	315
309	115	308	114	115	309
307	117	306	116	117	307
341	119	340	118	119	341
340	120	375	119	120	340
374	122	373	121	122	374
371	125	370	124	125	371
368	128	367	127	128	368
367	129	366	128	129	367
366	130	365	129	130	366
363	133	362	132	133	363
361	135	360	134	135	361
360	136	359	135	136	360
358	138	357	137	138	358
356	140	355	139	140	356
353	143	352	142	143	353
352	144	351	143	144	352
351	145	350	144	145	351
350	146	349	145	146	350
349	147	348	146	147	349
348	148	347	147	148	348
345	151	344	150	151	345
342	118	341	153	118	342
377	155	376	154	155	377
376	156	411	155	156	376
411	157	410	156	157	411
410	158	409	157	158	410
409	159	408	158	159	409
408	160	407	159	160	408
407	161	406	160	161	407
406	162	405	161	162	406
405	163	404	162	163	405
404	164	403	163	164	404
403	165	402	164	165	403
402	166	401	165	166	402
401	167	400	166	167	401
400	168	399	167	168	400
399	169	398	168	169	399
398	170	397	169	170	398
397	171	396	170	171	397
396	172	395	171	172	396
395	173	394	172	173	395
394	174	393	173	174	394
393	175	392	174	175	393
392	176	391	175	176	392
391	177	390	176	177	391
390	178	389	177	178	390
389	179	388	178	179	389
388	180	387	179	180	388
387	181	386	180	181	387
386	182	385	181	182	386
385	183	384	182	183	385
384	184	383	183	184	384
383	185	382	184	185	383
382	186	381	185	186	382
381	187	380	186	187	381
380	188	379	187	188	380
379	189	378	188	189	379
378	154	377	189	154	378
413	191	412	190	191	413
412	192	447	191	192	412
447	193	446	192	193	447
446	194	445	193	194	446
445	195	444	194	195	445
444	196	443	195	196	444
443	197	442	196	197	443
442	198	441	197	198	442
441	199	440	198	199	441
440	200	439	199	200	440
439	201	438	200	201	439
438	202	437	201	202	438
437	203	436	202	203	437
436	204	435	203	204	436
435	205	434	204	205	435
434	206	433	205	206	434
433	207	432	206	207	433
432	208	431	207	208	432
431	209	430	208	209	431
430	210	429	209	210	430
429	211	428	210	211	429
428	212	427	211	212	428
427	213	426	212	213	427
426	214	425	213	214	426
425	215	424	214	215	425
424	216	423	215	216	424
423	217	422	216	217	423
422	218	421	217	218	422
421	219	420	218	219	421
420	220	419	219	220	420
419	221	418	220	221	419
418	222	417	221	222	418
417	223	416	222	223	417
416	224	415	223	224	416
415	225	414	224	225	415
414	190	413	225	190	414

#	Normal	182
-1	0	0
0	-1	0
1	0	0
0	1	-0
0	0	1
0	0	-1
-0.0872067	0	-0.99619
-0.258749	0	-0.965944
-0.422498	0	-0.906364
-0.573696	0	-0.819068
-0.707227	0	-0.706987
-0.8191	0	-0.57365
-0.906322	0	-0.422588
-0.965963	0	-0.258679
-0.996146	0	-0.087714
-0.996146	0	0.087714
-0.965963	0	0.258679
-0.906322	0	0.422588
-0.8191	0	0.57365
-0.707227	0	0.706987
-0.573696	0	0.819068
-0.422498	0	0.906364
-0.258749	0	0.965944
-0.0872067	0	0.99619
0.0871511	-0	0.996195
0.258749	-0	0.965944
0.422743	-0	0.90625
0.573395	-0	0.819279
0.707227	-0	0.706987
0.8191	-0	0.57365
0.906322	-0	0.422588
0.965963	-0	0.258679
0.996201	-0	0.0870786
0.996201	0	-0.0870786
0.965963	0	-0.258679
0.906322	0	-0.422588
0.8191	0	-0.57365
0.707227	0	-0.706987
0.573395	0	-0.819279
0.422743	0	-0.90625
0.258749	0	-0.965944
0.0871511	0	-0.996195
-0.0871637	0	-0.996194
-0.2588	0	-0.965931
-0.422582	0	-0.906325
-0.573715	0	-0.819055
-0.707115	0	-0.707099
-0.819101	0	-0.573649
-0.906206	0	-0.422837
-0.965907	0	-0.258889
-0.996208	0	-0.0870036
-0.996208	0	0.0870036
-0.965907	0	0.258889
-0.906206	0	0.422837
-0.819101	0	0.573649
-0.707115	0	0.707099
-0.573703	0	0.819063
-0.422582	0	0.906325
-0.258815	0	0.965927
-0.0871637	0	0.996194
0.0871637	-0	0.996194
0.258815	-0	0.965927
0.422582	-0	0.906325
0.573456	-0	0.819237
0.707115	-0	0.707099
0.819101	-0	0.573649
0.906408	-0	0.422404
0.965907	-0	0.258889
0.996208	-0	0.0870036
0.996208	0	-0.0870036
0.965907	0	-0.258889
0.906408	0	-0.422404
0.819101	0	-0.573649
0.707115	0	-0.707099
0.573467	0	-0.819229
0.422582	0	-0.906325
0.2588	0	-0.965931
0.0871637	0	-0.996194
-0.258768	0	-0.965939
-0.573683	0	-0.819078
-0.996146	0	0.0877122
-0.965962	0	0.258684
-0.707237	0	0.706977
-0.573683	0	0.819078
0.573382	-0	0.819288
0.707237	-0	0.706977
0.965962	-0	0.258684
0.996202	-0	0.0870769
0.573382	0	-0.819288
0.258768	0	-0.965939
-0.0871343	0	-0.996197
-0.258932	0	-0.965896
-0.573456	0	-0.819237
-0.906408	0	-0.422404
-0.996208	0	0.0870022
-0.965906	0	0.258893
-0.906408	0	0.422404
-0.573467	0	0.819229
-0.258932	0	0.965896
-0.0871179	0	0.996198
0.2588	-0	0.965931
0.573715	-0	0.819055
0.906206	-0	0.422837
0.966038	-0	0.258401
0.996162	-0	0.0875255
0.996162	0	-0.0875269
0.966039	0	-0.258397
0.906206	0	-0.422837
0.573703	0	-0.819063
0.08718	0	-0.996193
-0.0872263	0	-0.996189
-0.258552	0	-0.965997
-0.422779	0	-0.906233
-0.573788	0	-0.819004
-0.706883	0	-0.707331
-0.819099	0	-0.573653
-0.906586	0	-0.422022
-0.965792	0	-0.259317
-0.996187	0	-0.0872485
-0.996187	0	0.0872452
-0.965792	0	0.259317
-0.906579	0	0.422036
-0.819099	0	0.573653
-0.706901	0	0.707312
-0.573788	0	0.819004
-0.422748	0	0.906247
-0.258587	0	0.965988
-0.0871892	0	0.996192
0.0870855	-0	0.996201
0.258885	-0	0.965908
0.422748	-0	0.906247
0.573227	-0	0.819397
0.707499	-0	0.706714
0.819099	-0	0.573653
0.906121	-0	0.423018
0.966091	-0	0.258202
0.996187	-0	0.0872452
0.996187	0	-0.0872485
0.966091	0	-0.258202
0.906128	0	-0.423004
0.819099	0	-0.573653
0.70748	0	-0.706733
0.573227	0	-0.819397
0.422779	0	-0.906233
0.258851	0	-0.965917
0.0871225	0	-0.996198
-0.087167	0	-0.996194
-0.258778	0	-0.965937
-0.422574	0	-0.906328
-0.573391	0	-0.819282
-0.707107	0	-0.707107
-0.819234	0	-0.573459
-0.906321	0	-0.422591
-0.965892	0	-0.258946
-0.996226	0	-0.0867946
-0.996226	0	0.0867985
-0.965892	0	0.258946
-0.906328	0	0.422574
-0.819234	0	0.573459
-0.707085	0	0.707129
-0.573391	0	0.819282
-0.422574	0	0.906328
-0.258778	0	0.965937
-0.0872111	0	0.99619
0.0872111	-0	0.99619
0.258778	-0	0.965937
0.422574	-0	0.906328
0.573391	-0	0.819282
0.707085	-0	0.707129
0.819234	-0	0.573459
0.906328	-0	0.422574
0.965892	-0	0.258946
0.996226	-0	0.0867985
0.996226	0	-0.0867946
0.965892	0	-0.258946
0.906321	0	-0.422591
0.819234	0	-0.573459
0.707107	0	-0.707107
0.573391	0	-0.819282
0.422574	0	-0.906328
0.258778	0	-0.965937
0.087167	0	-0.996194

#	Mesh	0	End

