#	Mesh	0	Begin

#	Vertex	264
120468	9664.53	-50
120468	9664.53	5230
120468	9864.53	5230
120468	9864.53	-50
112768	9864.53	5230
112768	9864.53	-50
113448	9692.45	1900
113448	9864.53	1900
113448	9692.45	100
113448	9864.53	100
114268	9864.53	2100
115768	9864.53	2100
115768	9864.53	0
114268	9864.53	0
119351	9864.53	3850
119051	9864.53	3850
119051	9864.53	4050
119351	9864.53	4050
119604	9864.53	4050
119904	9864.53	4050
119904	9864.53	3850
119604	9864.53	3850
114218	9864.53	3950
112868	9864.53	3950
112868	9864.53	4550
114218	9864.53	4550
114703	9864.53	4380.63
114696	9864.53	4381.2
114690	9864.53	4382.89
114684	9864.53	4385.66
114679	9864.53	4389.41
114674	9864.53	4394.03
114670	9864.53	4399.38
114667	9864.53	4405.31
114666	9864.53	4411.62
114665	9864.53	4418.13
114666	9864.53	4424.64
114667	9864.53	4430.96
114670	9864.53	4436.88
114674	9864.53	4442.24
114679	9864.53	4446.86
114684	9864.53	4450.61
114690	9864.53	4453.37
114696	9864.53	4455.06
114703	9864.53	4455.63
114709	9864.53	4455.06
114716	9864.53	4453.37
114721	9864.53	4450.61
114727	9864.53	4446.86
114731	9864.53	4442.24
114735	9864.53	4436.88
114738	9864.53	4430.96
114740	9864.53	4424.64
114740	9864.53	4418.13
114740	9864.53	4411.62
114738	9864.53	4405.31
114735	9864.53	4399.38
114731	9864.53	4394.03
114727	9864.53	4389.41
114721	9864.53	4385.66
114716	9864.53	4382.89
114709	9864.53	4381.2
114942	9864.53	4380.65
114936	9864.53	4381.22
114929	9864.53	4382.91
114923	9864.53	4385.68
114918	9864.53	4389.43
114913	9864.53	4394.05
114910	9864.53	4399.4
114907	9864.53	4405.33
114905	9864.53	4411.64
114905	9864.53	4418.15
114905	9864.53	4424.66
114907	9864.53	4430.98
114910	9864.53	4436.9
114913	9864.53	4442.26
114918	9864.53	4446.88
114923	9864.53	4450.63
114929	9864.53	4453.39
114936	9864.53	4455.08
114942	9864.53	4455.65
114949	9864.53	4455.08
114955	9864.53	4453.39
114961	9864.53	4450.63
114966	9864.53	4446.88
114971	9864.53	4442.26
114975	9864.53	4436.9
114977	9864.53	4430.98
114979	9864.53	4424.66
114980	9864.53	4418.15
114979	9864.53	4411.64
114977	9864.53	4405.33
114975	9864.53	4399.4
114971	9864.53	4394.05
114966	9864.53	4389.43
114961	9864.53	4385.68
114955	9864.53	4382.91
114949	9864.53	4381.22
115210	9864.53	4396.01
115204	9864.53	4396.49
115199	9864.53	4397.91
115194	9864.53	4400.23
115190	9864.53	4403.38
115186	9864.53	4407.27
115183	9864.53	4411.76
115180	9864.53	4416.74
115179	9864.53	4422.04
115178	9864.53	4427.51
115179	9864.53	4432.98
115180	9864.53	4438.29
115183	9864.53	4443.26
115186	9864.53	4447.76
115190	9864.53	4451.64
115194	9864.53	4454.79
115199	9864.53	4457.11
115204	9864.53	4458.54
115210	9864.53	4459.01
115215	9864.53	4458.54
115221	9864.53	4457.11
115226	9864.53	4454.79
115230	9864.53	4451.64
115234	9864.53	4447.76
115237	9864.53	4443.26
115239	9864.53	4438.29
115241	9864.53	4432.98
115241	9864.53	4427.51
115241	9864.53	4422.04
115239	9864.53	4416.74
115237	9864.53	4411.76
115234	9864.53	4407.27
115230	9864.53	4403.38
115226	9864.53	4400.23
115221	9864.53	4397.91
115215	9864.53	4396.49
112768	9692.45	100
112768	9692.45	1900
112768	9664.53	5230
112768	9664.53	-50
115768	9664.53	2100
114268	9664.53	2100
114268	9664.53	0
115768	9664.53	0
119051	9664.53	3850
119351	9664.53	3850
119604	9664.53	3850
119904	9664.53	3850
119904	9664.53	4050
119604	9664.53	4050
119351	9664.53	4050
119051	9664.53	4050
112868	9664.53	3950
114218	9664.53	3950
114218	9664.53	4550
112868	9664.53	4550
114696	9664.53	4381.2
114703	9664.53	4380.63
114709	9664.53	4381.2
114716	9664.53	4382.89
114721	9664.53	4385.66
114727	9664.53	4389.41
114731	9664.53	4394.03
114735	9664.53	4399.38
114738	9664.53	4405.31
114740	9664.53	4411.62
114740	9664.53	4418.13
114740	9664.53	4424.64
114738	9664.53	4430.96
114735	9664.53	4436.88
114731	9664.53	4442.24
114727	9664.53	4446.86
114721	9664.53	4450.61
114716	9664.53	4453.37
114709	9664.53	4455.06
114703	9664.53	4455.63
114696	9664.53	4455.06
114690	9664.53	4453.37
114684	9664.53	4450.61
114679	9664.53	4446.86
114674	9664.53	4442.24
114670	9664.53	4436.88
114667	9664.53	4430.96
114666	9664.53	4424.64
114665	9664.53	4418.13
114666	9664.53	4411.62
114667	9664.53	4405.31
114670	9664.53	4399.38
114674	9664.53	4394.03
114679	9664.53	4389.41
114684	9664.53	4385.66
114690	9664.53	4382.89
114936	9664.53	4381.22
114942	9664.53	4380.65
114949	9664.53	4381.22
114955	9664.53	4382.91
114961	9664.53	4385.68
114966	9664.53	4389.43
114971	9664.53	4394.05
114975	9664.53	4399.4
114977	9664.53	4405.33
114979	9664.53	4411.64
114980	9664.53	4418.15
114979	9664.53	4424.66
114977	9664.53	4430.98
114975	9664.53	4436.9
114971	9664.53	4442.26
114966	9664.53	4446.88
114961	9664.53	4450.63
114955	9664.53	4453.39
114949	9664.53	4455.08
114942	9664.53	4455.65
114936	9664.53	4455.08
114929	9664.53	4453.39
114923	9664.53	4450.63
114918	9664.53	4446.88
114913	9664.53	4442.26
114910	9664.53	4436.9
114907	9664.53	4430.98
114905	9664.53	4424.66
114905	9664.53	4418.15
114905	9664.53	4411.64
114907	9664.53	4405.33
114910	9664.53	4399.4
114913	9664.53	4394.05
114918	9664.53	4389.43
114923	9664.53	4385.68
114929	9664.53	4382.91
115204	9664.53	4396.49
115210	9664.53	4396.01
115215	9664.53	4396.49
115221	9664.53	4397.91
115226	9664.53	4400.23
115230	9664.53	4403.38
115234	9664.53	4407.27
115237	9664.53	4411.76
115239	9664.53	4416.74
115241	9664.53	4422.04
115241	9664.53	4427.51
115241	9664.53	4432.98
115239	9664.53	4438.29
115237	9664.53	4443.26
115234	9664.53	4447.76
115230	9664.53	4451.64
115226	9664.53	4454.79
115221	9664.53	4457.11
115215	9664.53	4458.54
115210	9664.53	4459.01
115204	9664.53	4458.54
115199	9664.53	4457.11
115194	9664.53	4454.79
115190	9664.53	4451.64
115186	9664.53	4447.76
115183	9664.53	4443.26
115180	9664.53	4438.29
115179	9664.53	4432.98
115178	9664.53	4427.51
115179	9664.53	4422.04
115180	9664.53	4416.74
115183	9664.53	4411.76
115186	9664.53	4407.27
115190	9664.53	4403.38
115194	9664.53	4400.23
115199	9664.53	4397.91
112768	9864.53	1900
112768	9864.53	100

#	Triangle	96
0	2	1	3	2	0	142	16	149	15	16	142	139	13	10	140	13	139	150	24	153	23	24	150
263	13	5	13	3	5	13	12	3	12	14	3	14	21	3	21	20	3	20	2	3	263	9	13	9	10	13	11	14	12	7	10	9	4	23	262	23	7	262	23	10	7	23	11	10	23	15	11	15	14	11	23	22	15	22	16	15	19	2	20	4	24	23	25	28	22	28	27	22	27	26	22	26	16	22	26	17	16	26	18	17	26	19	18	26	62	19	62	97	19	97	98	19	98	133	19	133	2	19	61	62	26	61	63	62	60	63	61	60	64	63	96	98	97	25	29	28	59	64	60	59	65	64	95	98	96	25	30	29	58	65	59	58	66	65	94	98	95	25	31	30	57	66	58	57	67	66	93	98	94	25	32	31	56	67	57	56	68	67	92	98	93	92	99	98	92	100	99	132	2	133	92	101	100	131	2	132	25	33	32	55	68	56	55	69	68	91	101	92	91	102	101	130	2	131	91	103	102	129	2	130	25	34	33	54	69	55	54	70	69	90	103	91	90	104	103	128	2	129	25	35	34	53	70	54	53	71	70	89	104	90	89	105	104	127	2	128	89	106	105	126	2	127	25	36	35	52	71	53	52	72	71	88	106	89	88	107	106	125	2	126	25	37	36	51	72	52	51	73	72	87	107	88	87	108	107	124	2	125	25	38	37	50	73	51	50	74	73	86	108	87	86	109	108	123	2	124	25	39	38	49	74	50	49	75	74	85	109	86	85	110	109	122	2	123	25	40	39	48	75	49	48	76	75	84	110	85	84	111	110	121	2	122	25	41	40	47	76	48	47	77	76	83	111	84	83	112	111	120	2	121	25	42	41	46	77	47	46	78	77	82	112	83	82	113	112	119	2	120	25	43	42	45	78	46	45	79	78	81	113	82	81	114	113	118	2	119	25	44	43	44	79	45	44	80	79	80	114	81	25	80	44	25	114	80	25	115	114	117	2	118	25	116	115	116	2	117	25	2	116	4	25	24	4	2	25	8	135	6	134	135	8
136	134	137	134	5	137	134	263	5	136	135	134	136	262	135	136	4	262	146	20	145	19	20	146	6	9	8	7	9	6	141	11	12	138	11	141	152	22	151	25	22	152
1	145	0	145	141	0	141	137	0	141	140	137	140	150	137	150	136	137	145	138	141	139	150	140	145	139	138	145	144	139	144	143	139	143	142	139	142	150	139	1	146	145	149	151	142	151	150	142	149	155	151	155	154	151	154	189	151	189	152	151	153	136	150	1	147	146	1	148	147	1	149	148	1	228	149	228	227	149	227	192	149	192	191	149	191	155	149	191	156	155	190	156	191	190	157	156	227	193	192	225	157	190	225	158	157	188	152	189	227	194	193	224	158	225	224	159	158	187	152	188	227	195	194	223	159	224	223	160	159	186	152	187	227	196	195	222	160	223	222	161	160	185	152	186	227	197	196	221	161	222	226	197	227	1	229	228	261	197	226	1	230	229	260	197	261	221	162	161	184	152	185	260	198	197	220	162	221	1	231	230	259	198	260	1	232	231	258	198	259	220	163	162	183	152	184	258	199	198	219	163	220	1	233	232	257	199	258	219	164	163	182	152	183	257	200	199	218	164	219	1	234	233	256	200	257	1	235	234	255	200	256	218	165	164	181	152	182	255	201	200	217	165	218	1	236	235	254	201	255	217	166	165	180	152	181	254	202	201	216	166	217	1	237	236	253	202	254	216	167	166	179	152	180	253	203	202	215	167	216	1	238	237	252	203	253	215	168	167	178	152	179	252	204	203	214	168	215	1	239	238	251	204	252	214	169	168	177	152	178	251	205	204	213	169	214	1	240	239	250	205	251	213	170	169	176	152	177	250	206	205	212	170	213	1	241	240	249	206	250	212	171	170	175	152	176	249	207	206	211	171	212	1	242	241	248	207	249	211	172	171	174	152	175	248	208	207	210	172	211	1	243	242	247	208	248	210	173	172	173	152	174	247	209	208	209	173	210	209	152	173	247	152	209	1	244	243	246	152	247	1	245	244	245	152	246	1	152	245	1	153	152	1	136	153
0	5	3	137	5	0	149	17	148	16	17	149	147	19	146	18	19	147	148	18	147	17	18	148	6	262	7	135	262	6	138	10	11	139	10	138	153	25	152	24	25	153
2	136	1	4	136	2	143	15	142	14	15	143	145	21	144	20	21	145	14	144	21	143	144	14	8	263	134	9	263	8	140	12	13	141	12	140	151	23	150	22	23	151
155	27	154	26	27	155	191	63	190	62	63	191
154	28	189	27	28	154
189	29	188	28	29	189
188	30	187	29	30	188	224	66	223	65	66	224
187	31	186	30	31	187	223	67	222	66	67	223
186	32	185	31	32	186	222	68	221	67	68	222
185	33	184	32	33	185
184	34	183	33	34	184
183	35	182	34	35	183	219	71	218	70	71	219
182	36	181	35	36	182
181	37	180	36	37	181
180	38	179	37	38	180
179	39	178	38	39	179
178	40	177	39	40	178	214	76	213	75	76	214
177	41	176	40	41	177
176	42	175	41	42	176
175	43	174	42	43	175
174	44	173	43	44	174	210	80	209	79	80	210
173	45	172	44	45	173	209	81	208	80	81	209
172	46	171	45	46	172	208	82	207	81	82	208
171	47	170	46	47	171	207	83	206	82	83	207
170	48	169	47	48	170
169	49	168	48	49	169
168	50	167	49	50	168
167	51	166	50	51	167
166	52	165	51	52	166	202	88	201	87	88	202
165	53	164	52	53	165
164	54	163	53	54	164	200	90	199	89	90	200
163	55	162	54	55	163	199	91	198	90	91	199
162	56	161	55	56	162	198	92	197	91	92	198
161	57	160	56	57	161	197	93	196	92	93	197
160	58	159	57	58	160
159	59	158	58	59	159
158	60	157	59	60	158	194	96	193	95	96	194
157	61	156	60	61	157	193	97	192	96	97	193
156	26	155	61	26	156	192	62	191	97	62	192
190	64	225	63	64	190
225	65	224	64	65	225
221	69	220	68	69	221
220	70	219	69	70	220
218	72	217	71	72	218
217	73	216	72	73	217
216	74	215	73	74	216
215	75	214	74	75	215
213	77	212	76	77	213
212	78	211	77	78	212
211	79	210	78	79	211
206	84	205	83	84	206
205	85	204	84	85	205
204	86	203	85	86	204
203	87	202	86	87	203
201	89	200	88	89	201
196	94	195	93	94	196
195	95	194	94	95	195
227	99	226	98	99	227
226	100	261	99	100	226
261	101	260	100	101	261
260	102	259	101	102	260
259	103	258	102	103	259
258	104	257	103	104	258
257	105	256	104	105	257
256	106	255	105	106	256
255	107	254	106	107	255
254	108	253	107	108	254
253	109	252	108	109	253
252	110	251	109	110	252
251	111	250	110	111	251
250	112	249	111	112	250
249	113	248	112	113	249
248	114	247	113	114	248
247	115	246	114	115	247
246	116	245	115	116	246
245	117	244	116	117	245
244	118	243	117	118	244
243	119	242	118	119	243
242	120	241	119	120	242
241	121	240	120	121	241
240	122	239	121	122	240
239	123	238	122	123	239
238	124	237	123	124	238
237	125	236	124	125	237
236	126	235	125	126	236
235	127	234	126	127	235
234	128	233	127	128	234
233	129	232	128	129	233
232	130	231	129	130	232
231	131	230	130	131	231
230	132	229	131	132	230
229	133	228	132	133	229
228	98	227	133	98	228

#	Normal	96
-1	0	0
0	-1	0
1	0	0
0	1	-0
0	0	1
0	0	-1
-0.0872263	0	-0.996189
-0.258587	0	-0.965988
-0.422779	0	-0.906233
-0.573763	0	-0.819021
-0.706883	0	-0.707331
-0.819099	0	-0.573653
-0.906128	0	-0.423004
-0.966091	0	-0.258202
-0.996187	0	-0.0872485
-0.996187	0	0.0872485
-0.966091	0	0.258202
-0.906128	0	0.423004
-0.819099	0	0.573653
-0.706883	0	0.707331
-0.573813	0	0.818986
-0.422779	0	0.906233
-0.258587	0	0.965988
-0.0871521	0	0.996195
0.0870484	-0	0.996204
0.258885	-0	0.965908
0.422779	-0	0.906233
0.573813	-0	0.818986
0.706883	-0	0.707331
0.819099	-0	0.573653
0.906128	-0	0.423004
0.966091	-0	0.258202
0.996187	-0	0.0872485
0.996187	0	-0.0872485
0.966091	0	-0.258202
0.906128	0	-0.423004
0.819099	0	-0.573653
0.706883	0	-0.707331
0.573763	0	-0.819021
0.422779	0	-0.906233
0.258885	0	-0.965908
0.0871225	0	-0.996198
-0.258885	0	-0.965908
-0.422321	0	-0.906446
-0.906586	0	-0.422022
-0.965792	0	-0.259317
-0.996187	0	0.087242
-0.965792	0	0.259317
-0.906572	0	0.422051
-0.819123	0	0.573618
-0.573763	0	0.819021
-0.422321	0	0.906446
-0.258885	0	0.965908
0.573202	-0	0.819414
0.70748	-0	0.706733
0.819123	-0	0.573618
0.906114	-0	0.423033
0.996187	-0	0.087242
0.70748	0	-0.706733
0.573202	0	-0.819414
-0.087167	0	-0.996194
-0.258736	0	-0.965948
-0.422647	0	-0.906294
-0.573391	0	-0.819282
-0.707062	0	-0.707151
-0.819249	0	-0.573438
-0.906313	0	-0.422608
-0.965892	0	-0.258946
-0.996227	0	-0.0867908
-0.996226	0	0.0867985
-0.965892	0	0.258946
-0.906328	0	0.422574
-0.819219	0	0.57348
-0.707107	0	0.707107
-0.573391	0	0.819282
-0.422574	0	0.906328
-0.258819	0	0.965926
-0.087167	0	0.996194
0.087167	-0	0.996194
0.258819	-0	0.965926
0.422574	-0	0.906328
0.573391	-0	0.819282
0.707107	-0	0.707107
0.819219	-0	0.57348
0.906328	-0	0.422574
0.965892	-0	0.258946
0.996226	-0	0.0867985
0.996227	0	-0.0867908
0.965892	0	-0.258946
0.906313	0	-0.422608
0.819249	0	-0.573438
0.707062	0	-0.707151
0.573391	0	-0.819282
0.422647	0	-0.906294
0.258736	0	-0.965948
0.087167	0	-0.996194

#	Mesh	0	End

