#	Mesh	0	Begin

#	Vertex	568
117218	-15585.5	-50
117218	-15585.5	5230
117418	-15585.5	5230
117418	-15585.5	-50
117418	9664.53	5230
117418	9664.53	-50
117418	-3835.47	2100
117418	-3835.47	0
117418	-2335.47	0
117418	-2335.47	2100
117418	-2467.74	2100
117418	-2467.74	2130
117418	-3567.74	2130
117418	-3567.74	2100
117418	-7785.47	2100
117418	-9285.47	2100
117418	-9285.47	0
117418	-7785.47	0
117254	1024.53	1900
117418	1024.53	1900
117254	324.525	1900
117418	324.525	1900
117254	324.525	100
117418	324.525	100
117254	1024.53	100
117418	1024.53	100
117418	-5424.35	3995.63
117418	-4724.35	3995.63
117418	-4724.35	4195.63
117418	-5424.35	4195.63
117418	-535.475	3950
117418	814.525	3950
117418	814.525	4550
117418	-535.475	4550
117418	-4000.47	3630
117418	-2650.47	3630
117418	-2650.47	4050
117418	-4000.47	4050
117418	1849.11	3458.55
117418	1868.64	3460.26
117418	1887.58	3465.33
117418	1905.36	3473.62
117418	1921.42	3484.87
117418	1935.29	3498.73
117418	1946.53	3514.8
117418	1954.82	3532.57
117418	1959.9	3551.51
117418	1961.61	3571.05
117418	1959.9	3590.58
117418	1954.82	3609.52
117418	1946.53	3627.3
117418	1935.29	3643.36
117418	1921.42	3657.23
117418	1905.36	3668.47
117418	1887.58	3676.76
117418	1868.64	3681.84
117418	1849.11	3683.55
117418	1829.57	3681.84
117418	1810.63	3676.76
117418	1792.86	3668.47
117418	1776.79	3657.23
117418	1762.93	3643.36
117418	1751.68	3627.3
117418	1743.39	3609.52
117418	1738.32	3590.58
117418	1736.61	3571.05
117418	1738.32	3551.51
117418	1743.39	3532.57
117418	1751.68	3514.8
117418	1762.93	3498.73
117418	1776.79	3484.87
117418	1792.86	3473.62
117418	1810.63	3465.33
117418	1829.57	3460.26
117418	2242.51	3465.95
117418	2262.04	3467.66
117418	2280.99	3472.74
117418	2298.76	3481.02
117418	2314.82	3492.27
117418	2328.69	3506.14
117418	2339.94	3522.2
117418	2348.22	3539.97
117418	2353.3	3558.92
117418	2355.01	3578.45
117418	2353.3	3597.99
117418	2348.22	3616.93
117418	2339.94	3634.7
117418	2328.69	3650.77
117418	2314.82	3664.63
117418	2298.76	3675.88
117418	2280.99	3684.17
117418	2262.04	3689.24
117418	2242.51	3690.95
117418	2222.97	3689.24
117418	2204.03	3684.17
117418	2186.26	3675.88
117418	2170.19	3664.63
117418	2156.33	3650.77
117418	2145.08	3634.7
117418	2136.79	3616.93
117418	2131.72	3597.99
117418	2130.01	3578.45
117418	2131.72	3558.92
117418	2136.79	3539.97
117418	2145.08	3522.2
117418	2156.33	3506.14
117418	2170.19	3492.27
117418	2186.26	3481.02
117418	2204.03	3472.74
117418	2222.97	3467.66
117418	2652.5	3534.22
117418	2660.32	3534.9
117418	2667.89	3536.93
117418	2675	3540.24
117418	2681.43	3544.74
117418	2686.98	3550.29
117418	2691.47	3556.72
117418	2694.79	3563.82
117418	2696.82	3571.4
117418	2697.5	3579.22
117418	2696.82	3587.03
117418	2694.79	3594.61
117418	2691.47	3601.72
117418	2686.98	3608.14
117418	2681.43	3613.69
117418	2675	3618.19
117418	2667.89	3621.5
117418	2660.32	3623.53
117418	2652.5	3624.22
117418	2644.69	3623.53
117418	2637.11	3621.5
117418	2630	3618.19
117418	2623.58	3613.69
117418	2618.03	3608.14
117418	2613.53	3601.72
117418	2610.22	3594.61
117418	2608.19	3587.03
117418	2607.5	3579.22
117418	2608.19	3571.4
117418	2610.22	3563.82
117418	2613.53	3556.72
117418	2618.03	3550.29
117418	2623.58	3544.74
117418	2630	3540.24
117418	2637.11	3536.93
117418	2644.69	3534.9
117418	-4603.82	4068.5
117418	-4598.35	4068.98
117418	-4593.05	4070.4
117418	-4588.07	4072.72
117418	-4583.58	4075.87
117418	-4579.69	4079.75
117418	-4576.54	4084.25
117418	-4574.22	4089.23
117418	-4572.8	4094.53
117418	-4572.32	4100
117418	-4572.8	4105.47
117418	-4574.22	4110.77
117418	-4576.54	4115.75
117418	-4579.69	4120.25
117418	-4583.58	4124.13
117418	-4588.07	4127.28
117418	-4593.05	4129.6
117418	-4598.35	4131.02
117418	-4603.82	4131.5
117418	-4609.29	4131.02
117418	-4614.6	4129.6
117418	-4619.57	4127.28
117418	-4624.07	4124.13
117418	-4627.96	4120.25
117418	-4631.1	4115.75
117418	-4633.42	4110.77
117418	-4634.85	4105.47
117418	-4635.32	4100
117418	-4634.85	4094.53
117418	-4633.42	4089.23
117418	-4631.1	4084.25
117418	-4627.96	4079.75
117418	-4624.07	4075.87
117418	-4619.57	4072.72
117418	-4614.6	4070.4
117418	-4609.29	4068.98
117418	-4506.69	4075
117418	-4502.35	4075.38
117418	-4498.14	4076.51
117418	-4494.19	4078.35
117418	-4490.62	4080.85
117418	-4487.54	4083.93
117418	-4485.04	4087.5
117418	-4483.2	4091.45
117418	-4482.07	4095.66
117418	-4481.69	4100
117418	-4482.07	4104.34
117418	-4483.2	4108.55
117418	-4485.04	4112.5
117418	-4487.54	4116.07
117418	-4490.62	4119.15
117418	-4494.19	4121.65
117418	-4498.14	4123.49
117418	-4502.35	4124.62
117418	-4506.69	4125
117418	-4511.03	4124.62
117418	-4515.24	4123.49
117418	-4519.19	4121.65
117418	-4522.76	4119.15
117418	-4525.84	4116.07
117418	-4528.34	4112.5
117418	-4530.19	4108.55
117418	-4531.31	4104.34
117418	-4531.69	4100
117418	-4531.31	4095.66
117418	-4530.19	4091.45
117418	-4528.34	4087.5
117418	-4525.84	4083.93
117418	-4522.76	4080.85
117418	-4519.19	4078.35
117418	-4515.24	4076.51
117418	-4511.03	4075.38
117418	-2155.03	3774.23
117418	-2142.87	3775.29
117418	-2131.08	3778.45
117418	-2120.03	3783.61
117418	-2110.03	3790.61
117418	-2101.4	3799.24
117418	-2094.4	3809.23
117418	-2089.25	3820.29
117418	-2086.09	3832.08
117418	-2085.03	3844.23
117418	-2086.09	3856.39
117418	-2089.25	3868.17
117418	-2094.4	3879.23
117418	-2101.4	3889.23
117418	-2110.03	3897.85
117418	-2120.03	3904.85
117418	-2131.08	3910.01
117418	-2142.87	3913.17
117418	-2155.03	3914.23
117418	-2167.18	3913.17
117418	-2178.97	3910.01
117418	-2190.03	3904.85
117418	-2200.02	3897.85
117418	-2208.65	3889.23
117418	-2215.65	3879.23
117418	-2220.8	3868.17
117418	-2223.96	3856.39
117418	-2225.03	3844.23
117418	-2223.96	3832.08
117418	-2220.8	3820.29
117418	-2215.65	3809.23
117418	-2208.65	3799.24
117418	-2200.02	3790.61
117418	-2190.03	3783.61
117418	-2178.97	3778.45
117418	-2167.18	3775.29
117418	-2435.84	3774.3
117418	-2423.68	3775.36
117418	-2411.9	3778.52
117418	-2400.84	3783.68
117418	-2390.84	3790.68
117418	-2382.22	3799.3
117418	-2375.22	3809.3
117418	-2370.06	3820.36
117418	-2366.9	3832.14
117418	-2365.84	3844.3
117418	-2366.9	3856.45
117418	-2370.06	3868.24
117418	-2375.22	3879.3
117418	-2382.22	3889.29
117418	-2390.84	3897.92
117418	-2400.84	3904.92
117418	-2411.9	3910.08
117418	-2423.68	3913.24
117418	-2435.84	3914.3
117418	-2447.99	3913.24
117418	-2459.78	3910.08
117418	-2470.84	3904.92
117418	-2480.83	3897.92
117418	-2489.46	3889.29
117418	-2496.46	3879.3
117418	-2501.62	3868.24
117418	-2504.78	3856.45
117418	-2505.84	3844.3
117418	-2504.78	3832.14
117418	-2501.62	3820.36
117418	-2496.46	3809.3
117418	-2489.46	3799.3
117418	-2480.83	3790.68
117418	-2470.84	3783.68
117418	-2459.78	3778.52
117418	-2447.99	3775.36
117218	9664.53	5230
117218	9664.53	-50
117218	-2335.47	2100
117218	-2335.47	0
117218	-3835.47	0
117218	-3835.47	2100
117218	-3567.74	2100
117218	-3567.74	2130
117218	-2467.74	2130
117218	-2467.74	2100
117218	-9285.47	2100
117218	-7785.47	2100
117218	-7785.47	0
117218	-9285.47	0
117218	-4724.35	3995.63
117218	-5424.35	3995.63
117218	-5424.35	4195.63
117218	-4724.35	4195.63
117218	814.525	3950
117218	-535.475	3950
117218	-535.475	4550
117218	814.525	4550
117218	-2650.47	3630
117218	-4000.47	3630
117218	-4000.47	4050
117218	-2650.47	4050
117218	1868.64	3460.26
117218	1849.11	3458.55
117218	1829.57	3460.26
117218	1810.63	3465.33
117218	1792.86	3473.62
117218	1776.79	3484.87
117218	1762.93	3498.73
117218	1751.68	3514.8
117218	1743.39	3532.57
117218	1738.32	3551.51
117218	1736.61	3571.05
117218	1738.32	3590.58
117218	1743.39	3609.52
117218	1751.68	3627.3
117218	1762.93	3643.36
117218	1776.79	3657.23
117218	1792.86	3668.47
117218	1810.63	3676.76
117218	1829.57	3681.84
117218	1849.11	3683.55
117218	1868.64	3681.84
117218	1887.58	3676.76
117218	1905.36	3668.47
117218	1921.42	3657.23
117218	1935.29	3643.36
117218	1946.53	3627.3
117218	1954.82	3609.52
117218	1959.9	3590.58
117218	1961.61	3571.05
117218	1959.9	3551.51
117218	1954.82	3532.57
117218	1946.53	3514.8
117218	1935.29	3498.73
117218	1921.42	3484.87
117218	1905.36	3473.62
117218	1887.58	3465.33
117218	2262.04	3467.66
117218	2242.51	3465.95
117218	2222.97	3467.66
117218	2204.03	3472.74
117218	2186.26	3481.02
117218	2170.19	3492.27
117218	2156.33	3506.14
117218	2145.08	3522.2
117218	2136.79	3539.97
117218	2131.72	3558.92
117218	2130.01	3578.45
117218	2131.72	3597.99
117218	2136.79	3616.93
117218	2145.08	3634.7
117218	2156.33	3650.77
117218	2170.19	3664.63
117218	2186.26	3675.88
117218	2204.03	3684.17
117218	2222.97	3689.24
117218	2242.51	3690.95
117218	2262.04	3689.24
117218	2280.99	3684.17
117218	2298.76	3675.88
117218	2314.82	3664.63
117218	2328.69	3650.77
117218	2339.94	3634.7
117218	2348.22	3616.93
117218	2353.3	3597.99
117218	2355.01	3578.45
117218	2353.3	3558.92
117218	2348.22	3539.97
117218	2339.94	3522.2
117218	2328.69	3506.14
117218	2314.82	3492.27
117218	2298.76	3481.02
117218	2280.99	3472.74
117218	2660.32	3534.9
117218	2652.5	3534.22
117218	2644.69	3534.9
117218	2637.11	3536.93
117218	2630	3540.24
117218	2623.58	3544.74
117218	2618.03	3550.29
117218	2613.53	3556.72
117218	2610.22	3563.82
117218	2608.19	3571.4
117218	2607.5	3579.22
117218	2608.19	3587.03
117218	2610.22	3594.61
117218	2613.53	3601.72
117218	2618.03	3608.14
117218	2623.58	3613.69
117218	2630	3618.19
117218	2637.11	3621.5
117218	2644.69	3623.53
117218	2652.5	3624.22
117218	2660.32	3623.53
117218	2667.89	3621.5
117218	2675	3618.19
117218	2681.43	3613.69
117218	2686.98	3608.14
117218	2691.47	3601.72
117218	2694.79	3594.61
117218	2696.82	3587.03
117218	2697.5	3579.22
117218	2696.82	3571.4
117218	2694.79	3563.82
117218	2691.47	3556.72
117218	2686.98	3550.29
117218	2681.43	3544.74
117218	2675	3540.24
117218	2667.89	3536.93
117218	-4598.35	4068.98
117218	-4603.82	4068.5
117218	-4609.29	4068.98
117218	-4614.6	4070.4
117218	-4619.57	4072.72
117218	-4624.07	4075.87
117218	-4627.96	4079.75
117218	-4631.1	4084.25
117218	-4633.42	4089.23
117218	-4634.85	4094.53
117218	-4635.32	4100
117218	-4634.85	4105.47
117218	-4633.42	4110.77
117218	-4631.1	4115.75
117218	-4627.96	4120.25
117218	-4624.07	4124.13
117218	-4619.57	4127.28
117218	-4614.6	4129.6
117218	-4609.29	4131.02
117218	-4603.82	4131.5
117218	-4598.35	4131.02
117218	-4593.05	4129.6
117218	-4588.07	4127.28
117218	-4583.58	4124.13
117218	-4579.69	4120.25
117218	-4576.54	4115.75
117218	-4574.22	4110.77
117218	-4572.8	4105.47
117218	-4572.32	4100
117218	-4572.8	4094.53
117218	-4574.22	4089.23
117218	-4576.54	4084.25
117218	-4579.69	4079.75
117218	-4583.58	4075.87
117218	-4588.07	4072.72
117218	-4593.05	4070.4
117218	-4502.35	4075.38
117218	-4506.69	4075
117218	-4511.03	4075.38
117218	-4515.24	4076.51
117218	-4519.19	4078.35
117218	-4522.76	4080.85
117218	-4525.84	4083.93
117218	-4528.34	4087.5
117218	-4530.19	4091.45
117218	-4531.31	4095.66
117218	-4531.69	4100
117218	-4531.31	4104.34
117218	-4530.19	4108.55
117218	-4528.34	4112.5
117218	-4525.84	4116.07
117218	-4522.76	4119.15
117218	-4519.19	4121.65
117218	-4515.24	4123.49
117218	-4511.03	4124.62
117218	-4506.69	4125
117218	-4502.35	4124.62
117218	-4498.14	4123.49
117218	-4494.19	4121.65
117218	-4490.62	4119.15
117218	-4487.54	4116.07
117218	-4485.04	4112.5
117218	-4483.2	4108.55
117218	-4482.07	4104.34
117218	-4481.69	4100
117218	-4482.07	4095.66
117218	-4483.2	4091.45
117218	-4485.04	4087.5
117218	-4487.54	4083.93
117218	-4490.62	4080.85
117218	-4494.19	4078.35
117218	-4498.14	4076.51
117218	-2142.87	3775.29
117218	-2155.03	3774.23
117218	-2167.18	3775.29
117218	-2178.97	3778.45
117218	-2190.03	3783.61
117218	-2200.02	3790.61
117218	-2208.65	3799.24
117218	-2215.65	3809.23
117218	-2220.8	3820.29
117218	-2223.96	3832.08
117218	-2225.03	3844.23
117218	-2223.96	3856.39
117218	-2220.8	3868.17
117218	-2215.65	3879.23
117218	-2208.65	3889.23
117218	-2200.02	3897.85
117218	-2190.03	3904.85
117218	-2178.97	3910.01
117218	-2167.18	3913.17
117218	-2155.03	3914.23
117218	-2142.87	3913.17
117218	-2131.08	3910.01
117218	-2120.03	3904.85
117218	-2110.03	3897.85
117218	-2101.4	3889.23
117218	-2094.4	3879.23
117218	-2089.25	3868.17
117218	-2086.09	3856.39
117218	-2085.03	3844.23
117218	-2086.09	3832.08
117218	-2089.25	3820.29
117218	-2094.4	3809.23
117218	-2101.4	3799.24
117218	-2110.03	3790.61
117218	-2120.03	3783.61
117218	-2131.08	3778.45
117218	-2423.68	3775.36
117218	-2435.84	3774.3
117218	-2447.99	3775.36
117218	-2459.78	3778.52
117218	-2470.84	3783.68
117218	-2480.83	3790.68
117218	-2489.46	3799.3
117218	-2496.46	3809.3
117218	-2501.62	3820.36
117218	-2504.78	3832.14
117218	-2505.84	3844.3
117218	-2504.78	3856.45
117218	-2501.62	3868.24
117218	-2496.46	3879.3
117218	-2489.46	3889.29
117218	-2480.83	3897.92
117218	-2470.84	3904.92
117218	-2459.78	3910.08
117218	-2447.99	3913.24
117218	-2435.84	3914.3
117218	-2423.68	3913.24
117218	-2411.9	3910.08
117218	-2400.84	3904.92
117218	-2390.84	3897.92
117218	-2382.22	3889.29
117218	-2375.22	3879.3
117218	-2370.06	3868.24
117218	-2366.9	3856.45
117218	-2365.84	3844.3
117218	-2366.9	3832.14
117218	-2370.06	3820.36
117218	-2375.22	3809.3
117218	-2382.22	3799.3
117218	-2390.84	3790.68
117218	-2400.84	3783.68
117218	-2411.9	3778.52

#	Triangle	208
0	2	1	3	2	0	299	11	298	10	11	299	292	8	9	293	8	292	24	19	18	25	19	24	304	28	307	27	28	304	301	17	14	302	17	301	308	32	311	31	32	308	312	36	315	35	36	312
4	25	5	25	8	5	8	3	5	8	7	3	7	17	3	17	16	3	16	2	3	25	23	8	23	9	8	6	17	7	6	14	17	15	2	16	4	19	25	21	9	23	4	21	19	4	9	21	4	10	9	4	11	10	12	6	13	12	14	6	12	15	14	12	2	15	4	111	11	111	110	11	110	75	11	75	74	11	74	12	11	74	38	12	38	73	12	73	35	12	35	34	12	34	2	12	74	39	38	74	40	39	72	35	73	74	41	40	71	35	72	109	41	74	110	76	75	108	41	109	110	77	76	107	41	108	107	42	41	70	35	71	110	78	77	106	42	107	106	43	42	69	35	70	110	79	78	105	43	106	105	44	43	68	35	69	110	80	79	104	44	105	104	45	44	67	35	68	110	81	80	103	45	104	103	46	45	66	35	67	145	81	110	4	112	111	144	81	145	4	113	112	143	81	144	143	82	81	102	46	103	4	114	113	142	82	143	4	115	114	141	82	142	4	116	115	140	82	141	102	47	46	65	35	66	4	117	116	139	82	140	139	83	82	101	47	102	4	118	117	138	83	139	101	48	47	64	35	65	4	119	118	137	83	138	137	84	83	100	48	101	4	120	119	136	84	137	4	121	120	135	84	136	100	49	48	63	35	64	4	122	121	134	84	135	134	85	84	99	49	100	4	123	122	133	85	134	4	124	123	132	85	133	99	50	49	62	35	63	4	125	124	131	85	132	131	86	85	98	50	99	4	126	125	130	86	131	4	127	126	129	86	130	4	128	127	128	86	129	4	86	128	98	51	50	61	35	62	61	218	35	218	254	35	254	289	35	289	288	35	288	287	35	287	286	35	286	285	35	285	284	35	284	36	35	37	27	34	27	26	34	26	2	34	4	87	86	97	51	98	97	52	51	60	218	61	4	88	87	96	52	97	96	53	52	59	218	60	4	89	88	95	53	96	95	54	53	58	218	59	4	90	89	94	54	95	94	55	54	57	218	58	94	56	55	56	218	57	94	218	56	4	91	90	93	218	94	4	92	91	92	218	93	4	31	92	31	219	92	219	218	92	253	254	218	253	255	254	31	220	219	252	255	253	252	256	255	31	221	220	251	256	252	251	257	256	31	222	221	250	257	251	250	258	257	31	223	222	249	258	250	249	259	258	31	224	223	248	259	249	248	260	259	31	225	224	247	260	248	247	261	260	283	36	284	31	226	225	246	261	247	246	262	261	282	36	283	31	227	226	245	262	246	245	263	262	281	36	282	31	228	227	244	263	245	244	264	263	280	36	281	31	229	228	243	264	244	243	265	264	279	36	280	31	230	229	242	265	243	242	266	265	278	36	279	31	231	230	241	266	242	241	267	266	277	36	278	31	232	231	240	267	241	240	268	267	276	36	277	31	233	232	239	268	240	239	269	268	275	36	276	31	234	233	238	269	239	238	270	269	274	36	275	31	235	234	237	270	238	237	271	270	273	36	274	31	236	235	236	271	237	236	272	271	272	36	273	31	272	236	31	30	272	30	36	272	4	32	31	33	36	30	37	146	27	146	181	27	181	180	27	180	179	27	179	178	27	178	177	27	177	28	27	29	2	26	33	37	36	33	183	37	183	182	37	182	147	37	147	146	37	182	148	147	182	149	148	182	150	149	217	150	182	33	184	183	216	150	217	216	151	150	33	185	184	215	151	216	33	186	185	214	151	215	214	152	151	176	28	177	33	187	186	213	152	214	33	188	187	212	152	213	212	153	152	175	28	176	33	189	188	211	153	212	211	154	153	174	28	175	33	190	189	210	154	211	210	155	154	173	28	174	33	191	190	209	155	210	33	192	191	208	155	209	208	156	155	172	28	173	33	193	192	207	156	208	207	157	156	171	28	172	33	194	193	206	157	207	206	158	157	170	28	171	33	195	194	205	158	206	205	159	158	169	28	170	33	196	195	204	159	205	33	197	196	203	159	204	203	160	159	168	28	169	33	198	197	202	160	203	33	199	198	201	160	202	201	161	160	167	28	168	33	200	199	200	161	201	33	161	200	33	162	161	166	28	167	33	163	162	165	28	166	33	164	163	164	28	165	33	28	164	33	29	28	33	2	29	4	33	32	4	2	33	24	20	22	18	20	24
5	290	4	291	290	5	13	297	12	296	297	13	294	6	7	295	6	294	20	23	22	21	23	20	306	26	305	29	26	306	303	15	16	300	15	303	310	30	309	33	30	310	314	34	313	37	34	314
1	303	0	303	291	0	303	302	291	302	294	291	294	293	291	293	290	291	1	300	303	301	294	302	301	295	294	292	290	293	1	301	300	1	295	301	1	296	295	1	297	296	298	292	299	298	290	292	1	298	297	1	313	298	313	318	298	318	317	298	317	316	298	316	353	298	353	352	298	352	389	298	389	388	298	388	290	298	313	319	318	351	353	316	313	320	319	350	353	351	350	354	353	350	355	354	387	389	352	350	356	355	386	389	387	313	321	320	349	356	350	349	357	356	385	389	386	313	322	321	348	357	349	348	358	357	384	389	385	313	323	322	347	358	348	347	359	358	383	389	384	313	324	323	346	359	347	346	360	359	382	389	383	313	325	324	345	360	346	382	390	389	382	391	390	423	290	388	382	392	391	422	290	423	345	361	360	381	392	382	381	393	392	421	290	422	381	394	393	420	290	421	381	395	394	419	290	420	313	326	325	344	361	345	381	396	395	418	290	419	344	362	361	380	396	381	380	397	396	417	290	418	313	327	326	343	362	344	380	398	397	416	290	417	343	363	362	379	398	380	379	399	398	415	290	416	379	400	399	414	290	415	313	328	327	342	363	343	379	401	400	413	290	414	342	364	363	378	401	379	378	402	401	412	290	413	378	403	402	411	290	412	313	329	328	341	364	342	378	404	403	410	290	411	341	365	364	377	404	378	377	405	404	409	290	410	377	406	405	408	290	409	377	407	406	407	290	408	377	290	407	313	312	329	312	330	329	340	365	341	1	305	313	305	304	313	304	314	313	315	539	312	539	538	312	538	537	312	537	536	312	536	535	312	535	534	312	534	533	312	533	497	312	497	330	312	340	366	365	376	290	377	497	331	330	339	366	340	339	367	366	375	290	376	497	332	331	338	367	339	338	368	367	374	290	375	497	333	332	337	368	338	337	369	368	373	290	374	497	334	333	336	369	337	497	335	334	335	369	336	497	369	335	497	370	369	372	290	373	497	371	370	371	290	372	497	496	371	496	309	371	309	308	371	308	290	371	533	498	497	532	498	533	532	499	498	531	309	496	567	499	532	567	500	499	530	309	531	566	500	567	566	501	500	529	309	530	565	501	566	565	502	501	528	309	529	564	502	565	564	503	502	527	309	528	563	503	564	563	504	503	526	309	527	315	540	539	562	504	563	562	505	504	525	309	526	315	541	540	561	505	562	561	506	505	524	309	525	315	542	541	560	506	561	560	507	506	523	309	524	315	543	542	559	507	560	559	508	507	522	309	523	315	544	543	558	508	559	558	509	508	521	309	522	315	545	544	557	509	558	557	510	509	520	309	521	315	546	545	556	510	557	556	511	510	519	309	520	315	547	546	555	511	556	555	512	511	518	309	519	315	548	547	554	512	555	554	513	512	517	309	518	315	549	548	553	513	554	553	514	513	516	309	517	315	550	549	552	514	553	552	515	514	515	309	516	315	551	550	551	515	552	551	309	515	315	309	551	315	310	309	311	290	308	1	306	305	307	430	304	430	429	304	429	428	304	428	427	304	427	426	304	426	425	304	425	314	304	425	315	314	425	424	315	424	461	315	461	460	315	460	310	315	459	461	424	458	461	459	457	461	458	457	462	461	457	463	462	495	310	460	456	463	457	456	464	463	494	310	495	456	465	464	493	310	494	307	431	430	455	465	456	455	466	465	492	310	493	455	467	466	491	310	492	307	432	431	454	467	455	454	468	467	490	310	491	307	433	432	453	468	454	453	469	468	489	310	490	307	434	433	452	469	453	452	470	469	488	310	489	307	435	434	451	470	452	451	471	470	487	310	488	451	472	471	486	310	487	307	436	435	450	472	451	450	473	472	485	310	486	307	437	436	449	473	450	449	474	473	484	310	485	307	438	437	448	474	449	448	475	474	483	310	484	448	476	475	482	310	483	307	439	438	447	476	448	447	477	476	481	310	482	447	478	477	480	310	481	307	440	439	446	478	447	446	479	478	479	310	480	446	310	479	307	441	440	445	310	446	307	442	441	444	310	445	307	443	442	443	310	444	307	310	443	1	307	306	1	310	307	1	311	310	1	290	311
0	5	3	291	5	0	298	12	297	11	12	298	295	13	6	296	13	295	9	299	292	10	299	9	18	21	20	19	21	18	307	29	306	28	29	307	300	14	15	301	14	300	311	33	310	32	33	311	315	37	314	36	37	315
2	290	1	4	290	2	293	7	8	294	7	293	22	25	24	23	25	22	305	27	304	26	27	305	302	16	17	303	16	302	309	31	308	30	31	309	313	35	312	34	35	313
317	39	316	38	39	317	353	75	352	74	75	353
316	40	351	39	40	316	352	76	387	75	76	352
351	41	350	40	41	351
350	42	349	41	42	350	530	222	529	221	222	530
349	43	348	42	43	349
348	44	347	43	44	348
347	45	346	44	45	347	383	81	382	80	81	383	563	261	562	260	261	563
346	46	345	45	46	346	382	82	381	81	82	382
345	47	344	46	47	345
344	48	343	47	48	344
343	49	342	48	49	343	379	85	378	84	85	379
342	50	341	49	50	342	378	86	377	85	86	378	558	266	557	265	266	558
341	51	340	50	51	341	377	87	376	86	87	377
340	52	339	51	52	340	376	88	375	87	88	376
339	53	338	52	53	339
338	54	337	53	54	338	374	90	373	89	90	374	518	234	517	233	234	518
337	55	336	54	55	337	373	91	372	90	91	373
336	56	335	55	56	336
335	57	334	56	57	335
334	58	333	57	58	334
333	59	332	58	59	333	513	239	512	238	239	513	549	275	548	274	275	549
332	60	331	59	60	332
331	61	330	60	61	331	367	97	366	96	97	367
330	62	329	61	62	330	366	98	365	97	98	366
329	63	328	62	63	329	365	99	364	98	99	365	509	243	508	242	243	509	545	279	544	278	279	545
328	64	327	63	64	328	364	100	363	99	100	364
327	65	326	64	65	327
326	66	325	65	66	326
325	67	324	66	67	325	361	103	360	102	103	361
324	68	323	67	68	324	360	104	359	103	104	360	504	248	503	247	248	504	540	284	539	283	284	540
323	69	322	68	69	323
322	70	321	69	70	322
321	71	320	70	71	321	501	251	500	250	251	501	537	287	536	286	287	537
320	72	319	71	72	320
319	73	318	72	73	319
318	38	317	73	38	318	354	74	353	109	74	354
387	77	386	76	77	387	531	221	530	220	221	531
386	78	385	77	78	386
385	79	384	78	79	385	493	187	492	186	187	493	529	223	528	222	223	529	565	259	564	258	259	565
384	80	383	79	80	384
381	83	380	82	83	381
380	84	379	83	84	380
375	89	374	88	89	375
372	92	371	91	92	372
371	93	370	92	93	371
370	94	369	93	94	370
369	95	368	94	95	369
368	96	367	95	96	368
363	101	362	100	101	363
362	102	361	101	102	362
359	105	358	104	105	359
358	106	357	105	106	358	466	214	465	213	214	466	502	250	501	249	250	502	538	286	537	285	286	538
357	107	356	106	107	357
356	108	355	107	108	356
355	109	354	108	109	355
389	111	388	110	111	389
388	112	423	111	112	388
423	113	422	112	113	423
422	114	421	113	114	422
421	115	420	114	115	421
420	116	419	115	116	420
419	117	418	116	117	419
418	118	417	117	118	418
417	119	416	118	119	417	453	155	452	154	155	453
416	120	415	119	120	416
415	121	414	120	121	415
414	122	413	121	122	414
413	123	412	122	123	413
412	124	411	123	124	412
411	125	410	124	125	411
410	126	409	125	126	410	446	162	445	161	162	446
409	127	408	126	127	409
408	128	407	127	128	408
407	129	406	128	129	407
406	130	405	129	130	406
405	131	404	130	131	405
404	132	403	131	132	404
403	133	402	132	133	403
402	134	401	133	134	402
401	135	400	134	135	401
400	136	399	135	136	400
399	137	398	136	137	399
398	138	397	137	138	398	434	174	433	173	174	434
397	139	396	138	139	397
396	140	395	139	140	396
395	141	394	140	141	395
394	142	393	141	142	394
393	143	392	142	143	393
392	144	391	143	144	392
391	145	390	144	145	391
390	110	389	145	110	390
425	147	424	146	147	425
424	148	459	147	148	424
459	149	458	148	149	459
458	150	457	149	150	458
457	151	456	150	151	457
456	152	455	151	152	456
455	153	454	152	153	455
454	154	453	153	154	454
452	156	451	155	156	452
451	157	450	156	157	451
450	158	449	157	158	450
449	159	448	158	159	449
448	160	447	159	160	448	520	232	519	231	232	520	556	268	555	267	268	556
447	161	446	160	161	447
445	163	444	162	163	445
444	164	443	163	164	444
443	165	442	164	165	443
442	166	441	165	166	442
441	167	440	166	167	441
440	168	439	167	168	440
439	169	438	168	169	439
438	170	437	169	170	438
437	171	436	170	171	437
436	172	435	171	172	436
435	173	434	172	173	435
433	175	432	174	175	433
432	176	431	175	176	432
431	177	430	176	177	431
430	178	429	177	178	430
429	179	428	178	179	429
428	180	427	179	180	428
427	181	426	180	181	427
426	146	425	181	146	426
461	183	460	182	183	461
460	184	495	183	184	460
495	185	494	184	185	495
494	186	493	185	186	494
492	188	491	187	188	492
491	189	490	188	189	491
490	190	489	189	190	490
489	191	488	190	191	489
488	192	487	191	192	488
487	193	486	192	193	487
486	194	485	193	194	486
485	195	484	194	195	485
484	196	483	195	196	484
483	197	482	196	197	483
482	198	481	197	198	482
481	199	480	198	199	481
480	200	479	199	200	480
479	201	478	200	201	479
478	202	477	201	202	478
477	203	476	202	203	477
476	204	475	203	204	476
475	205	474	204	205	475
474	206	473	205	206	474
473	207	472	206	207	473
472	208	471	207	208	472
471	209	470	208	209	471
470	210	469	209	210	470
469	211	468	210	211	469
468	212	467	211	212	468
467	213	466	212	213	467
465	215	464	214	215	465
464	216	463	215	216	464
463	217	462	216	217	463
462	182	461	217	182	462
497	219	496	218	219	497
496	220	531	219	220	496	532	256	567	255	256	532
528	224	527	223	224	528
527	225	526	224	225	527
526	226	525	225	226	526	562	262	561	261	262	562
525	227	524	226	227	525
524	228	523	227	228	524
523	229	522	228	229	523	559	265	558	264	265	559
522	230	521	229	230	522
521	231	520	230	231	521
519	233	518	232	233	519
517	235	516	234	235	517	553	271	552	270	271	553
516	236	515	235	236	516
515	237	514	236	237	515
514	238	513	237	238	514
512	240	511	239	240	512	548	276	547	275	276	548
511	241	510	240	241	511	547	277	546	276	277	547
510	242	509	241	242	510
508	244	507	243	244	508
507	245	506	244	245	507	543	281	542	280	281	543
506	246	505	245	246	506	542	282	541	281	282	542
505	247	504	246	247	505
503	249	502	248	249	503
500	252	499	251	252	500	536	288	535	287	288	536
499	253	498	252	253	499
498	218	497	253	218	498
533	255	532	254	255	533
567	257	566	256	257	567
566	258	565	257	258	566
564	260	563	259	260	564
561	263	560	262	263	561
560	264	559	263	264	560
557	267	556	266	267	557
555	269	554	268	269	555
554	270	553	269	270	554
552	272	551	271	272	552
551	273	550	272	273	551
550	274	549	273	274	550
546	278	545	277	278	546
544	280	543	279	280	544
541	283	540	282	283	541
539	285	538	284	285	539
535	289	534	288	289	535
534	254	533	289	254	534

#	Normal	208
-0	1	0
-1	0	0
-0	-1	-0
1	0	0
0	-0	1
0	0	-1
0	0.0871609	-0.996194
0	0.258818	-0.965926
0	0.42261	-0.906312
0	0.573583	-0.819147
0	0.707101	-0.707113
0	0.819155	-0.573572
0	0.906307	-0.42262
0	0.965926	-0.258818
0	0.996195	-0.0871547
-0	0.996195	0.0871547
-0	0.965926	0.258818
-0	0.906307	0.42262
-0	0.819155	0.573572
-0	0.707101	0.707113
-0	0.573575	0.819153
-0	0.42262	0.906307
-0	0.258818	0.965926
-0	0.0871609	0.996194
0	-0.0871609	0.996194
0	-0.258818	0.965926
0	-0.42262	0.906307
0	-0.573575	0.819153
0	-0.707101	0.707113
0	-0.819155	0.573572
0	-0.906307	0.42262
0	-0.965926	0.258818
0	-0.996195	0.0871547
0	-0.996195	-0.0871547
0	-0.965926	-0.258818
0	-0.906307	-0.42262
0	-0.819155	-0.573572
0	-0.707101	-0.707113
0	-0.573583	-0.819147
0	-0.42261	-0.906312
0	-0.258818	-0.965926
0	-0.0871609	-0.996194
0	0.42262	-0.906307
0	0.573572	-0.819155
0	0.707107	-0.707107
0	0.819151	-0.573578
0	0.996195	-0.0871486
-0	0.996195	0.0871486
-0	0.57358	0.819149
-0	0.0871486	0.996195
0	-0.0871486	0.996195
0	-0.258821	0.965925
0	-0.422616	0.906309
0	-0.573586	0.819145
0	-0.996194	0.0871609
0	-0.996194	-0.0871609
0	-0.819151	-0.573578
0	-0.707107	-0.707107
0	-0.573578	-0.819151
0	-0.422616	-0.906309
0	-0.258821	-0.965925
0	0.087148	-0.996195
0	0.258833	-0.965922
0	0.422608	-0.906313
0	0.573581	-0.819149
0	0.707091	-0.707122
0	0.819163	-0.573561
0	0.906313	-0.422608
0	0.965922	-0.258833
0	0.996195	-0.087148
-0	0.996195	0.087148
-0	0.965922	0.258833
-0	0.906313	0.422608
-0	0.819163	0.573561
-0	0.707091	0.707122
-0	0.573581	0.819149
-0	0.422608	0.906313
-0	0.258833	0.965922
-0	0.087148	0.996195
0	-0.087148	0.996195
0	-0.258833	0.965922
0	-0.422608	0.906313
0	-0.573596	0.819138
0	-0.707091	0.707122
0	-0.819149	0.573581
0	-0.906313	0.422608
0	-0.965922	0.258833
0	-0.996195	0.087148
0	-0.996195	-0.087148
0	-0.965922	-0.258833
0	-0.906313	-0.422608
0	-0.819149	-0.573581
0	-0.707091	-0.707122
0	-0.573596	-0.819138
0	-0.422608	-0.906313
0	-0.258833	-0.965922
0	-0.087148	-0.996195
0	0.0871438	-0.996196
0	0.258822	-0.965925
0	0.422644	-0.906296
0	0.573558	-0.819165
0	0.707129	-0.707085
0	0.81915	-0.573579
0	0.906286	-0.422664
0	0.965936	-0.258781
-0	0.996195	0.0871515
-0	0.965936	0.258781
-0	0.906294	0.422647
-0	0.819165	0.573558
-0	0.707107	0.707107
-0	0.573558	0.819165
-0	0.258864	0.965914
-0	0.0871438	0.996196
0	-0.0871515	0.996195
0	-0.258864	0.965914
0	-0.422574	0.906328
0	-0.5736	0.819136
0	-0.707062	0.707151
0	-0.819165	0.573558
0	-0.906328	0.422574
0	-0.965914	0.258864
0	-0.996195	0.0871515
0	-0.965914	-0.258864
0	-0.906321	-0.422591
0	-0.81915	-0.573579
0	-0.707085	-0.707129
0	-0.5736	-0.819136
0	-0.42261	-0.906311
0	-0.258822	-0.965925
0	-0.0871515	-0.996195
0	0.0871809	-0.996193
0	0.258768	-0.96594
0	0.422622	-0.906306
0	0.573613	-0.819127
0	0.819145	-0.573586
0	0.906296	-0.422643
0	0.965922	-0.258834
0	0.996193	-0.0871711
-0	0.996193	0.0871711
-0	0.965918	0.258848
-0	0.906306	0.422622
-0	0.819163	0.57356
-0	0.707051	0.707163
-0	0.573688	0.819074
-0	0.42253	0.906349
-0	0.25882	0.965926
-0	0.0871809	0.996193
0	-0.0871711	0.996193
0	-0.25882	0.965926
0	-0.422573	0.906329
0	-0.573635	0.819111
0	-0.707051	0.707163
0	-0.819163	0.57356
0	-0.906306	0.422622
0	-0.965946	0.258744
0	-0.996193	0.0871711
0	-0.996193	-0.0871711
0	-0.96595	-0.25873
0	-0.906296	-0.422643
0	-0.819145	-0.573586
0	-0.57356	-0.819163
0	-0.422665	-0.906286
0	-0.258768	-0.96594
0	-0.0871711	-0.996193
0	0.087158	-0.996194
0	0.258809	-0.965928
0	0.819147	-0.573583
0	0.906314	-0.422604
0	0.965923	-0.258828
0	0.996194	-0.087158
-0	0.996194	0.087158
-0	0.965923	0.258828
-0	0.906314	0.422604
-0	0.819147	0.573583
-0	0.573583	0.819147
-0	0.258809	0.965928
-0	0.087158	0.996194
0	-0.0871563	0.996195
0	-0.258814	0.965927
0	-0.573583	0.819147
0	-0.707107	0.707107
0	-0.819147	0.573583
0	-0.965928	0.258809
0	-0.996194	0.087158
0	-0.996194	-0.087158
0	-0.965928	-0.258809
0	-0.819147	-0.573583
0	-0.42262	-0.906307
0	-0.258814	-0.965927
0	-0.0871563	-0.996195
0	0.0871563	-0.996195
0	0.422628	-0.906303
0	0.573574	-0.819154
0	0.819157	-0.57357
0	0.996196	-0.0871382
-0	0.996196	0.0871382
-0	0.819157	0.57357
-0	0.573574	0.819154
-0	0.422628	0.906303
-0	0.0871563	0.996195
0	-0.087158	0.996194
0	-0.258809	0.965928
0	-0.819157	0.57357
0	-0.965923	0.258828
0	-0.965923	-0.258828
0	-0.819157	-0.57357
0	-0.258809	-0.965928
0	-0.087158	-0.996194

#	Mesh	0	End

