#	Mesh	0	Begin

#	Vertex	232
112068	34614.5	-50
112068	34614.5	4650
112068	34814.5	4650
112068	34814.5	-50
104368	34814.5	4650
104368	34814.5	-50
111468	34814.5	4130
110868	34814.5	4130
110868	34814.5	4550
111468	34814.5	4550
109169	34814.5	4028.77
109154	34814.5	4030.06
109140	34814.5	4033.89
109127	34814.5	4040.15
109115	34814.5	4048.65
109104	34814.5	4059.13
109096	34814.5	4071.27
109089	34814.5	4084.69
109085	34814.5	4099.01
109084	34814.5	4113.77
109085	34814.5	4128.53
109089	34814.5	4142.84
109096	34814.5	4156.27
109104	34814.5	4168.4
109115	34814.5	4178.88
109127	34814.5	4187.38
109140	34814.5	4193.64
109154	34814.5	4197.47
109169	34814.5	4198.77
109184	34814.5	4197.47
109198	34814.5	4193.64
109212	34814.5	4187.38
109224	34814.5	4178.88
109234	34814.5	4168.4
109243	34814.5	4156.27
109249	34814.5	4142.84
109253	34814.5	4128.53
109254	34814.5	4113.77
109253	34814.5	4099.01
109249	34814.5	4084.69
109243	34814.5	4071.27
109234	34814.5	4059.13
109224	34814.5	4048.65
109212	34814.5	4040.15
109198	34814.5	4033.89
109184	34814.5	4030.06
109419	34814.5	4031.2
109404	34814.5	4032.49
109390	34814.5	4036.32
109377	34814.5	4042.58
109365	34814.5	4051.08
109354	34814.5	4061.56
109346	34814.5	4073.7
109339	34814.5	4087.13
109335	34814.5	4101.44
109334	34814.5	4116.2
109335	34814.5	4130.96
109339	34814.5	4145.27
109346	34814.5	4158.7
109354	34814.5	4170.83
109365	34814.5	4181.31
109377	34814.5	4189.81
109390	34814.5	4196.07
109404	34814.5	4199.91
109419	34814.5	4201.2
109434	34814.5	4199.91
109448	34814.5	4196.07
109462	34814.5	4189.81
109474	34814.5	4181.31
109484	34814.5	4170.83
109493	34814.5	4158.7
109499	34814.5	4145.27
109503	34814.5	4130.96
109504	34814.5	4116.2
109503	34814.5	4101.44
109499	34814.5	4087.13
109493	34814.5	4073.7
109484	34814.5	4061.56
109474	34814.5	4051.08
109462	34814.5	4042.58
109448	34814.5	4036.32
109434	34814.5	4032.49
109668	34814.5	4086.25
109663	34814.5	4086.73
109657	34814.5	4088.15
109653	34814.5	4090.47
109648	34814.5	4093.62
109644	34814.5	4097.51
109641	34814.5	4102
109639	34814.5	4106.98
109637	34814.5	4112.28
109637	34814.5	4117.75
109637	34814.5	4123.22
109639	34814.5	4128.53
109641	34814.5	4133.5
109644	34814.5	4138
109648	34814.5	4141.88
109653	34814.5	4145.03
109657	34814.5	4147.35
109663	34814.5	4148.78
109668	34814.5	4149.25
109674	34814.5	4148.78
109679	34814.5	4147.35
109684	34814.5	4145.03
109689	34814.5	4141.88
109692	34814.5	4138
109696	34814.5	4133.5
109698	34814.5	4128.53
109699	34814.5	4123.22
109700	34814.5	4117.75
109699	34814.5	4112.28
109698	34814.5	4106.98
109696	34814.5	4102
109692	34814.5	4097.51
109689	34814.5	4093.62
109684	34814.5	4090.47
109679	34814.5	4088.15
109674	34814.5	4086.73
104368	34614.5	4650
104368	34614.5	-50
110868	34614.5	4130
111468	34614.5	4130
111468	34614.5	4550
110868	34614.5	4550
109154	34614.5	4030.06
109169	34614.5	4028.77
109184	34614.5	4030.06
109198	34614.5	4033.89
109212	34614.5	4040.15
109224	34614.5	4048.65
109234	34614.5	4059.13
109243	34614.5	4071.27
109249	34614.5	4084.69
109253	34614.5	4099.01
109254	34614.5	4113.77
109253	34614.5	4128.53
109249	34614.5	4142.84
109243	34614.5	4156.27
109234	34614.5	4168.4
109224	34614.5	4178.88
109212	34614.5	4187.38
109198	34614.5	4193.64
109184	34614.5	4197.47
109169	34614.5	4198.77
109154	34614.5	4197.47
109140	34614.5	4193.64
109127	34614.5	4187.38
109115	34614.5	4178.88
109104	34614.5	4168.4
109096	34614.5	4156.27
109089	34614.5	4142.84
109085	34614.5	4128.53
109084	34614.5	4113.77
109085	34614.5	4099.01
109089	34614.5	4084.69
109096	34614.5	4071.27
109104	34614.5	4059.13
109115	34614.5	4048.65
109127	34614.5	4040.15
109140	34614.5	4033.89
109404	34614.5	4032.49
109419	34614.5	4031.2
109434	34614.5	4032.49
109448	34614.5	4036.32
109462	34614.5	4042.58
109474	34614.5	4051.08
109484	34614.5	4061.56
109493	34614.5	4073.7
109499	34614.5	4087.13
109503	34614.5	4101.44
109504	34614.5	4116.2
109503	34614.5	4130.96
109499	34614.5	4145.27
109493	34614.5	4158.7
109484	34614.5	4170.83
109474	34614.5	4181.31
109462	34614.5	4189.81
109448	34614.5	4196.07
109434	34614.5	4199.91
109419	34614.5	4201.2
109404	34614.5	4199.91
109390	34614.5	4196.07
109377	34614.5	4189.81
109365	34614.5	4181.31
109354	34614.5	4170.83
109346	34614.5	4158.7
109339	34614.5	4145.27
109335	34614.5	4130.96
109334	34614.5	4116.2
109335	34614.5	4101.44
109339	34614.5	4087.13
109346	34614.5	4073.7
109354	34614.5	4061.56
109365	34614.5	4051.08
109377	34614.5	4042.58
109390	34614.5	4036.32
109663	34614.5	4086.73
109668	34614.5	4086.25
109674	34614.5	4086.73
109679	34614.5	4088.15
109684	34614.5	4090.47
109689	34614.5	4093.62
109692	34614.5	4097.51
109696	34614.5	4102
109698	34614.5	4106.98
109699	34614.5	4112.28
109700	34614.5	4117.75
109699	34614.5	4123.22
109698	34614.5	4128.53
109696	34614.5	4133.5
109692	34614.5	4138
109689	34614.5	4141.88
109684	34614.5	4145.03
109679	34614.5	4147.35
109674	34614.5	4148.78
109668	34614.5	4149.25
109663	34614.5	4148.78
109657	34614.5	4147.35
109653	34614.5	4145.03
109648	34614.5	4141.88
109644	34614.5	4138
109641	34614.5	4133.5
109639	34614.5	4128.53
109637	34614.5	4123.22
109637	34614.5	4117.75
109637	34614.5	4112.28
109639	34614.5	4106.98
109641	34614.5	4102
109644	34614.5	4097.51
109648	34614.5	4093.62
109653	34614.5	4090.47
109657	34614.5	4088.15

#	Triangle	104
0	2	1	3	2	0	120	8	123	7	8	120
4	3	5	4	11	3	11	10	3	10	45	3	45	46	3	46	81	3	81	82	3	82	117	3	117	7	3	7	6	3	6	2	3	4	12	11	44	46	45	44	47	46	44	48	47	80	82	81	4	13	12	43	48	44	43	49	48	79	82	80	4	14	13	42	49	43	42	50	49	78	82	79	4	15	14	41	50	42	41	51	50	77	82	78	4	16	15	40	51	41	40	52	51	76	82	77	4	17	16	39	52	40	39	53	52	75	82	76	4	18	17	38	53	39	75	83	82	75	84	83	116	7	117	38	54	53	74	84	75	74	85	84	115	7	116	74	86	85	114	7	115	74	87	86	113	7	114	74	88	87	112	7	113	4	19	18	37	54	38	37	55	54	73	88	74	73	89	88	111	7	112	73	90	89	110	7	111	73	91	90	109	7	110	4	20	19	36	55	37	36	56	55	72	91	73	72	92	91	108	7	109	72	93	92	107	7	108	4	21	20	35	56	36	72	94	93	106	7	107	106	8	7	9	2	6	35	57	56	71	94	72	71	95	94	105	8	106	71	96	95	104	8	105	71	97	96	103	8	104	4	22	21	34	57	35	71	98	97	102	8	103	34	58	57	70	98	71	70	99	98	101	8	102	70	100	99	100	8	101	70	8	100	4	23	22	33	58	34	33	59	58	69	8	70	4	24	23	32	59	33	32	60	59	68	8	69	4	25	24	31	60	32	31	61	60	67	8	68	4	26	25	30	61	31	30	62	61	66	8	67	4	27	26	29	62	30	29	63	62	65	8	66	4	28	27	28	63	29	4	63	28	4	64	63	64	8	65	4	8	64	4	9	8	4	2	9
5	118	4	119	118	5	122	6	121	9	6	122
1	121	0	121	119	0	121	161	119	161	125	119	125	124	119	124	118	119	161	126	125	161	127	126	159	118	124	121	162	161	160	127	161	121	163	162	195	127	160	195	128	127	158	118	159	121	164	163	194	128	195	194	129	128	157	118	158	121	165	164	193	129	194	193	130	129	156	118	157	121	166	165	192	130	193	192	131	130	155	118	156	121	167	166	191	131	192	191	132	131	154	118	155	121	197	167	197	168	167	190	132	191	190	133	132	153	118	154	121	198	197	196	168	197	121	199	198	231	168	196	231	169	168	189	133	190	121	200	199	230	169	231	121	201	200	229	169	230	121	202	201	228	169	229	121	203	202	227	169	228	189	134	133	152	118	153	227	170	169	188	134	189	121	204	203	226	170	227	121	205	204	225	170	226	121	206	205	224	170	225	188	135	134	151	118	152	224	171	170	187	135	188	121	207	206	223	171	224	121	208	207	222	171	223	187	136	135	150	118	151	121	120	208	120	209	208	221	171	222	1	122	121	123	209	120	221	172	171	186	136	187	123	210	209	220	172	221	123	211	210	219	172	220	123	212	211	218	172	219	186	137	136	149	118	150	123	213	212	217	172	218	217	173	172	185	137	186	123	214	213	216	173	217	123	215	214	215	173	216	123	173	215	185	138	137	148	118	149	123	174	173	184	138	185	184	139	138	147	118	148	123	175	174	183	139	184	183	140	139	146	118	147	123	176	175	182	140	183	182	141	140	145	118	146	123	177	176	181	141	182	181	142	141	144	118	145	123	178	177	180	142	181	180	143	142	143	118	144	180	118	143	123	179	178	179	118	180	123	118	179	1	123	122	1	118	123
0	5	3	119	5	0	123	9	122	8	9	123
2	118	1	4	118	2	121	7	120	6	7	121
125	11	124	10	11	125
124	12	159	11	12	124	160	48	195	47	48	160
159	13	158	12	13	159	195	49	194	48	49	195
158	14	157	13	14	158
157	15	156	14	15	157
156	16	155	15	16	156
155	17	154	16	17	155
154	18	153	17	18	154
153	19	152	18	19	153
152	20	151	19	20	152
151	21	150	20	21	151
150	22	149	21	22	150	186	58	185	57	58	186
149	23	148	22	23	149
148	24	147	23	24	148
147	25	146	24	25	147
146	26	145	25	26	146	182	62	181	61	62	182
145	27	144	26	27	145	181	63	180	62	63	181
144	28	143	27	28	144
143	29	142	28	29	143
142	30	141	29	30	142	178	66	177	65	66	178
141	31	140	30	31	141	177	67	176	66	67	177
140	32	139	31	32	140
139	33	138	32	33	139
138	34	137	33	34	138
137	35	136	34	35	137	173	71	172	70	71	173
136	36	135	35	36	136
135	37	134	36	37	135
134	38	133	37	38	134
133	39	132	38	39	133
132	40	131	39	40	132
131	41	130	40	41	131
130	42	129	41	42	130
129	43	128	42	43	129
128	44	127	43	44	128	164	80	163	79	80	164
127	45	126	44	45	127	163	81	162	80	81	163
126	10	125	45	10	126
161	47	160	46	47	161
194	50	193	49	50	194
193	51	192	50	51	193
192	52	191	51	52	192
191	53	190	52	53	191
190	54	189	53	54	190
189	55	188	54	55	189
188	56	187	55	56	188
187	57	186	56	57	187
185	59	184	58	59	185
184	60	183	59	60	184
183	61	182	60	61	183
180	64	179	63	64	180
179	65	178	64	65	179
176	68	175	67	68	176
175	69	174	68	69	175
174	70	173	69	70	174
172	72	171	71	72	172
171	73	170	72	73	171
170	74	169	73	74	170
169	75	168	74	75	169
168	76	167	75	76	168
167	77	166	76	77	167
166	78	165	77	78	166
165	79	164	78	79	165
162	46	161	81	46	162
197	83	196	82	83	197
196	84	231	83	84	196
231	85	230	84	85	231
230	86	229	85	86	230
229	87	228	86	87	229
228	88	227	87	88	228
227	89	226	88	89	227
226	90	225	89	90	226
225	91	224	90	91	225
224	92	223	91	92	224
223	93	222	92	93	223
222	94	221	93	94	222
221	95	220	94	95	221
220	96	219	95	96	220
219	97	218	96	97	219
218	98	217	97	98	218
217	99	216	98	99	217
216	100	215	99	100	216
215	101	214	100	101	215
214	102	213	101	102	214
213	103	212	102	103	213
212	104	211	103	104	212
211	105	210	104	105	211
210	106	209	105	106	210
209	107	208	106	107	209
208	108	207	107	108	208
207	109	206	108	109	207
206	110	205	109	110	206
205	111	204	110	111	205
204	112	203	111	112	204
203	113	202	112	113	203
202	114	201	113	114	202
201	115	200	114	115	201
200	116	199	115	116	200
199	117	198	116	117	199
198	82	197	117	82	198

#	Normal	104
-1	0	0
0	-1	0
1	0	0
0	1	-0
0	0	1
0	0	-1
-0.0871637	0	-0.996194
-0.2588	0	-0.965931
-0.422582	0	-0.906325
-0.573715	0	-0.819055
-0.707115	0	-0.707099
-0.819101	0	-0.573649
-0.906408	0	-0.422404
-0.965907	0	-0.258889
-0.996162	0	-0.0875283
-0.996162	0	0.0875255
-0.965906	0	0.258893
-0.906408	0	0.422404
-0.819107	0	0.573641
-0.707107	0	0.707107
-0.573715	0	0.819055
-0.422582	0	0.906325
-0.258815	0	0.965927
-0.0871473	0	0.996195
0.0871016	-0	0.996199
0.258815	-0	0.965927
0.422784	-0	0.90623
0.573467	-0	0.819229
0.707107	-0	0.707107
0.819107	-0	0.573641
0.906408	-0	0.422404
0.965906	-0	0.258893
0.996208	-0	0.0870022
0.996208	0	-0.0870051
0.965907	0	-0.258889
0.906408	0	-0.422404
0.819101	0	-0.573649
0.707115	0	-0.707099
0.573467	0	-0.819229
0.422784	0	-0.90623
0.2588	0	-0.965931
0.0871179	0	-0.996198
-0.08718	0	-0.996193
-0.573703	0	-0.819063
-0.707123	0	-0.70709
-0.819096	0	-0.573657
-0.906411	0	-0.422397
-0.965906	0	-0.258893
-0.996162	0	-0.0875255
-0.996162	0	0.0875283
-0.965908	0	0.258885
-0.819096	0	0.573657
-0.707123	0	0.70709
-0.573692	0	0.819071
-0.08718	0	0.996193
0.0871343	-0	0.996197
0.573445	-0	0.819244
0.707123	-0	0.70709
0.819096	-0	0.573657
0.965908	-0	0.258885
0.996208	-0	0.0870051
0.996208	0	-0.0870022
0.965906	0	-0.258893
0.906411	0	-0.422397
0.819096	0	-0.573657
0.707123	0	-0.70709
0.573456	0	-0.819237
0.0871343	0	-0.996197
-0.087167	0	-0.996194
-0.258778	0	-0.965937
-0.42261	0	-0.906311
-0.573391	0	-0.819282
-0.707107	0	-0.707107
-0.819219	0	-0.57348
-0.906328	0	-0.422574
-0.965892	0	-0.258946
-0.996226	0	-0.0867985
-0.996226	0	0.0867985
-0.965892	0	0.258946
-0.906328	0	0.422574
-0.819249	0	0.573438
-0.707062	0	0.707151
-0.573391	0	0.819282
-0.422647	0	0.906294
-0.258736	0	0.965948
-0.087167	0	0.996194
0.087167	-0	0.996194
0.258736	-0	0.965948
0.422647	-0	0.906294
0.573391	-0	0.819282
0.707062	-0	0.707151
0.819249	-0	0.573438
0.906328	-0	0.422574
0.965892	-0	0.258946
0.996226	-0	0.0867985
0.996226	0	-0.0867985
0.965892	0	-0.258946
0.906328	0	-0.422574
0.819219	0	-0.57348
0.707107	0	-0.707107
0.573391	0	-0.819282
0.42261	0	-0.906311
0.258778	0	-0.965937
0.087167	0	-0.996194

#	Mesh	0	End

