#	Mesh	0	Begin

#	Vertex	232
112068	26214.5	-50
112068	26214.5	4550
112068	26414.5	4550
112068	26414.5	-50
104368	26414.5	4550
111533	26414.5	4550
111533	26414.5	4130
110803	26414.5	4130
110803	26414.5	4550
104368	26414.5	-50
109169	26414.5	3996.92
109154	26414.5	3998.22
109140	26414.5	4002.05
109127	26414.5	4008.31
109115	26414.5	4016.81
109104	26414.5	4027.29
109096	26414.5	4039.42
109089	26414.5	4052.85
109085	26414.5	4067.16
109084	26414.5	4081.92
109085	26414.5	4096.69
109089	26414.5	4111
109096	26414.5	4124.42
109104	26414.5	4136.56
109115	26414.5	4147.04
109127	26414.5	4155.54
109140	26414.5	4161.8
109154	26414.5	4165.63
109169	26414.5	4166.92
109184	26414.5	4165.63
109198	26414.5	4161.8
109212	26414.5	4155.54
109224	26414.5	4147.04
109234	26414.5	4136.56
109243	26414.5	4124.42
109249	26414.5	4111
109253	26414.5	4096.69
109254	26414.5	4081.92
109253	26414.5	4067.16
109249	26414.5	4052.85
109243	26414.5	4039.42
109234	26414.5	4027.29
109224	26414.5	4016.81
109212	26414.5	4008.31
109198	26414.5	4002.05
109184	26414.5	3998.22
109419	26414.5	3999.37
109404	26414.5	4000.66
109390	26414.5	4004.5
109377	26414.5	4010.76
109365	26414.5	4019.26
109354	26414.5	4029.74
109346	26414.5	4041.87
109339	26414.5	4055.3
109335	26414.5	4069.61
109334	26414.5	4084.37
109335	26414.5	4099.13
109339	26414.5	4113.44
109346	26414.5	4126.87
109354	26414.5	4139.01
109365	26414.5	4149.49
109377	26414.5	4157.98
109390	26414.5	4164.25
109404	26414.5	4168.08
109419	26414.5	4169.37
109434	26414.5	4168.08
109448	26414.5	4164.25
109462	26414.5	4157.98
109474	26414.5	4149.49
109484	26414.5	4139.01
109493	26414.5	4126.87
109499	26414.5	4113.44
109503	26414.5	4099.13
109504	26414.5	4084.37
109503	26414.5	4069.61
109499	26414.5	4055.3
109493	26414.5	4041.87
109484	26414.5	4029.74
109474	26414.5	4019.26
109462	26414.5	4010.76
109448	26414.5	4004.5
109434	26414.5	4000.66
109668	26414.5	4054.41
109663	26414.5	4054.89
109657	26414.5	4056.31
109653	26414.5	4058.63
109648	26414.5	4061.78
109644	26414.5	4065.67
109641	26414.5	4070.16
109639	26414.5	4075.14
109637	26414.5	4080.44
109637	26414.5	4085.91
109637	26414.5	4091.38
109639	26414.5	4096.69
109641	26414.5	4101.66
109644	26414.5	4106.16
109648	26414.5	4110.04
109653	26414.5	4113.19
109657	26414.5	4115.51
109663	26414.5	4116.93
109668	26414.5	4117.41
109674	26414.5	4116.93
109679	26414.5	4115.51
109684	26414.5	4113.19
109689	26414.5	4110.04
109692	26414.5	4106.16
109696	26414.5	4101.66
109698	26414.5	4096.69
109699	26414.5	4091.38
109700	26414.5	4085.91
109699	26414.5	4080.44
109698	26414.5	4075.14
109696	26414.5	4070.16
109692	26414.5	4065.67
109689	26414.5	4061.78
109684	26414.5	4058.63
109679	26414.5	4056.31
109674	26414.5	4054.89
104368	26214.5	4550
104368	26214.5	-50
110803	26214.5	4550
110803	26214.5	4130
111533	26214.5	4130
111533	26214.5	4550
109154	26214.5	3998.22
109169	26214.5	3996.92
109184	26214.5	3998.22
109198	26214.5	4002.05
109212	26214.5	4008.31
109224	26214.5	4016.81
109234	26214.5	4027.29
109243	26214.5	4039.42
109249	26214.5	4052.85
109253	26214.5	4067.16
109254	26214.5	4081.92
109253	26214.5	4096.69
109249	26214.5	4111
109243	26214.5	4124.42
109234	26214.5	4136.56
109224	26214.5	4147.04
109212	26214.5	4155.54
109198	26214.5	4161.8
109184	26214.5	4165.63
109169	26214.5	4166.92
109154	26214.5	4165.63
109140	26214.5	4161.8
109127	26214.5	4155.54
109115	26214.5	4147.04
109104	26214.5	4136.56
109096	26214.5	4124.42
109089	26214.5	4111
109085	26214.5	4096.69
109084	26214.5	4081.92
109085	26214.5	4067.16
109089	26214.5	4052.85
109096	26214.5	4039.42
109104	26214.5	4027.29
109115	26214.5	4016.81
109127	26214.5	4008.31
109140	26214.5	4002.05
109404	26214.5	4000.66
109419	26214.5	3999.37
109434	26214.5	4000.66
109448	26214.5	4004.5
109462	26214.5	4010.76
109474	26214.5	4019.26
109484	26214.5	4029.74
109493	26214.5	4041.87
109499	26214.5	4055.3
109503	26214.5	4069.61
109504	26214.5	4084.37
109503	26214.5	4099.13
109499	26214.5	4113.44
109493	26214.5	4126.87
109484	26214.5	4139.01
109474	26214.5	4149.49
109462	26214.5	4157.98
109448	26214.5	4164.25
109434	26214.5	4168.08
109419	26214.5	4169.37
109404	26214.5	4168.08
109390	26214.5	4164.25
109377	26214.5	4157.98
109365	26214.5	4149.49
109354	26214.5	4139.01
109346	26214.5	4126.87
109339	26214.5	4113.44
109335	26214.5	4099.13
109334	26214.5	4084.37
109335	26214.5	4069.61
109339	26214.5	4055.3
109346	26214.5	4041.87
109354	26214.5	4029.74
109365	26214.5	4019.26
109377	26214.5	4010.76
109390	26214.5	4004.5
109663	26214.5	4054.89
109668	26214.5	4054.41
109674	26214.5	4054.89
109679	26214.5	4056.31
109684	26214.5	4058.63
109689	26214.5	4061.78
109692	26214.5	4065.67
109696	26214.5	4070.16
109698	26214.5	4075.14
109699	26214.5	4080.44
109700	26214.5	4085.91
109699	26214.5	4091.38
109698	26214.5	4096.69
109696	26214.5	4101.66
109692	26214.5	4106.16
109689	26214.5	4110.04
109684	26214.5	4113.19
109679	26214.5	4115.51
109674	26214.5	4116.93
109668	26214.5	4117.41
109663	26214.5	4116.93
109657	26214.5	4115.51
109653	26214.5	4113.19
109648	26214.5	4110.04
109644	26214.5	4106.16
109641	26214.5	4101.66
109639	26214.5	4096.69
109637	26214.5	4091.38
109637	26214.5	4085.91
109637	26214.5	4080.44
109639	26214.5	4075.14
109641	26214.5	4070.16
109644	26214.5	4065.67
109648	26214.5	4061.78
109653	26214.5	4058.63
109657	26214.5	4056.31

#	Triangle	86
0	2	1	3	2	0	121	8	120	7	8	121
4	3	9	4	11	3	11	10	3	10	45	3	45	46	3	46	81	3	81	7	3	7	6	3	6	2	3	4	12	11	44	46	45	44	47	46	44	48	47	80	7	81	4	13	12	43	48	44	43	49	48	79	7	80	4	14	13	42	49	43	42	50	49	78	7	79	4	15	14	41	50	42	41	51	50	77	7	78	4	16	15	40	51	41	40	52	51	76	7	77	4	17	16	39	52	40	39	53	52	75	82	76	82	7	76	4	18	17	38	53	39	75	83	82	117	7	82	75	84	83	116	7	117	38	54	53	74	84	75	74	85	84	115	7	116	74	86	85	114	7	115	74	87	86	113	7	114	74	88	87	112	7	113	4	19	18	37	54	38	37	55	54	73	88	74	73	89	88	111	7	112	73	90	89	110	7	111	73	91	90	109	7	110	4	20	19	36	55	37	36	56	55	72	91	73	72	92	91	108	7	109	72	93	92	107	7	108	4	21	20	35	56	36	72	94	93	106	7	107	35	57	56	71	94	72	71	95	94	105	7	106	71	96	95	104	7	105	71	97	96	103	7	104	4	22	21	34	57	35	71	98	97	102	7	103	34	58	57	70	98	71	70	99	98	101	7	102	70	100	99	100	7	101	70	7	100	4	23	22	33	58	34	33	59	58	69	7	70	69	8	7	5	2	6	4	24	23	32	59	33	32	60	59	68	8	69	4	25	24	31	60	32	31	61	60	67	8	68	4	26	25	30	61	31	30	62	61	66	8	67	4	27	26	29	62	30	29	63	62	65	8	66	4	28	27	28	63	29	4	63	28	4	64	63	64	8	65	4	8	64
9	118	4	119	118	9	123	6	122	5	6	123
1	122	0	122	119	0	122	161	119	161	125	119	125	124	119	124	118	119	161	126	125	161	127	126	159	118	124	122	162	161	160	127	161	122	163	162	195	127	160	195	128	127	158	118	159	122	164	163	194	128	195	194	129	128	157	118	158	122	165	164	193	129	194	193	130	129	156	118	157	122	166	165	192	130	193	192	131	130	155	118	156	122	167	166	191	131	192	191	132	131	154	118	155	122	197	167	197	168	167	190	132	191	190	133	132	153	118	154	122	198	197	196	168	197	122	199	198	231	168	196	231	169	168	189	133	190	122	200	199	230	169	231	122	201	200	229	169	230	122	202	201	228	169	229	122	203	202	227	169	228	189	134	133	152	118	153	227	170	169	188	134	189	122	204	203	226	170	227	122	205	204	225	170	226	122	206	205	224	170	225	188	135	134	151	118	152	224	171	170	187	135	188	122	207	206	223	171	224	122	208	207	222	171	223	187	136	135	150	118	151	122	209	208	221	171	222	221	172	171	186	136	187	122	210	209	220	172	221	122	211	210	219	172	220	122	212	211	218	172	219	186	137	136	149	118	150	122	213	212	217	172	218	217	173	172	185	137	186	122	214	213	216	173	217	122	215	214	215	173	216	122	173	215	185	138	137	148	118	149	122	121	173	121	174	173	184	138	185	1	123	122	120	174	121	184	139	138	147	118	148	120	175	174	183	139	184	183	140	139	146	118	147	120	176	175	182	140	183	182	141	140	145	118	146	120	177	176	181	141	182	181	142	141	144	118	145	120	178	177	180	142	181	180	143	142	143	118	144	180	118	143	120	179	178	179	118	180	120	118	179
0	9	3	119	9	0
8	118	120	4	118	8	123	2	5	1	2	123	122	7	121	6	7	122
125	11	124	10	11	125	161	47	160	46	47	161
124	12	159	11	12	124
159	13	158	12	13	159	195	49	194	48	49	195
158	14	157	13	14	158
157	15	156	14	15	157	193	51	192	50	51	193
156	16	155	15	16	156	192	52	191	51	52	192
155	17	154	16	17	155	191	53	190	52	53	191
154	18	153	17	18	154
153	19	152	18	19	153
152	20	151	19	20	152	188	56	187	55	56	188
151	21	150	20	21	151	187	57	186	56	57	187
150	22	149	21	22	150	186	58	185	57	58	186
149	23	148	22	23	149	185	59	184	58	59	185
148	24	147	23	24	148	184	60	183	59	60	184
147	25	146	24	25	147	183	61	182	60	61	183
146	26	145	25	26	146	182	62	181	61	62	182
145	27	144	26	27	145	181	63	180	62	63	181
144	28	143	27	28	144	180	64	179	63	64	180
143	29	142	28	29	143	179	65	178	64	65	179
142	30	141	29	30	142	178	66	177	65	66	178
141	31	140	30	31	141	177	67	176	66	67	177
140	32	139	31	32	140	176	68	175	67	68	176
139	33	138	32	33	139	175	69	174	68	69	175
138	34	137	33	34	138	174	70	173	69	70	174
137	35	136	34	35	137	173	71	172	70	71	173
136	36	135	35	36	136	172	72	171	71	72	172
135	37	134	36	37	135	171	73	170	72	73	171
134	38	133	37	38	134
133	39	132	38	39	133
132	40	131	39	40	132	168	76	167	75	76	168
131	41	130	40	41	131	167	77	166	76	77	167
130	42	129	41	42	130	166	78	165	77	78	166
129	43	128	42	43	129
128	44	127	43	44	128	164	80	163	79	80	164
127	45	126	44	45	127
126	10	125	45	10	126	162	46	161	81	46	162
160	48	195	47	48	160
194	50	193	49	50	194
190	54	189	53	54	190
189	55	188	54	55	189
170	74	169	73	74	170
169	75	168	74	75	169
165	79	164	78	79	165
163	81	162	80	81	163
197	83	196	82	83	197
196	84	231	83	84	196
231	85	230	84	85	231
230	86	229	85	86	230
229	87	228	86	87	229
228	88	227	87	88	228
227	89	226	88	89	227
226	90	225	89	90	226
225	91	224	90	91	225
224	92	223	91	92	224
223	93	222	92	93	223
222	94	221	93	94	222
221	95	220	94	95	221
220	96	219	95	96	220
219	97	218	96	97	219
218	98	217	97	98	218
217	99	216	98	99	217
216	100	215	99	100	216
215	101	214	100	101	215
214	102	213	101	102	214
213	103	212	102	103	213
212	104	211	103	104	212
211	105	210	104	105	211
210	106	209	105	106	210
209	107	208	106	107	209
208	108	207	107	108	208
207	109	206	108	109	207
206	110	205	109	110	206
205	111	204	110	111	205
204	112	203	111	112	204
203	113	202	112	113	203
202	114	201	113	114	202
201	115	200	114	115	201
200	116	199	115	116	200
199	117	198	116	117	199
198	82	197	117	82	198

#	Normal	86
-1	0	0
0	-1	0
1	0	0
0	1	-0
0	0	1
0	0	-1
-0.0871637	0	-0.996194
-0.258815	0	-0.965927
-0.422582	0	-0.906325
-0.573703	0	-0.819063
-0.707115	0	-0.707099
-0.819101	0	-0.573649
-0.906408	0	-0.422404
-0.965907	0	-0.258889
-0.996162	0	-0.0875269
-0.996162	0	0.0875255
-0.965906	0	0.258893
-0.906408	0	0.422404
-0.819096	0	0.573657
-0.707123	0	0.70709
-0.573715	0	0.819055
-0.422582	0	0.906325
-0.258784	0	0.965935
-0.08718	0	0.996193
0.0871343	-0	0.996197
0.258784	-0	0.965935
0.422784	-0	0.90623
0.573467	-0	0.819229
0.707123	-0	0.70709
0.819096	-0	0.573657
0.906408	-0	0.422404
0.965906	-0	0.258893
0.996208	-0	0.0870022
0.996208	0	-0.0870036
0.965907	0	-0.258889
0.906408	0	-0.422404
0.819101	0	-0.573649
0.707115	0	-0.707099
0.573456	0	-0.819237
0.422784	0	-0.90623
0.258815	0	-0.965927
0.0871179	0	-0.996198
-0.2588	0	-0.965931
-0.573715	0	-0.819055
-0.965906	0	-0.258893
-0.996162	0	-0.0875255
0.996208	0	-0.0870022
0.965906	0	-0.258893
0.573467	0	-0.819229
0.2588	0	-0.965931
-0.0872111	0	-0.99619
-0.258736	0	-0.965948
-0.42261	0	-0.906311
-0.573391	0	-0.819282
-0.707085	0	-0.707129
-0.819234	0	-0.573459
-0.906328	0	-0.422574
-0.965892	0	-0.258946
-0.996226	0	-0.0867985
-0.996226	0	0.0867946
-0.965892	0	0.258946
-0.906328	0	0.422574
-0.819219	0	0.57348
-0.707107	0	0.707107
-0.573391	0	0.819282
-0.422574	0	0.906328
-0.258819	0	0.965926
-0.087167	0	0.996194
0.087167	-0	0.996194
0.258819	-0	0.965926
0.422574	-0	0.906328
0.573391	-0	0.819282
0.707107	-0	0.707107
0.819219	-0	0.57348
0.906328	-0	0.422574
0.965892	-0	0.258946
0.996226	-0	0.0867946
0.996226	0	-0.0867985
0.965892	0	-0.258946
0.906328	0	-0.422574
0.819234	0	-0.573459
0.707085	0	-0.707129
0.573391	0	-0.819282
0.42261	0	-0.906311
0.258736	0	-0.965948
0.0872111	0	-0.99619

#	Mesh	0	End

