#	Mesh	0	Begin

#	Vertex	16
70418.3	-43185.5	-50
70418.3	-43185.5	4895.7
70618.3	-43185.5	4895.7
70618.3	-43185.5	-50
70618.3	-41185.5	4547.79
70618.3	-41185.5	-50
70618.3	-41285.5	2100
70618.3	-42085.5	2100
70618.3	-42085.5	0
70618.3	-41285.5	0
70418.3	-41185.5	4547.79
70418.3	-41185.5	-50
70418.3	-42085.5	2100
70418.3	-41285.5	2100
70418.3	-41285.5	0
70418.3	-42085.5	0

#	Triangle	7
0	2	1	3	2	0	13	9	6	14	9	13
4	9	5	9	3	5	9	8	3	8	2	3	4	6	9	7	2	8	4	7	6	4	2	7
10	5	11	4	5	10	15	7	8	12	7	15
1	15	0	15	11	0	15	14	11	14	10	11	1	12	15	13	10	14	1	13	12	1	10	13
0	5	3	11	5	0	12	6	7	13	6	12
10	2	4	1	2	10
14	8	9	15	8	14

#	Normal	7
-0	1	0
-1	0	0
0	-1	0
1	0	0
0	-0	1
-0	-0.17138	-0.985205
-0	-0	-1

#	Mesh	0	End

