#	Mesh	0	Begin

#	Vertex	472
116218	51614.5	300
116218	51614.5	4350
116418	51614.5	4350
116418	51614.5	300
116418	59714.5	4350
116418	57199.5	4350
116418	57199.5	3850
116418	57929.5	3850
116418	57929.5	4350
116418	59714.5	300
116418	58014.5	2100
116418	56814.5	2100
116418	53014.5	2100
116418	51814.5	2100
116418	55276.5	3890
116418	55776.5	3890
116418	55776.5	4310
116418	55276.5	4310
116418	52219.6	4168.5
116418	52225.1	4168.98
116418	52230.4	4170.4
116418	52235.4	4172.72
116418	52239.9	4175.87
116418	52243.8	4179.75
116418	52246.9	4184.25
116418	52249.3	4189.23
116418	52250.7	4194.53
116418	52251.1	4200
116418	52250.7	4205.47
116418	52249.3	4210.77
116418	52246.9	4215.75
116418	52243.8	4220.25
116418	52239.9	4224.13
116418	52235.4	4227.28
116418	52230.4	4229.6
116418	52225.1	4231.02
116418	52219.6	4231.5
116418	52214.2	4231.02
116418	52208.9	4229.6
116418	52203.9	4227.28
116418	52199.4	4224.13
116418	52195.5	4220.25
116418	52192.4	4215.75
116418	52190.1	4210.77
116418	52188.6	4205.47
116418	52188.1	4200
116418	52188.6	4194.53
116418	52190.1	4189.23
116418	52192.4	4184.25
116418	52195.5	4179.75
116418	52199.4	4175.87
116418	52203.9	4172.72
116418	52208.9	4170.4
116418	52214.2	4168.98
116418	52369.6	4168.5
116418	52375.1	4168.98
116418	52380.4	4170.4
116418	52385.4	4172.72
116418	52389.9	4175.87
116418	52393.8	4179.75
116418	52396.9	4184.25
116418	52399.3	4189.23
116418	52400.7	4194.53
116418	52401.1	4200
116418	52400.7	4205.47
116418	52399.3	4210.77
116418	52396.9	4215.75
116418	52393.8	4220.25
116418	52389.9	4224.13
116418	52385.4	4227.28
116418	52380.4	4229.6
116418	52375.1	4231.02
116418	52369.6	4231.5
116418	52364.2	4231.02
116418	52358.9	4229.6
116418	52353.9	4227.28
116418	52349.4	4224.13
116418	52345.5	4220.25
116418	52342.4	4215.75
116418	52340.1	4210.77
116418	52338.6	4205.47
116418	52338.1	4200
116418	52338.6	4194.53
116418	52340.1	4189.23
116418	52342.4	4184.25
116418	52345.5	4179.75
116418	52349.4	4175.87
116418	52353.9	4172.72
116418	52358.9	4170.4
116418	52364.2	4168.98
116418	52519.7	4150.66
116418	52524	4151.04
116418	52528.2	4152.17
116418	52532.2	4154.01
116418	52535.7	4156.51
116418	52538.8	4159.59
116418	52541.3	4163.16
116418	52543.1	4167.11
116418	52544.3	4171.32
116418	52544.7	4175.66
116418	52544.3	4180
116418	52543.1	4184.21
116418	52541.3	4188.16
116418	52538.8	4191.73
116418	52535.7	4194.81
116418	52532.2	4197.31
116418	52528.2	4199.16
116418	52524	4200.28
116418	52519.7	4200.66
116418	52515.3	4200.28
116418	52511.1	4199.16
116418	52507.2	4197.31
116418	52503.6	4194.81
116418	52500.5	4191.73
116418	52498	4188.16
116418	52496.2	4184.21
116418	52495	4180
116418	52494.7	4175.66
116418	52495	4171.32
116418	52496.2	4167.11
116418	52498	4163.16
116418	52500.5	4159.59
116418	52503.6	4156.51
116418	52507.2	4154.01
116418	52511.1	4152.17
116418	52515.3	4151.04
116418	57154.8	4177.85
116418	57159.1	4178.23
116418	57163.4	4179.36
116418	57167.3	4181.2
116418	57170.9	4183.7
116418	57174	4186.78
116418	57176.5	4190.35
116418	57178.3	4194.3
116418	57179.4	4198.51
116418	57179.8	4202.85
116418	57179.4	4207.19
116418	57178.3	4211.4
116418	57176.5	4215.35
116418	57174	4218.92
116418	57170.9	4222
116418	57167.3	4224.5
116418	57163.4	4226.34
116418	57159.1	4227.47
116418	57154.8	4227.85
116418	57150.5	4227.47
116418	57146.3	4226.34
116418	57142.3	4224.5
116418	57138.7	4222
116418	57135.7	4218.92
116418	57133.2	4215.35
116418	57131.3	4211.4
116418	57130.2	4207.19
116418	57129.8	4202.85
116418	57130.2	4198.51
116418	57131.3	4194.3
116418	57133.2	4190.35
116418	57135.7	4186.78
116418	57138.7	4183.7
116418	57142.3	4181.2
116418	57146.3	4179.36
116418	57150.5	4178.23
116418	56933	4168.5
116418	56938.4	4168.98
116418	56943.7	4170.4
116418	56948.7	4172.72
116418	56953.2	4175.87
116418	56957.1	4179.75
116418	56960.2	4184.25
116418	56962.6	4189.23
116418	56964	4194.53
116418	56964.5	4200
116418	56964	4205.47
116418	56962.6	4210.77
116418	56960.2	4215.75
116418	56957.1	4220.25
116418	56953.2	4224.13
116418	56948.7	4227.28
116418	56943.7	4229.6
116418	56938.4	4231.02
116418	56933	4231.5
116418	56927.5	4231.02
116418	56922.2	4229.6
116418	56917.2	4227.28
116418	56912.7	4224.13
116418	56908.8	4220.25
116418	56905.7	4215.75
116418	56903.4	4210.77
116418	56901.9	4205.47
116418	56901.5	4200
116418	56901.9	4194.53
116418	56903.4	4189.23
116418	56905.7	4184.25
116418	56908.8	4179.75
116418	56912.7	4175.87
116418	56917.2	4172.72
116418	56922.2	4170.4
116418	56927.5	4168.98
116418	57053.3	4168.5
116418	57058.8	4168.98
116418	57064.1	4170.4
116418	57069.1	4172.72
116418	57073.6	4175.87
116418	57077.5	4179.75
116418	57080.6	4184.25
116418	57082.9	4189.23
116418	57084.4	4194.53
116418	57084.8	4200
116418	57084.4	4205.47
116418	57082.9	4210.77
116418	57080.6	4215.75
116418	57077.5	4220.25
116418	57073.6	4224.13
116418	57069.1	4227.28
116418	57064.1	4229.6
116418	57058.8	4231.02
116418	57053.3	4231.5
116418	57047.9	4231.02
116418	57042.6	4229.6
116418	57037.6	4227.28
116418	57033.1	4224.13
116418	57029.2	4220.25
116418	57026.1	4215.75
116418	57023.7	4210.77
116418	57022.3	4205.47
116418	57021.8	4200
116418	57022.3	4194.53
116418	57023.7	4189.23
116418	57026.1	4184.25
116418	57029.2	4179.75
116418	57033.1	4175.87
116418	57037.6	4172.72
116418	57042.6	4170.4
116418	57047.9	4168.98
116218	59714.5	4350
116218	59714.5	300
116218	57929.5	4350
116218	57929.5	3850
116218	57199.5	3850
116218	57199.5	4350
116218	51814.5	2100
116218	53014.5	2100
116218	56814.5	2100
116218	58014.5	2100
116218	55776.5	3890
116218	55276.5	3890
116218	55276.5	4310
116218	55776.5	4310
116218	52225.1	4168.98
116218	52219.6	4168.5
116218	52214.2	4168.98
116218	52208.9	4170.4
116218	52203.9	4172.72
116218	52199.4	4175.87
116218	52195.5	4179.75
116218	52192.4	4184.25
116218	52190.1	4189.23
116218	52188.6	4194.53
116218	52188.1	4200
116218	52188.6	4205.47
116218	52190.1	4210.77
116218	52192.4	4215.75
116218	52195.5	4220.25
116218	52199.4	4224.13
116218	52203.9	4227.28
116218	52208.9	4229.6
116218	52214.2	4231.02
116218	52219.6	4231.5
116218	52225.1	4231.02
116218	52230.4	4229.6
116218	52235.4	4227.28
116218	52239.9	4224.13
116218	52243.8	4220.25
116218	52246.9	4215.75
116218	52249.3	4210.77
116218	52250.7	4205.47
116218	52251.1	4200
116218	52250.7	4194.53
116218	52249.3	4189.23
116218	52246.9	4184.25
116218	52243.8	4179.75
116218	52239.9	4175.87
116218	52235.4	4172.72
116218	52230.4	4170.4
116218	52375.1	4168.98
116218	52369.6	4168.5
116218	52364.2	4168.98
116218	52358.9	4170.4
116218	52353.9	4172.72
116218	52349.4	4175.87
116218	52345.5	4179.75
116218	52342.4	4184.25
116218	52340.1	4189.23
116218	52338.6	4194.53
116218	52338.1	4200
116218	52338.6	4205.47
116218	52340.1	4210.77
116218	52342.4	4215.75
116218	52345.5	4220.25
116218	52349.4	4224.13
116218	52353.9	4227.28
116218	52358.9	4229.6
116218	52364.2	4231.02
116218	52369.6	4231.5
116218	52375.1	4231.02
116218	52380.4	4229.6
116218	52385.4	4227.28
116218	52389.9	4224.13
116218	52393.8	4220.25
116218	52396.9	4215.75
116218	52399.3	4210.77
116218	52400.7	4205.47
116218	52401.1	4200
116218	52400.7	4194.53
116218	52399.3	4189.23
116218	52396.9	4184.25
116218	52393.8	4179.75
116218	52389.9	4175.87
116218	52385.4	4172.72
116218	52380.4	4170.4
116218	52524	4151.04
116218	52519.7	4150.66
116218	52515.3	4151.04
116218	52511.1	4152.17
116218	52507.2	4154.01
116218	52503.6	4156.51
116218	52500.5	4159.59
116218	52498	4163.16
116218	52496.2	4167.11
116218	52495	4171.32
116218	52494.7	4175.66
116218	52495	4180
116218	52496.2	4184.21
116218	52498	4188.16
116218	52500.5	4191.73
116218	52503.6	4194.81
116218	52507.2	4197.31
116218	52511.1	4199.16
116218	52515.3	4200.28
116218	52519.7	4200.66
116218	52524	4200.28
116218	52528.2	4199.16
116218	52532.2	4197.31
116218	52535.7	4194.81
116218	52538.8	4191.73
116218	52541.3	4188.16
116218	52543.1	4184.21
116218	52544.3	4180
116218	52544.7	4175.66
116218	52544.3	4171.32
116218	52543.1	4167.11
116218	52541.3	4163.16
116218	52538.8	4159.59
116218	52535.7	4156.51
116218	52532.2	4154.01
116218	52528.2	4152.17
116218	57159.1	4178.23
116218	57154.8	4177.85
116218	57150.5	4178.23
116218	57146.3	4179.36
116218	57142.3	4181.2
116218	57138.7	4183.7
116218	57135.7	4186.78
116218	57133.2	4190.35
116218	57131.3	4194.3
116218	57130.2	4198.51
116218	57129.8	4202.85
116218	57130.2	4207.19
116218	57131.3	4211.4
116218	57133.2	4215.35
116218	57135.7	4218.92
116218	57138.7	4222
116218	57142.3	4224.5
116218	57146.3	4226.34
116218	57150.5	4227.47
116218	57154.8	4227.85
116218	57159.1	4227.47
116218	57163.4	4226.34
116218	57167.3	4224.5
116218	57170.9	4222
116218	57174	4218.92
116218	57176.5	4215.35
116218	57178.3	4211.4
116218	57179.4	4207.19
116218	57179.8	4202.85
116218	57179.4	4198.51
116218	57178.3	4194.3
116218	57176.5	4190.35
116218	57174	4186.78
116218	57170.9	4183.7
116218	57167.3	4181.2
116218	57163.4	4179.36
116218	56938.4	4168.98
116218	56933	4168.5
116218	56927.5	4168.98
116218	56922.2	4170.4
116218	56917.2	4172.72
116218	56912.7	4175.87
116218	56908.8	4179.75
116218	56905.7	4184.25
116218	56903.4	4189.23
116218	56901.9	4194.53
116218	56901.5	4200
116218	56901.9	4205.47
116218	56903.4	4210.77
116218	56905.7	4215.75
116218	56908.8	4220.25
116218	56912.7	4224.13
116218	56917.2	4227.28
116218	56922.2	4229.6
116218	56927.5	4231.02
116218	56933	4231.5
116218	56938.4	4231.02
116218	56943.7	4229.6
116218	56948.7	4227.28
116218	56953.2	4224.13
116218	56957.1	4220.25
116218	56960.2	4215.75
116218	56962.6	4210.77
116218	56964	4205.47
116218	56964.5	4200
116218	56964	4194.53
116218	56962.6	4189.23
116218	56960.2	4184.25
116218	56957.1	4179.75
116218	56953.2	4175.87
116218	56948.7	4172.72
116218	56943.7	4170.4
116218	57058.8	4168.98
116218	57053.3	4168.5
116218	57047.9	4168.98
116218	57042.6	4170.4
116218	57037.6	4172.72
116218	57033.1	4175.87
116218	57029.2	4179.75
116218	57026.1	4184.25
116218	57023.7	4189.23
116218	57022.3	4194.53
116218	57021.8	4200
116218	57022.3	4205.47
116218	57023.7	4210.77
116218	57026.1	4215.75
116218	57029.2	4220.25
116218	57033.1	4224.13
116218	57037.6	4227.28
116218	57042.6	4229.6
116218	57047.9	4231.02
116218	57053.3	4231.5
116218	57058.8	4231.02
116218	57064.1	4229.6
116218	57069.1	4227.28
116218	57073.6	4224.13
116218	57077.5	4220.25
116218	57080.6	4215.75
116218	57082.9	4210.77
116218	57084.4	4205.47
116218	57084.8	4200
116218	57084.4	4194.53
116218	57082.9	4189.23
116218	57080.6	4184.25
116218	57077.5	4179.75
116218	57073.6	4175.87
116218	57069.1	4172.72
116218	57064.1	4170.4
116218	58014.5	300
116418	58014.5	300
116418	56814.5	300
116218	56814.5	300
116218	53014.5	300
116418	53014.5	300
116418	51814.5	300
116218	51814.5	300

#	Triangle	116
0	2	1	3	2	0	237	8	236	7	8	237	10	464	465	243	464	10	12	468	469	241	468	12	244	16	247	15	16	244
4	465	9	4	10	465	11	469	466	11	12	469	13	3	470	13	2	3	4	11	10	4	12	11	4	13	12	4	7	13	7	6	13	6	15	13	15	14	13	14	90	13	90	125	13	125	54	13	54	18	13	18	53	13	53	52	13	52	2	13	4	8	7	5	134	6	134	133	6	133	132	6	132	131	6	131	130	6	130	129	6	129	128	6	128	127	6	127	126	6	126	202	6	202	201	6	201	200	6	200	199	6	199	198	6	198	15	6	198	162	15	162	197	15	197	16	15	17	90	14	17	91	90	17	92	91	124	54	125	17	93	92	123	54	124	17	94	93	122	54	123	17	95	94	121	54	122	17	96	95	120	54	121	17	97	96	119	54	120	17	98	97	118	54	119	233	162	198	233	163	162	118	55	54	89	18	54	89	19	18	232	163	233	232	164	163	196	16	197	118	56	55	88	19	89	88	20	19	231	164	232	231	165	164	195	16	196	118	57	56	87	20	88	87	21	20	51	2	52	17	99	98	117	57	118	230	165	231	230	166	165	194	16	195	117	58	57	86	21	87	86	22	21	50	2	51	17	100	99	116	58	117	126	203	202	229	166	230	229	167	166	193	16	194	116	59	58	85	22	86	85	23	22	49	2	50	161	203	126	160	203	161	159	203	160	159	204	203	228	167	229	228	168	167	192	16	193	116	60	59	84	23	85	84	24	23	48	2	49	17	101	100	115	60	116	158	204	159	157	204	158	17	102	101	114	60	115	157	205	204	227	168	228	227	169	168	191	16	192	114	61	60	83	24	84	83	25	24	47	2	48	156	205	157	17	103	102	113	61	114	156	206	205	226	169	227	226	170	169	190	16	191	113	62	61	82	25	83	82	26	25	46	2	47	155	206	156	17	104	103	112	62	113	154	206	155	154	207	206	225	170	226	225	171	170	189	16	190	112	63	62	81	26	82	81	27	26	45	2	46	17	105	104	111	63	112	17	106	105	110	63	111	5	135	134	153	207	154	17	107	106	109	63	110	153	208	207	224	171	225	224	172	171	188	16	189	109	64	63	80	27	81	80	28	27	44	2	45	17	108	107	108	64	109	17	64	108	5	136	135	152	208	153	152	209	208	223	172	224	223	173	172	187	16	188	17	65	64	79	28	80	79	29	28	43	2	44	5	137	136	151	209	152	151	210	209	222	173	223	222	174	173	186	16	187	17	66	65	78	29	79	78	30	29	42	2	43	5	138	137	150	210	151	5	139	138	149	210	150	149	211	210	221	174	222	221	175	174	185	16	186	17	67	66	77	30	78	77	31	30	41	2	42	5	140	139	148	211	149	148	212	211	220	175	221	220	176	175	184	16	185	17	68	67	76	31	77	76	32	31	40	2	41	5	141	140	147	212	148	147	213	212	219	176	220	219	177	176	183	16	184	17	69	68	75	32	76	75	33	32	39	2	40	5	142	141	146	213	147	5	143	142	145	213	146	145	214	213	218	177	219	218	178	177	182	16	183	17	70	69	74	33	75	74	34	33	38	2	39	5	144	143	144	214	145	5	214	144	5	215	214	217	178	218	217	179	178	181	16	182	17	71	70	73	34	74	73	35	34	37	2	38	5	216	215	216	179	217	216	180	179	180	16	181	17	72	71	72	35	73	72	36	35	36	2	37	5	180	216	5	16	180	17	36	72	17	2	36	5	17	16	5	2	17
9	234	4	235	234	9	239	6	238	5	6	239	242	466	467	11	466	242	240	470	471	13	470	240	246	14	245	17	14	246
1	471	0	1	240	471	241	467	468	241	242	467	243	235	464	243	234	235	1	241	240	1	242	241	1	243	242	1	251	243	251	250	243	250	249	243	249	322	243	322	321	243	321	245	243	245	238	243	238	237	243	237	234	243	245	244	238	244	393	238	393	429	238	429	428	238	428	463	238	463	462	238	462	461	238	461	357	238	357	356	238	356	391	238	391	390	238	390	389	238	389	388	238	388	387	238	387	386	238	386	385	238	385	239	238	236	234	237	321	246	245	247	394	244	394	393	244	320	246	321	249	323	322	355	246	320	249	324	323	354	246	355	249	325	324	353	246	354	249	326	325	352	246	353	249	327	326	351	246	352	249	328	327	350	246	351	249	285	328	285	329	328	349	246	350	248	285	249	248	286	285	284	329	285	392	429	393	392	430	429	283	286	248	283	287	286	319	329	284	247	395	394	427	430	392	427	431	430	1	252	251	282	287	283	282	288	287	318	329	319	247	396	395	426	431	427	426	432	431	318	330	329	348	246	349	1	253	252	281	288	282	281	289	288	317	330	318	247	397	396	425	432	426	425	433	432	317	331	330	347	246	348	1	254	253	280	289	281	280	290	289	316	331	317	247	398	397	424	433	425	424	434	433	460	357	461	460	358	357	460	359	358	460	360	359	1	255	254	279	290	280	279	291	290	315	331	316	247	399	398	423	434	424	423	435	434	459	360	460	315	332	331	346	246	347	459	361	360	459	362	361	315	333	332	345	246	346	1	256	255	278	291	279	278	292	291	314	333	315	247	400	399	422	435	423	422	436	435	458	362	459	458	363	362	314	334	333	344	246	345	1	257	256	277	292	278	277	293	292	313	334	314	247	401	400	421	436	422	421	437	436	457	363	458	457	364	363	313	335	334	343	246	344	457	365	364	1	258	257	276	293	277	276	294	293	312	335	313	247	402	401	420	437	421	420	438	437	456	365	457	312	336	335	342	246	343	312	337	336	341	246	342	456	366	365	384	239	385	312	338	337	340	246	341	1	259	258	275	294	276	275	295	294	311	338	312	247	403	402	419	438	420	419	439	438	455	366	456	311	339	338	339	246	340	311	246	339	455	367	366	383	239	384	1	260	259	274	295	275	274	296	295	310	246	311	247	404	403	418	439	419	418	440	439	454	367	455	454	368	367	382	239	383	1	261	260	273	296	274	273	297	296	309	246	310	247	405	404	417	440	418	417	441	440	453	368	454	453	369	368	381	239	382	453	370	369	380	239	381	1	262	261	272	297	273	272	298	297	308	246	309	247	406	405	416	441	417	416	442	441	452	370	453	452	371	370	379	239	380	1	263	262	271	298	272	271	299	298	307	246	308	247	407	406	415	442	416	415	443	442	451	371	452	451	372	371	378	239	379	1	264	263	270	299	271	270	300	299	306	246	307	247	408	407	414	443	415	414	444	443	450	372	451	450	373	372	377	239	378	450	374	373	376	239	377	1	265	264	269	300	270	269	301	300	305	246	306	247	409	408	413	444	414	413	445	444	449	374	450	449	375	374	375	239	376	449	239	375	1	266	265	268	301	269	268	302	301	304	246	305	247	410	409	412	445	413	412	446	445	448	239	449	1	267	266	267	302	268	267	303	302	303	246	304	247	411	410	411	446	412	411	447	446	447	239	448	1	303	267	1	246	303	247	447	411	247	239	447	1	247	246	1	239	247
464	9	465	235	9	464	466	468	467	469	468	466	470	0	471	3	0	470	243	11	242	10	11	243	241	13	240	12	13	241	247	17	246	16	17	247
8	234	236	4	234	8	239	2	5	1	2	239	238	7	237	6	7	238	245	15	244	14	15	245
249	19	248	18	19	249	285	55	284	54	55	285
248	20	283	19	20	248	284	56	319	55	56	284
283	21	282	20	21	283	319	57	318	56	57	319	427	165	426	164	165	427	463	201	462	200	201	463
282	22	281	21	22	282	318	58	317	57	58	318	426	166	425	165	166	426
281	23	280	22	23	281	317	59	316	58	59	317	425	167	424	166	167	425	461	203	460	202	203	461
280	24	279	23	24	280	316	60	315	59	60	316	424	168	423	167	168	424	460	204	459	203	204	460
279	25	278	24	25	279	315	61	314	60	61	315	423	169	422	168	169	423	459	205	458	204	205	459
278	26	277	25	26	278	314	62	313	61	62	314	422	170	421	169	170	422	458	206	457	205	206	458
277	27	276	26	27	277	313	63	312	62	63	313	421	171	420	170	171	421
276	28	275	27	28	276	312	64	311	63	64	312	420	172	419	171	172	420
275	29	274	28	29	275	311	65	310	64	65	311	419	173	418	172	173	419	455	209	454	208	209	455
274	30	273	29	30	274	310	66	309	65	66	310	418	174	417	173	174	418	454	210	453	209	210	454
273	31	272	30	31	273	309	67	308	66	67	309	417	175	416	174	175	417	453	211	452	210	211	453
272	32	271	31	32	272	308	68	307	67	68	308	416	176	415	175	176	416	452	212	451	211	212	452
271	33	270	32	33	271	307	69	306	68	69	307	415	177	414	176	177	415
270	34	269	33	34	270	306	70	305	69	70	306	414	178	413	177	178	414	450	214	449	213	214	450
269	35	268	34	35	269	305	71	304	70	71	305
268	36	267	35	36	268	304	72	303	71	72	304
267	37	266	36	37	267	303	73	302	72	73	303	411	181	410	180	181	411
266	38	265	37	38	266	302	74	301	73	74	302	410	182	409	181	182	410
265	39	264	38	39	265	301	75	300	74	75	301	409	183	408	182	183	409	445	219	444	218	219	445
264	40	263	39	40	264	300	76	299	75	76	300	408	184	407	183	184	408
263	41	262	40	41	263	299	77	298	76	77	299	407	185	406	184	185	407	443	221	442	220	221	443
262	42	261	41	42	262	298	78	297	77	78	298	406	186	405	185	186	406	442	222	441	221	222	442
261	43	260	42	43	261	297	79	296	78	79	297	405	187	404	186	187	405	441	223	440	222	223	441
260	44	259	43	44	260	296	80	295	79	80	296	404	188	403	187	188	404	440	224	439	223	224	440
259	45	258	44	45	259	295	81	294	80	81	295	403	189	402	188	189	403
258	46	257	45	46	258	294	82	293	81	82	294	402	190	401	189	190	402
257	47	256	46	47	257	293	83	292	82	83	293	401	191	400	190	191	401	437	227	436	226	227	437
256	48	255	47	48	256	292	84	291	83	84	292	400	192	399	191	192	400	436	228	435	227	228	436
255	49	254	48	49	255	291	85	290	84	85	291	399	193	398	192	193	399	435	229	434	228	229	435
254	50	253	49	50	254	290	86	289	85	86	290	398	194	397	193	194	398	434	230	433	229	230	434
253	51	252	50	51	253	289	87	288	86	87	289	397	195	396	194	195	397
252	52	251	51	52	252	288	88	287	87	88	288	396	196	395	195	196	396	432	232	431	231	232	432
251	53	250	52	53	251	287	89	286	88	89	287	395	197	394	196	197	395
250	18	249	53	18	250	286	54	285	89	54	286	394	162	393	197	162	394
321	91	320	90	91	321
320	92	355	91	92	320	356	128	391	127	128	356
355	93	354	92	93	355	391	129	390	128	129	391
354	94	353	93	94	354	390	130	389	129	130	390
353	95	352	94	95	353
352	96	351	95	96	352
351	97	350	96	97	351
350	98	349	97	98	350
349	99	348	98	99	349
348	100	347	99	100	348
347	101	346	100	101	347
346	102	345	101	102	346
345	103	344	102	103	345
344	104	343	103	104	344
343	105	342	104	105	343	379	141	378	140	141	379
342	106	341	105	106	342	378	142	377	141	142	378
341	107	340	106	107	341	377	143	376	142	143	377
340	108	339	107	108	340
339	109	338	108	109	339
338	110	337	109	110	338
337	111	336	110	111	337	373	147	372	146	147	373
336	112	335	111	112	336	372	148	371	147	148	372
335	113	334	112	113	335	371	149	370	148	149	371
334	114	333	113	114	334
333	115	332	114	115	333
332	116	331	115	116	332	368	152	367	151	152	368
331	117	330	116	117	331
330	118	329	117	118	330
329	119	328	118	119	329	365	155	364	154	155	365
328	120	327	119	120	328
327	121	326	120	121	327
326	122	325	121	122	326	362	158	361	157	158	362
325	123	324	122	123	325	361	159	360	158	159	361
324	124	323	123	124	324	360	160	359	159	160	360
323	125	322	124	125	323
322	90	321	125	90	322
357	127	356	126	127	357
389	131	388	130	131	389
388	132	387	131	132	388
387	133	386	132	133	387
386	134	385	133	134	386
385	135	384	134	135	385
384	136	383	135	136	384
383	137	382	136	137	383
382	138	381	137	138	382
381	139	380	138	139	381
380	140	379	139	140	380
376	144	375	143	144	376
375	145	374	144	145	375
374	146	373	145	146	374
370	150	369	149	150	370
369	151	368	150	151	369
367	153	366	152	153	367
366	154	365	153	154	366
364	156	363	155	156	364
363	157	362	156	157	363
359	161	358	160	161	359
358	126	357	161	126	358
393	163	392	162	163	393	429	199	428	198	199	429
392	164	427	163	164	392	428	200	463	199	200	428
413	179	412	178	179	413	449	215	448	214	215	449
412	180	411	179	180	412	448	216	447	215	216	448
462	202	461	201	202	462
457	207	456	206	207	457
456	208	455	207	208	456
451	213	450	212	213	451
447	217	446	216	217	447
446	218	445	217	218	446
444	220	443	219	220	444
439	225	438	224	225	439
438	226	437	225	226	438
433	231	432	230	231	433
431	233	430	232	233	431
430	198	429	233	198	430

#	Normal	116
-0	1	0
-1	0	0
-0	-1	-0
1	0	0
0	-0	1
0	0	-1
0	0.0871052	-0.996199
0	0.258997	-0.965878
0	0.422574	-0.906328
0	0.573391	-0.819282
0	0.707062	-0.707151
0	0.819249	-0.573438
0	0.906328	-0.422574
0	0.965892	-0.258946
0	0.996226	-0.0867985
-0	0.996226	0.0867985
-0	0.965892	0.258946
-0	0.906328	0.422574
-0	0.819249	0.573438
-0	0.707062	0.707151
-0	0.573391	0.819282
-0	0.422574	0.906328
-0	0.258997	0.965878
-0	0.0871052	0.996199
0	-0.087167	0.996194
0	-0.258819	0.965926
0	-0.422574	0.906328
0	-0.573725	0.819048
0	-0.707062	0.707151
0	-0.819249	0.573438
0	-0.906328	0.422574
0	-0.965892	0.258946
0	-0.996164	0.0875045
0	-0.996164	-0.0875045
0	-0.965892	-0.258946
0	-0.906328	-0.422574
0	-0.819249	-0.573438
0	-0.707062	-0.707151
0	-0.573725	-0.819048
0	-0.422574	-0.906328
0	-0.258819	-0.965926
0	-0.087167	-0.996194
0	0.0870891	-0.996201
0	0.258736	-0.965948
0	0.422665	-0.906286
0	0.573507	-0.8192
0	0.707499	-0.706714
0	0.819111	-0.573635
0	0.906114	-0.423033
0	0.966093	-0.258193
0	0.996135	-0.0878382
-0	0.996134	0.087848
-0	0.966093	0.258193
-0	0.906134	0.42299
-0	0.819074	0.573688
-0	0.707499	0.706714
-0	0.573507	0.8192
-0	0.422665	0.906286
-0	0.258736	0.965948
-0	0.0872003	0.996191
0	-0.0871225	0.996198
0	-0.25896	0.965888
0	-0.422665	0.906286
0	-0.573507	0.8192
0	-0.707051	0.707163
0	-0.819074	0.573688
0	-0.906478	0.422253
0	-0.96587	0.259029
0	-0.996212	0.0869584
0	-0.996213	-0.0869487
0	-0.96587	-0.259029
0	-0.906458	-0.422296
0	-0.819111	-0.573635
0	-0.707051	-0.707163
0	-0.573507	-0.8192
0	-0.422665	-0.906286
0	-0.25896	-0.965888
0	-0.0870114	-0.996207
0	0.0872003	-0.996191
0	0.707051	-0.707163
0	0.819074	-0.573688
0	0.906478	-0.422253
0	0.96587	-0.259029
0	0.996212	-0.0869584
-0	0.996213	0.0869487
-0	0.96587	0.259029
-0	0.906458	0.422296
-0	0.819111	0.573635
-0	0.707051	0.707163
-0	0.0870891	0.996201
0	-0.0870891	0.996201
0	-0.258736	0.965948
0	-0.819532	0.573033
0	-0.906114	0.423033
0	-0.996213	0.0869487
0	-0.996212	-0.0869584
0	-0.906134	-0.42299
0	-0.819495	-0.573086
0	-0.258736	-0.965948
0	-0.0872003	-0.996191
0	0.087167	-0.996194
0	0.258819	-0.965926
-0	0.258819	0.965926
-0	0.087167	0.996194
0	0.573725	-0.819048
0	0.996164	-0.0875045
-0	0.996164	0.0875045
-0	0.573725	0.819048
0	-0.0871052	0.996199
0	-0.258997	0.965878
0	-0.573391	0.819282
0	-0.996226	0.0867985
0	-0.996226	-0.0867985
0	-0.573391	-0.819282
0	-0.258997	-0.965878
0	-0.0871052	-0.996199

#	Mesh	0	End

