#	Mesh	0	Begin

#	Vertex	32
116218	58414.5	300
116218	58414.5	4500
116218	58614.5	4500
116218	58614.5	300
112268	58614.5	300
113318	58614.5	2100
114218	58614.5	2100
114218	58614.5	300
112268	58614.5	4500
114159	58614.5	3930
113659	58614.5	3930
113659	58614.5	4350
114159	58614.5	4350
113133	58614.5	3850
112403	58614.5	3850
112403	58614.5	4350
113133	58614.5	4350
112268	58414.5	4500
112268	58414.5	300
114218	58414.5	2100
113318	58414.5	2100
113318	58414.5	300
113659	58414.5	3930
114159	58414.5	3930
114159	58414.5	4350
113659	58414.5	4350
112403	58414.5	3850
113133	58414.5	3850
113133	58414.5	4350
112403	58414.5	4350
113318	58614.5	300
114218	58414.5	300

#	Triangle	6
0	2	1	3	2	0	20	30	5	21	30	20	22	11	25	10	11	22	26	15	29	14	15	26
8	14	4	14	30	4	14	5	30	6	3	7	6	2	3	14	6	5	14	13	6	13	10	6	10	9	6	9	2	6	8	15	14	16	10	13	16	11	10	12	2	9	8	16	15	8	11	16	8	12	11	8	2	12
4	17	8	18	17	4	6	31	19	7	31	6	24	9	23	12	9	24	28	13	27	16	13	28
1	31	0	1	19	31	20	18	21	20	26	18	26	17	18	1	20	19	1	23	20	23	27	20	27	26	20	23	22	27	22	28	27	29	17	26	1	24	23	25	28	22	1	25	24	1	28	25	1	29	28	1	17	29
21	4	30	18	4	21	7	0	31	3	0	7	5	19	20	6	19	5	25	12	24	11	12	25	29	16	28	15	16	29
2	17	1	8	17	2	23	10	22	9	10	23	27	14	26	13	14	27

#	Normal	6
-1	0	0
0	-1	0
1	0	0
0	1	-0
0	0	1
0	0	-1

#	Mesh	0	End

