#	Mesh	0	Begin

#	Vertex	232
120968	43464.5	-50
120968	43464.5	5230
121168	43464.5	5230
121168	43464.5	-50
121168	51164.5	5230
121168	51164.5	-50
121168	49864.4	2100
121168	48364.4	2100
121168	48364.4	0
121168	49864.4	0
121168	49386.8	4275
121168	49391.2	4275.38
121168	49395.4	4276.51
121168	49399.3	4278.35
121168	49402.9	4280.85
121168	49406	4283.93
121168	49408.5	4287.5
121168	49410.3	4291.45
121168	49411.4	4295.66
121168	49411.8	4300
121168	49411.4	4304.34
121168	49410.3	4308.55
121168	49408.5	4312.5
121168	49406	4316.07
121168	49402.9	4319.15
121168	49399.3	4321.65
121168	49395.4	4323.49
121168	49391.2	4324.62
121168	49386.8	4325
121168	49382.5	4324.62
121168	49378.3	4323.49
121168	49374.3	4321.65
121168	49370.8	4319.15
121168	49367.7	4316.07
121168	49365.2	4312.5
121168	49363.3	4308.55
121168	49362.2	4304.34
121168	49361.8	4300
121168	49362.2	4295.66
121168	49363.3	4291.45
121168	49365.2	4287.5
121168	49367.7	4283.93
121168	49370.8	4280.85
121168	49374.3	4278.35
121168	49378.3	4276.51
121168	49382.5	4275.38
121168	49253.6	4268.5
121168	49259.1	4268.98
121168	49264.4	4270.4
121168	49269.3	4272.72
121168	49273.8	4275.87
121168	49277.7	4279.75
121168	49280.9	4284.25
121168	49283.2	4289.23
121168	49284.6	4294.53
121168	49285.1	4300
121168	49284.6	4305.47
121168	49283.2	4310.77
121168	49280.9	4315.75
121168	49277.7	4320.25
121168	49273.8	4324.13
121168	49269.3	4327.28
121168	49264.4	4329.6
121168	49259.1	4331.02
121168	49253.6	4331.5
121168	49248.1	4331.02
121168	49242.8	4329.6
121168	49237.8	4327.28
121168	49233.3	4324.13
121168	49229.5	4320.25
121168	49226.3	4315.75
121168	49224	4310.77
121168	49222.6	4305.47
121168	49222.1	4300
121168	49222.6	4294.53
121168	49224	4289.23
121168	49226.3	4284.25
121168	49229.5	4279.75
121168	49233.3	4275.87
121168	49237.8	4272.72
121168	49242.8	4270.4
121168	49248.1	4268.98
121168	49142.8	4268.5
121168	49148.3	4268.98
121168	49153.6	4270.4
121168	49158.6	4272.72
121168	49163.1	4275.87
121168	49167	4279.75
121168	49170.1	4284.25
121168	49172.4	4289.23
121168	49173.9	4294.53
121168	49174.3	4300
121168	49173.9	4305.47
121168	49172.4	4310.77
121168	49170.1	4315.75
121168	49167	4320.25
121168	49163.1	4324.13
121168	49158.6	4327.28
121168	49153.6	4329.6
121168	49148.3	4331.02
121168	49142.8	4331.5
121168	49137.4	4331.02
121168	49132.1	4329.6
121168	49127.1	4327.28
121168	49122.6	4324.13
121168	49118.7	4320.25
121168	49115.6	4315.75
121168	49113.2	4310.77
121168	49111.8	4305.47
121168	49111.3	4300
121168	49111.8	4294.53
121168	49113.2	4289.23
121168	49115.6	4284.25
121168	49118.7	4279.75
121168	49122.6	4275.87
121168	49127.1	4272.72
121168	49132.1	4270.4
121168	49137.4	4268.98
120968	51164.5	5230
120968	51164.5	-50
120968	48364.4	2100
120968	49864.4	2100
120968	49864.4	0
120968	48364.4	0
120968	49391.2	4275.38
120968	49386.8	4275
120968	49382.5	4275.38
120968	49378.3	4276.51
120968	49374.3	4278.35
120968	49370.8	4280.85
120968	49367.7	4283.93
120968	49365.2	4287.5
120968	49363.3	4291.45
120968	49362.2	4295.66
120968	49361.8	4300
120968	49362.2	4304.34
120968	49363.3	4308.55
120968	49365.2	4312.5
120968	49367.7	4316.07
120968	49370.8	4319.15
120968	49374.3	4321.65
120968	49378.3	4323.49
120968	49382.5	4324.62
120968	49386.8	4325
120968	49391.2	4324.62
120968	49395.4	4323.49
120968	49399.3	4321.65
120968	49402.9	4319.15
120968	49406	4316.07
120968	49408.5	4312.5
120968	49410.3	4308.55
120968	49411.4	4304.34
120968	49411.8	4300
120968	49411.4	4295.66
120968	49410.3	4291.45
120968	49408.5	4287.5
120968	49406	4283.93
120968	49402.9	4280.85
120968	49399.3	4278.35
120968	49395.4	4276.51
120968	49259.1	4268.98
120968	49253.6	4268.5
120968	49248.1	4268.98
120968	49242.8	4270.4
120968	49237.8	4272.72
120968	49233.3	4275.87
120968	49229.5	4279.75
120968	49226.3	4284.25
120968	49224	4289.23
120968	49222.6	4294.53
120968	49222.1	4300
120968	49222.6	4305.47
120968	49224	4310.77
120968	49226.3	4315.75
120968	49229.5	4320.25
120968	49233.3	4324.13
120968	49237.8	4327.28
120968	49242.8	4329.6
120968	49248.1	4331.02
120968	49253.6	4331.5
120968	49259.1	4331.02
120968	49264.4	4329.6
120968	49269.3	4327.28
120968	49273.8	4324.13
120968	49277.7	4320.25
120968	49280.9	4315.75
120968	49283.2	4310.77
120968	49284.6	4305.47
120968	49285.1	4300
120968	49284.6	4294.53
120968	49283.2	4289.23
120968	49280.9	4284.25
120968	49277.7	4279.75
120968	49273.8	4275.87
120968	49269.3	4272.72
120968	49264.4	4270.4
120968	49148.3	4268.98
120968	49142.8	4268.5
120968	49137.4	4268.98
120968	49132.1	4270.4
120968	49127.1	4272.72
120968	49122.6	4275.87
120968	49118.7	4279.75
120968	49115.6	4284.25
120968	49113.2	4289.23
120968	49111.8	4294.53
120968	49111.3	4300
120968	49111.8	4305.47
120968	49113.2	4310.77
120968	49115.6	4315.75
120968	49118.7	4320.25
120968	49122.6	4324.13
120968	49127.1	4327.28
120968	49132.1	4329.6
120968	49137.4	4331.02
120968	49142.8	4331.5
120968	49148.3	4331.02
120968	49153.6	4329.6
120968	49158.6	4327.28
120968	49163.1	4324.13
120968	49167	4320.25
120968	49170.1	4315.75
120968	49172.4	4310.77
120968	49173.9	4305.47
120968	49174.3	4300
120968	49173.9	4294.53
120968	49172.4	4289.23
120968	49170.1	4284.25
120968	49167	4279.75
120968	49163.1	4275.87
120968	49158.6	4272.72
120968	49153.6	4270.4

#	Triangle	90
0	2	1	3	2	0	121	9	6	122	9	121
4	9	5	9	3	5	9	8	3	8	2	3	4	6	9	7	2	8	4	7	6	4	13	7	13	12	7	12	11	7	11	10	7	10	49	7	49	48	7	48	47	7	47	46	7	46	82	7	82	117	7	117	2	7	81	82	46	81	83	82	80	83	81	80	84	83	116	2	117	79	84	80	79	85	84	115	2	116	10	50	49	78	85	79	78	86	85	114	2	115	45	50	10	44	50	45	44	51	50	77	86	78	77	87	86	113	2	114	43	51	44	4	14	13	42	51	43	42	52	51	76	87	77	76	88	87	112	2	113	4	15	14	41	52	42	4	16	15	40	52	41	40	53	52	75	88	76	75	89	88	111	2	112	4	17	16	39	53	40	39	54	53	74	89	75	74	90	89	110	2	111	4	18	17	38	54	39	38	55	54	73	90	74	73	91	90	109	2	110	4	19	18	37	55	38	4	20	19	36	55	37	36	56	55	72	91	73	72	92	91	108	2	109	4	21	20	35	56	36	35	57	56	71	92	72	71	93	92	107	2	108	4	22	21	34	57	35	34	58	57	70	93	71	70	94	93	106	2	107	4	23	22	33	58	34	33	59	58	69	94	70	69	95	94	105	2	106	4	24	23	32	59	33	4	25	24	31	59	32	31	60	59	68	95	69	68	96	95	104	2	105	4	26	25	30	60	31	4	27	26	29	60	30	29	61	60	67	96	68	67	97	96	103	2	104	4	28	27	28	61	29	4	61	28	4	62	61	66	97	67	66	98	97	102	2	103	4	63	62	65	98	66	65	99	98	101	2	102	4	64	63	64	99	65	64	100	99	100	2	101	4	100	64	4	2	100
5	118	4	119	118	5	123	7	8	120	7	123
1	123	0	123	119	0	123	122	119	122	118	119	1	120	123	121	118	122	1	121	120	1	198	121	198	197	121	197	161	121	161	160	121	160	195	121	195	194	121	194	125	121	125	124	121	124	159	121	159	158	121	158	118	121	196	161	197	196	162	161	1	199	198	231	162	196	231	163	162	1	200	199	230	163	231	230	164	163	1	201	200	229	164	230	229	165	164	193	125	194	193	126	125	193	127	126	1	202	201	228	165	229	228	166	165	192	127	193	192	128	127	192	129	128	157	118	158	1	203	202	227	166	228	227	167	166	191	129	192	191	130	129	156	118	157	191	131	130	155	118	156	1	204	203	226	167	227	226	168	167	190	131	191	190	132	131	154	118	155	1	205	204	225	168	226	225	169	168	189	132	190	189	133	132	153	118	154	1	206	205	224	169	225	224	170	169	188	133	189	188	134	133	152	118	153	1	207	206	223	170	224	223	171	170	187	134	188	187	135	134	151	118	152	187	136	135	150	118	151	1	208	207	222	171	223	222	172	171	186	136	187	186	137	136	149	118	150	1	209	208	221	172	222	221	173	172	185	137	186	185	138	137	148	118	149	1	210	209	220	173	221	220	174	173	184	138	185	184	139	138	147	118	148	184	140	139	146	118	147	1	211	210	219	174	220	219	175	174	183	140	184	183	141	140	145	118	146	183	142	141	144	118	145	1	212	211	218	175	219	218	176	175	182	142	183	182	143	142	143	118	144	182	118	143	1	213	212	217	176	218	217	177	176	181	118	182	1	214	213	216	177	217	216	178	177	180	118	181	1	215	214	215	178	216	215	179	178	179	118	180	1	179	215	1	118	179
0	5	3	119	5	0	120	6	7	121	6	120
2	118	1	4	118	2	122	8	9	123	8	122
125	11	124	10	11	125
124	12	159	11	12	124
159	13	158	12	13	159
158	14	157	13	14	158
157	15	156	14	15	157
156	16	155	15	16	156
155	17	154	16	17	155
154	18	153	17	18	154
153	19	152	18	19	153
152	20	151	19	20	152
151	21	150	20	21	151
150	22	149	21	22	150
149	23	148	22	23	149
148	24	147	23	24	148
147	25	146	24	25	147
146	26	145	25	26	146
145	27	144	26	27	145
144	28	143	27	28	144
143	29	142	28	29	143
142	30	141	29	30	142
141	31	140	30	31	141
140	32	139	31	32	140
139	33	138	32	33	139
138	34	137	33	34	138
137	35	136	34	35	137
136	36	135	35	36	136
135	37	134	36	37	135
134	38	133	37	38	134
133	39	132	38	39	133
132	40	131	39	40	132
131	41	130	40	41	131
130	42	129	41	42	130
129	43	128	42	43	129
128	44	127	43	44	128
127	45	126	44	45	127
126	10	125	45	10	126
161	47	160	46	47	161	197	83	196	82	83	197
160	48	195	47	48	160	196	84	231	83	84	196
195	49	194	48	49	195	231	85	230	84	85	231
194	50	193	49	50	194
193	51	192	50	51	193
192	52	191	51	52	192	228	88	227	87	88	228
191	53	190	52	53	191	227	89	226	88	89	227
190	54	189	53	54	190
189	55	188	54	55	189
188	56	187	55	56	188
187	57	186	56	57	187
186	58	185	57	58	186	222	94	221	93	94	222
185	59	184	58	59	185	221	95	220	94	95	221
184	60	183	59	60	184
183	61	182	60	61	183
182	62	181	61	62	182	218	98	217	97	98	218
181	63	180	62	63	181	217	99	216	98	99	217
180	64	179	63	64	180	216	100	215	99	100	216
179	65	178	64	65	179	215	101	214	100	101	215
178	66	177	65	66	178	214	102	213	101	102	214
177	67	176	66	67	177	213	103	212	102	103	213
176	68	175	67	68	176	212	104	211	103	104	212
175	69	174	68	69	175	211	105	210	104	105	211
174	70	173	69	70	174	210	106	209	105	106	210
173	71	172	70	71	173	209	107	208	106	107	209
172	72	171	71	72	172
171	73	170	72	73	171
170	74	169	73	74	170
169	75	168	74	75	169
168	76	167	75	76	168	204	112	203	111	112	204
167	77	166	76	77	167	203	113	202	112	113	203
166	78	165	77	78	166	202	114	201	113	114	202
165	79	164	78	79	165	201	115	200	114	115	201
164	80	163	79	80	164	200	116	199	115	116	200
163	81	162	80	81	163	199	117	198	116	117	199
162	46	161	81	46	162	198	82	197	117	82	198
230	86	229	85	86	230
229	87	228	86	87	229
226	90	225	89	90	226
225	91	224	90	91	225
224	92	223	91	92	224
223	93	222	92	93	223
220	96	219	95	96	220
219	97	218	96	97	219
208	108	207	107	108	208
207	109	206	108	109	207
206	110	205	109	110	206
205	111	204	110	111	205

#	Normal	90
-0	1	0
-1	0	0
-0	-1	-0
1	0	0
0	-0	1
0	0	-1
0	0.0872003	-0.996191
0	0.25896	-0.965888
0	0.422229	-0.906489
0	0.574004	-0.818853
0	0.706995	-0.707219
0	0.819111	-0.573635
0	0.906134	-0.42299
0	0.966086	-0.258221
0	0.996135	-0.0878382
-0	0.996135	0.0878382
-0	0.966086	0.258221
-0	0.906134	0.42299
-0	0.819111	0.573635
-0	0.706995	0.707219
-0	0.574004	0.818853
-0	0.422229	0.906489
-0	0.25896	0.965888
-0	0.0872003	0.996191
0	-0.0871225	0.996198
0	-0.25896	0.965888
0	-0.422573	0.906329
0	-0.573583	0.819148
0	-0.706995	0.707219
0	-0.819111	0.573635
0	-0.906478	0.422253
0	-0.965862	0.259057
0	-0.996213	0.0869487
0	-0.996213	-0.0869487
0	-0.965862	-0.259057
0	-0.906478	-0.422253
0	-0.819111	-0.573635
0	-0.706995	-0.707219
0	-0.573583	-0.819148
0	-0.422573	-0.906329
0	-0.25896	-0.965888
0	-0.0871225	-0.996198
0	0.087167	-0.996194
0	0.258819	-0.965926
0	0.422574	-0.906328
0	0.573725	-0.819048
0	0.707062	-0.707151
0	0.818914	-0.573916
0	0.906328	-0.422574
0	0.966069	-0.258283
0	0.996164	-0.0875045
-0	0.996164	0.0875045
-0	0.966069	0.258283
-0	0.906328	0.422574
-0	0.818914	0.573916
-0	0.707062	0.707151
-0	0.573725	0.819048
-0	0.422574	0.906328
-0	0.258819	0.965926
-0	0.087167	0.996194
0	-0.087167	0.996194
0	-0.258819	0.965926
0	-0.422574	0.906328
0	-0.573725	0.819048
0	-0.707062	0.707151
0	-0.818914	0.573916
0	-0.906328	0.422574
0	-0.965892	0.258946
0	-0.996226	0.0867985
0	-0.996226	-0.0867985
0	-0.965892	-0.258946
0	-0.906328	-0.422574
0	-0.818914	-0.573916
0	-0.707062	-0.707151
0	-0.573725	-0.819048
0	-0.422574	-0.906328
0	-0.258819	-0.965926
0	-0.087167	-0.996194
0	0.573391	-0.819282
0	0.707418	-0.706795
0	0.965892	-0.258946
0	0.996226	-0.0867985
-0	0.996226	0.0867985
-0	0.965892	0.258946
-0	0.707418	0.706795
-0	0.573391	0.819282
0	-0.966069	0.258283
0	-0.996164	0.0875045
0	-0.996164	-0.0875045
0	-0.966069	-0.258283

#	Mesh	0	End

