#	Mesh	0	Begin

#	Vertex	232
120968	35064.5	0
120968	35064.5	5230
121168	35064.5	5230
121168	35064.5	0
121168	42764.5	5230
121168	42764.5	0
121168	39742.2	4290
121168	40162.2	4290
121168	40162.2	4550
121168	39742.2	4550
121168	42732	4475
121168	42736.4	4475.38
121168	42740.6	4476.51
121168	42744.5	4478.35
121168	42748.1	4480.85
121168	42751.2	4483.93
121168	42753.7	4487.5
121168	42755.5	4491.45
121168	42756.6	4495.66
121168	42757	4500
121168	42756.6	4504.34
121168	42755.5	4508.55
121168	42753.7	4512.5
121168	42751.2	4516.07
121168	42748.1	4519.15
121168	42744.5	4521.65
121168	42740.6	4523.49
121168	42736.4	4524.62
121168	42732	4525
121168	42727.7	4524.62
121168	42723.5	4523.49
121168	42719.5	4521.65
121168	42716	4519.15
121168	42712.9	4516.07
121168	42710.4	4512.5
121168	42708.5	4508.55
121168	42707.4	4504.34
121168	42707	4500
121168	42707.4	4495.66
121168	42708.5	4491.45
121168	42710.4	4487.5
121168	42712.9	4483.93
121168	42716	4480.85
121168	42719.5	4478.35
121168	42723.5	4476.51
121168	42727.7	4475.38
121168	42645.8	4468.5
121168	42651.2	4468.98
121168	42656.6	4470.4
121168	42661.5	4472.72
121168	42666	4475.87
121168	42669.9	4479.75
121168	42673.1	4484.25
121168	42675.4	4489.23
121168	42676.8	4494.53
121168	42677.3	4500
121168	42676.8	4505.47
121168	42675.4	4510.77
121168	42673.1	4515.75
121168	42669.9	4520.25
121168	42666	4524.13
121168	42661.5	4527.28
121168	42656.6	4529.6
121168	42651.2	4531.02
121168	42645.8	4531.5
121168	42640.3	4531.02
121168	42635	4529.6
121168	42630	4527.28
121168	42625.5	4524.13
121168	42621.6	4520.25
121168	42618.5	4515.75
121168	42616.2	4510.77
121168	42614.8	4505.47
121168	42614.3	4500
121168	42614.8	4494.53
121168	42616.2	4489.23
121168	42618.5	4484.25
121168	42621.6	4479.75
121168	42625.5	4475.87
121168	42630	4472.72
121168	42635	4470.4
121168	42640.3	4468.98
121168	42539.5	4468.5
121168	42545	4468.98
121168	42550.3	4470.4
121168	42555.3	4472.72
121168	42559.8	4475.87
121168	42563.7	4479.75
121168	42566.8	4484.25
121168	42569.1	4489.23
121168	42570.5	4494.53
121168	42571	4500
121168	42570.5	4505.47
121168	42569.1	4510.77
121168	42566.8	4515.75
121168	42563.7	4520.25
121168	42559.8	4524.13
121168	42555.3	4527.28
121168	42550.3	4529.6
121168	42545	4531.02
121168	42539.5	4531.5
121168	42534.1	4531.02
121168	42528.8	4529.6
121168	42523.8	4527.28
121168	42519.3	4524.13
121168	42515.4	4520.25
121168	42512.2	4515.75
121168	42509.9	4510.77
121168	42508.5	4505.47
121168	42508	4500
121168	42508.5	4494.53
121168	42509.9	4489.23
121168	42512.2	4484.25
121168	42515.4	4479.75
121168	42519.3	4475.87
121168	42523.8	4472.72
121168	42528.8	4470.4
121168	42534.1	4468.98
120968	42764.5	5230
120968	42764.5	0
120968	40162.2	4290
120968	39742.2	4290
120968	39742.2	4550
120968	40162.2	4550
120968	42736.4	4475.38
120968	42732	4475
120968	42727.7	4475.38
120968	42723.5	4476.51
120968	42719.5	4478.35
120968	42716	4480.85
120968	42712.9	4483.93
120968	42710.4	4487.5
120968	42708.5	4491.45
120968	42707.4	4495.66
120968	42707	4500
120968	42707.4	4504.34
120968	42708.5	4508.55
120968	42710.4	4512.5
120968	42712.9	4516.07
120968	42716	4519.15
120968	42719.5	4521.65
120968	42723.5	4523.49
120968	42727.7	4524.62
120968	42732	4525
120968	42736.4	4524.62
120968	42740.6	4523.49
120968	42744.5	4521.65
120968	42748.1	4519.15
120968	42751.2	4516.07
120968	42753.7	4512.5
120968	42755.5	4508.55
120968	42756.6	4504.34
120968	42757	4500
120968	42756.6	4495.66
120968	42755.5	4491.45
120968	42753.7	4487.5
120968	42751.2	4483.93
120968	42748.1	4480.85
120968	42744.5	4478.35
120968	42740.6	4476.51
120968	42651.2	4468.98
120968	42645.8	4468.5
120968	42640.3	4468.98
120968	42635	4470.4
120968	42630	4472.72
120968	42625.5	4475.87
120968	42621.6	4479.75
120968	42618.5	4484.25
120968	42616.2	4489.23
120968	42614.8	4494.53
120968	42614.3	4500
120968	42614.8	4505.47
120968	42616.2	4510.77
120968	42618.5	4515.75
120968	42621.6	4520.25
120968	42625.5	4524.13
120968	42630	4527.28
120968	42635	4529.6
120968	42640.3	4531.02
120968	42645.8	4531.5
120968	42651.2	4531.02
120968	42656.6	4529.6
120968	42661.5	4527.28
120968	42666	4524.13
120968	42669.9	4520.25
120968	42673.1	4515.75
120968	42675.4	4510.77
120968	42676.8	4505.47
120968	42677.3	4500
120968	42676.8	4494.53
120968	42675.4	4489.23
120968	42673.1	4484.25
120968	42669.9	4479.75
120968	42666	4475.87
120968	42661.5	4472.72
120968	42656.6	4470.4
120968	42545	4468.98
120968	42539.5	4468.5
120968	42534.1	4468.98
120968	42528.8	4470.4
120968	42523.8	4472.72
120968	42519.3	4475.87
120968	42515.4	4479.75
120968	42512.2	4484.25
120968	42509.9	4489.23
120968	42508.5	4494.53
120968	42508	4500
120968	42508.5	4505.47
120968	42509.9	4510.77
120968	42512.2	4515.75
120968	42515.4	4520.25
120968	42519.3	4524.13
120968	42523.8	4527.28
120968	42528.8	4529.6
120968	42534.1	4531.02
120968	42539.5	4531.5
120968	42545	4531.02
120968	42550.3	4529.6
120968	42555.3	4527.28
120968	42559.8	4524.13
120968	42563.7	4520.25
120968	42566.8	4515.75
120968	42569.1	4510.77
120968	42570.5	4505.47
120968	42571	4500
120968	42570.5	4494.53
120968	42569.1	4489.23
120968	42566.8	4484.25
120968	42563.7	4479.75
120968	42559.8	4475.87
120968	42555.3	4472.72
120968	42550.3	4470.4

#	Triangle	78
0	2	1	3	2	0	120	8	123	7	8	120
4	19	5	19	18	5	18	17	5	17	16	5	16	15	5	15	14	5	14	13	5	13	12	5	12	11	5	11	10	5	10	49	5	49	48	5	48	47	5	47	46	5	46	3	5	46	7	3	7	6	3	6	2	3	46	82	7	82	8	7	9	2	6	81	82	46	81	83	82	117	8	82	80	83	81	80	84	83	116	8	117	79	84	80	79	85	84	115	8	116	10	50	49	78	85	79	78	86	85	114	8	115	45	50	10	44	50	45	44	51	50	77	86	78	77	87	86	113	8	114	43	51	44	42	51	43	42	52	51	76	87	77	76	88	87	112	8	113	41	52	42	40	52	41	40	53	52	75	88	76	75	89	88	111	8	112	39	53	40	39	54	53	74	89	75	74	90	89	110	8	111	38	54	39	38	55	54	73	90	74	73	91	90	109	8	110	37	55	38	4	20	19	36	55	37	36	56	55	72	91	73	72	92	91	108	8	109	4	21	20	35	56	36	35	57	56	71	92	72	71	93	92	107	8	108	4	22	21	34	57	35	34	58	57	70	93	71	70	94	93	106	8	107	4	23	22	33	58	34	33	59	58	69	94	70	69	95	94	105	8	106	4	24	23	32	59	33	4	25	24	31	59	32	31	60	59	68	95	69	68	96	95	104	8	105	4	26	25	30	60	31	4	27	26	29	60	30	29	61	60	67	96	68	67	97	96	103	8	104	4	28	27	28	61	29	4	61	28	4	62	61	66	97	67	66	98	97	102	8	103	4	63	62	65	98	66	65	99	98	101	8	102	4	64	63	64	99	65	64	100	99	100	8	101	4	100	64	4	8	100	4	9	8	4	2	9
5	118	4	119	118	5	122	6	121	9	6	122
1	119	0	1	121	119	121	120	119	120	197	119	197	161	119	161	160	119	160	195	119	195	194	119	194	125	119	125	124	119	124	159	119	159	158	119	158	157	119	157	156	119	156	155	119	155	154	119	154	153	119	153	152	119	152	118	119	1	122	121	123	197	120	123	198	197	196	161	197	196	162	161	123	199	198	231	162	196	231	163	162	123	200	199	230	163	231	230	164	163	123	201	200	229	164	230	229	165	164	193	125	194	193	126	125	193	127	126	123	202	201	228	165	229	228	166	165	192	127	193	192	128	127	192	129	128	123	203	202	227	166	228	227	167	166	191	129	192	191	130	129	191	131	130	123	204	203	226	167	227	226	168	167	190	131	191	190	132	131	123	205	204	225	168	226	225	169	168	189	132	190	189	133	132	123	206	205	224	169	225	224	170	169	188	133	189	188	134	133	123	207	206	223	170	224	223	171	170	187	134	188	187	135	134	151	118	152	187	136	135	150	118	151	123	208	207	222	171	223	222	172	171	186	136	187	186	137	136	149	118	150	123	209	208	221	172	222	221	173	172	185	137	186	185	138	137	148	118	149	123	210	209	220	173	221	220	174	173	184	138	185	184	139	138	147	118	148	184	140	139	146	118	147	123	211	210	219	174	220	219	175	174	183	140	184	183	141	140	145	118	146	183	142	141	144	118	145	123	212	211	218	175	219	218	176	175	182	142	183	182	143	142	143	118	144	182	118	143	123	213	212	217	176	218	217	177	176	181	118	182	123	214	213	216	177	217	216	178	177	180	118	181	123	215	214	215	178	216	215	179	178	179	118	180	123	179	215	123	118	179	1	123	122	1	118	123
0	5	3	119	5	0	123	9	122	8	9	123
2	118	1	4	118	2	121	7	120	6	7	121
125	11	124	10	11	125
124	12	159	11	12	124
159	13	158	12	13	159
158	14	157	13	14	158
157	15	156	14	15	157
156	16	155	15	16	156
155	17	154	16	17	155
154	18	153	17	18	154
153	19	152	18	19	153
152	20	151	19	20	152
151	21	150	20	21	151
150	22	149	21	22	150
149	23	148	22	23	149
148	24	147	23	24	148
147	25	146	24	25	147
146	26	145	25	26	146
145	27	144	26	27	145
144	28	143	27	28	144
143	29	142	28	29	143
142	30	141	29	30	142
141	31	140	30	31	141
140	32	139	31	32	140
139	33	138	32	33	139
138	34	137	33	34	138
137	35	136	34	35	137
136	36	135	35	36	136
135	37	134	36	37	135
134	38	133	37	38	134
133	39	132	38	39	133
132	40	131	39	40	132
131	41	130	40	41	131
130	42	129	41	42	130
129	43	128	42	43	129
128	44	127	43	44	128
127	45	126	44	45	127
126	10	125	45	10	126
161	47	160	46	47	161	197	83	196	82	83	197
160	48	195	47	48	160	196	84	231	83	84	196
195	49	194	48	49	195	231	85	230	84	85	231
194	50	193	49	50	194	230	86	229	85	86	230
193	51	192	50	51	193	229	87	228	86	87	229
192	52	191	51	52	192	228	88	227	87	88	228
191	53	190	52	53	191	227	89	226	88	89	227
190	54	189	53	54	190	226	90	225	89	90	226
189	55	188	54	55	189	225	91	224	90	91	225
188	56	187	55	56	188	224	92	223	91	92	224
187	57	186	56	57	187	223	93	222	92	93	223
186	58	185	57	58	186	222	94	221	93	94	222
185	59	184	58	59	185	221	95	220	94	95	221
184	60	183	59	60	184	220	96	219	95	96	220
183	61	182	60	61	183	219	97	218	96	97	219
182	62	181	61	62	182	218	98	217	97	98	218
181	63	180	62	63	181	217	99	216	98	99	217
180	64	179	63	64	180	216	100	215	99	100	216
179	65	178	64	65	179	215	101	214	100	101	215
178	66	177	65	66	178	214	102	213	101	102	214
177	67	176	66	67	177	213	103	212	102	103	213
176	68	175	67	68	176	212	104	211	103	104	212
175	69	174	68	69	175	211	105	210	104	105	211
174	70	173	69	70	174	210	106	209	105	106	210
173	71	172	70	71	173	209	107	208	106	107	209
172	72	171	71	72	172	208	108	207	107	108	208
171	73	170	72	73	171	207	109	206	108	109	207
170	74	169	73	74	170	206	110	205	109	110	206
169	75	168	74	75	169	205	111	204	110	111	205
168	76	167	75	76	168	204	112	203	111	112	204
167	77	166	76	77	167	203	113	202	112	113	203
166	78	165	77	78	166	202	114	201	113	114	202
165	79	164	78	79	165	201	115	200	114	115	201
164	80	163	79	80	164	200	116	199	115	116	200
163	81	162	80	81	163	199	117	198	116	117	199
162	46	161	81	46	162	198	82	197	117	82	198

#	Normal	78
-0	1	0
-1	0	0
-0	-1	-0
1	0	0
0	-0	1
0	0	-1
0	0.0872003	-0.996191
0	0.25896	-0.965888
0	0.422229	-0.906489
0	0.574004	-0.818853
0	0.706995	-0.707219
0	0.819111	-0.573635
0	0.906134	-0.42299
0	0.966086	-0.258221
0	0.996135	-0.0878382
-0	0.996135	0.0878382
-0	0.966086	0.258221
-0	0.906134	0.42299
-0	0.819111	0.573635
-0	0.706995	0.707219
-0	0.574004	0.818853
-0	0.422229	0.906489
-0	0.25896	0.965888
-0	0.0872003	0.996191
0	-0.0871225	0.996198
0	-0.25896	0.965888
0	-0.422573	0.906329
0	-0.573583	0.819148
0	-0.706995	0.707219
0	-0.819111	0.573635
0	-0.906134	0.42299
0	-0.966086	0.258221
0	-0.996213	0.0869487
0	-0.996213	-0.0869487
0	-0.966086	-0.258221
0	-0.906134	-0.42299
0	-0.819111	-0.573635
0	-0.706995	-0.707219
0	-0.573583	-0.819148
0	-0.422573	-0.906329
0	-0.25896	-0.965888
0	-0.0871225	-0.996198
0	0.087167	-0.996194
0	0.258819	-0.965926
0	0.422574	-0.906328
0	0.573725	-0.819048
0	0.707062	-0.707151
0	0.819249	-0.573438
0	0.906328	-0.422574
0	0.965892	-0.258946
0	0.996164	-0.0875045
-0	0.996164	0.0875045
-0	0.965892	0.258946
-0	0.906328	0.422574
-0	0.819249	0.573438
-0	0.707062	0.707151
-0	0.573725	0.819048
-0	0.422574	0.906328
-0	0.258819	0.965926
-0	0.087167	0.996194
0	-0.0871052	0.996199
0	-0.258819	0.965926
0	-0.422846	0.906201
0	-0.573391	0.819282
0	-0.707062	0.707151
0	-0.819249	0.573438
0	-0.906328	0.422574
0	-0.965892	0.258946
0	-0.996226	0.0867985
0	-0.996226	-0.0867985
0	-0.965892	-0.258946
0	-0.906328	-0.422574
0	-0.819249	-0.573438
0	-0.707062	-0.707151
0	-0.573391	-0.819282
0	-0.422846	-0.906201
0	-0.258819	-0.965926
0	-0.0871052	-0.996199

#	Mesh	0	End

