#	Mesh	0	Begin

#	Vertex	232
112768	34814.5	-50
112768	34814.5	4650
112768	34614.5	4650
112768	34614.5	-50
120468	34614.5	4650
120468	34614.5	-50
112868	34614.5	3950
114218	34614.5	3950
114218	34614.5	4550
112868	34614.5	4550
114703	34614.5	4426.6
114708	34614.5	4427.07
114713	34614.5	4428.5
114718	34614.5	4430.82
114723	34614.5	4433.97
114727	34614.5	4437.85
114730	34614.5	4442.35
114732	34614.5	4447.32
114734	34614.5	4452.63
114734	34614.5	4458.1
114734	34614.5	4463.57
114732	34614.5	4468.87
114730	34614.5	4473.85
114727	34614.5	4478.34
114723	34614.5	4482.23
114718	34614.5	4485.38
114713	34614.5	4487.7
114708	34614.5	4489.12
114703	34614.5	4489.6
114697	34614.5	4489.12
114692	34614.5	4487.7
114687	34614.5	4485.38
114682	34614.5	4482.23
114679	34614.5	4478.34
114675	34614.5	4473.85
114673	34614.5	4468.87
114672	34614.5	4463.57
114671	34614.5	4458.1
114672	34614.5	4452.63
114673	34614.5	4447.32
114675	34614.5	4442.35
114679	34614.5	4437.85
114682	34614.5	4433.97
114687	34614.5	4430.82
114692	34614.5	4428.5
114697	34614.5	4427.07
114942	34614.5	4425.62
114948	34614.5	4426.09
114953	34614.5	4427.52
114958	34614.5	4429.84
114962	34614.5	4432.99
114966	34614.5	4436.87
114969	34614.5	4441.37
114972	34614.5	4446.34
114973	34614.5	4451.65
114974	34614.5	4457.12
114973	34614.5	4462.59
114972	34614.5	4467.89
114969	34614.5	4472.87
114966	34614.5	4477.36
114962	34614.5	4481.25
114958	34614.5	4484.4
114953	34614.5	4486.72
114948	34614.5	4488.14
114942	34614.5	4488.62
114937	34614.5	4488.14
114931	34614.5	4486.72
114926	34614.5	4484.4
114922	34614.5	4481.25
114918	34614.5	4477.36
114915	34614.5	4472.87
114913	34614.5	4467.89
114911	34614.5	4462.59
114911	34614.5	4457.12
114911	34614.5	4451.65
114913	34614.5	4446.34
114915	34614.5	4441.37
114918	34614.5	4436.87
114922	34614.5	4432.99
114926	34614.5	4429.84
114931	34614.5	4427.52
114937	34614.5	4426.09
115210	34614.5	4440.9
115214	34614.5	4441.28
115218	34614.5	4442.41
115222	34614.5	4444.25
115226	34614.5	4446.75
115229	34614.5	4449.84
115231	34614.5	4453.4
115233	34614.5	4457.35
115234	34614.5	4461.56
115235	34614.5	4465.9
115234	34614.5	4470.25
115233	34614.5	4474.46
115231	34614.5	4478.4
115229	34614.5	4481.97
115226	34614.5	4485.06
115222	34614.5	4487.56
115218	34614.5	4489.4
115214	34614.5	4490.53
115210	34614.5	4490.9
115205	34614.5	4490.53
115201	34614.5	4489.4
115197	34614.5	4487.56
115194	34614.5	4485.06
115191	34614.5	4481.97
115188	34614.5	4478.4
115186	34614.5	4474.46
115185	34614.5	4470.25
115185	34614.5	4465.9
115185	34614.5	4461.56
115186	34614.5	4457.35
115188	34614.5	4453.4
115191	34614.5	4449.84
115194	34614.5	4446.75
115197	34614.5	4444.25
115201	34614.5	4442.41
115205	34614.5	4441.28
120468	34814.5	4650
120468	34814.5	-50
114218	34814.5	3950
112868	34814.5	3950
112868	34814.5	4550
114218	34814.5	4550
114708	34814.5	4427.07
114703	34814.5	4426.6
114697	34814.5	4427.07
114692	34814.5	4428.5
114687	34814.5	4430.82
114682	34814.5	4433.97
114679	34814.5	4437.85
114675	34814.5	4442.35
114673	34814.5	4447.32
114672	34814.5	4452.63
114671	34814.5	4458.1
114672	34814.5	4463.57
114673	34814.5	4468.87
114675	34814.5	4473.85
114679	34814.5	4478.34
114682	34814.5	4482.23
114687	34814.5	4485.38
114692	34814.5	4487.7
114697	34814.5	4489.12
114703	34814.5	4489.6
114708	34814.5	4489.12
114713	34814.5	4487.7
114718	34814.5	4485.38
114723	34814.5	4482.23
114727	34814.5	4478.34
114730	34814.5	4473.85
114732	34814.5	4468.87
114734	34814.5	4463.57
114734	34814.5	4458.1
114734	34814.5	4452.63
114732	34814.5	4447.32
114730	34814.5	4442.35
114727	34814.5	4437.85
114723	34814.5	4433.97
114718	34814.5	4430.82
114713	34814.5	4428.5
114948	34814.5	4426.09
114942	34814.5	4425.62
114937	34814.5	4426.09
114931	34814.5	4427.52
114926	34814.5	4429.84
114922	34814.5	4432.99
114918	34814.5	4436.87
114915	34814.5	4441.37
114913	34814.5	4446.34
114911	34814.5	4451.65
114911	34814.5	4457.12
114911	34814.5	4462.59
114913	34814.5	4467.89
114915	34814.5	4472.87
114918	34814.5	4477.36
114922	34814.5	4481.25
114926	34814.5	4484.4
114931	34814.5	4486.72
114937	34814.5	4488.14
114942	34814.5	4488.62
114948	34814.5	4488.14
114953	34814.5	4486.72
114958	34814.5	4484.4
114962	34814.5	4481.25
114966	34814.5	4477.36
114969	34814.5	4472.87
114972	34814.5	4467.89
114973	34814.5	4462.59
114974	34814.5	4457.12
114973	34814.5	4451.65
114972	34814.5	4446.34
114969	34814.5	4441.37
114966	34814.5	4436.87
114962	34814.5	4432.99
114958	34814.5	4429.84
114953	34814.5	4427.52
115214	34814.5	4441.28
115210	34814.5	4440.9
115205	34814.5	4441.28
115201	34814.5	4442.41
115197	34814.5	4444.25
115194	34814.5	4446.75
115191	34814.5	4449.84
115188	34814.5	4453.4
115186	34814.5	4457.35
115185	34814.5	4461.56
115185	34814.5	4465.9
115185	34814.5	4470.25
115186	34814.5	4474.46
115188	34814.5	4478.4
115191	34814.5	4481.97
115194	34814.5	4485.06
115197	34814.5	4487.56
115201	34814.5	4489.4
115205	34814.5	4490.53
115210	34814.5	4490.9
115214	34814.5	4490.53
115218	34814.5	4489.4
115222	34814.5	4487.56
115226	34814.5	4485.06
115229	34814.5	4481.97
115231	34814.5	4478.4
115233	34814.5	4474.46
115234	34814.5	4470.25
115235	34814.5	4465.9
115234	34814.5	4461.56
115233	34814.5	4457.35
115231	34814.5	4453.4
115229	34814.5	4449.84
115226	34814.5	4446.75
115222	34814.5	4444.25
115218	34814.5	4442.41

#	Triangle	104
0	2	1	3	2	0	120	8	123	7	8	120
4	3	5	4	7	3	7	6	3	6	2	3	4	46	7	46	81	7	81	10	7	10	45	7	45	8	7	9	2	6	4	47	46	4	48	47	80	10	81	80	11	10	80	12	11	44	8	45	4	49	48	79	12	80	79	13	12	43	8	44	4	82	49	82	50	49	78	13	79	78	14	13	42	8	43	82	51	50	77	14	78	77	15	14	41	8	42	82	52	51	76	15	77	76	16	15	40	8	41	4	83	82	117	52	82	4	84	83	116	52	117	116	53	52	75	16	76	75	17	16	39	8	40	4	85	84	115	53	116	4	86	85	114	53	115	114	54	53	74	17	75	4	87	86	113	54	114	74	18	17	38	8	39	4	88	87	112	54	113	112	55	54	73	18	74	73	19	18	37	8	38	4	89	88	111	55	112	111	56	55	72	19	73	4	90	89	110	56	111	72	20	19	36	8	37	4	91	90	109	56	110	109	57	56	71	20	72	71	21	20	35	8	36	4	92	91	108	57	109	108	58	57	70	21	71	70	22	21	34	8	35	4	93	92	107	58	108	107	59	58	69	22	70	69	23	22	33	8	34	4	94	93	106	59	107	106	60	59	68	23	69	68	24	23	32	8	33	4	95	94	105	60	106	105	61	60	67	24	68	4	96	95	104	61	105	67	25	24	31	8	32	104	62	61	66	25	67	4	97	96	103	62	104	66	26	25	30	8	31	103	63	62	65	26	66	4	98	97	102	63	103	65	27	26	29	8	30	102	64	63	64	27	65	102	27	64	102	28	27	28	8	29	4	99	98	101	28	102	101	8	28	4	100	99	100	8	101	4	8	100	4	9	8	4	2	9
5	118	4	119	118	5	122	6	121	9	6	122
1	121	0	121	119	0	121	120	119	120	118	119	1	122	121	123	126	120	126	125	120	125	162	120	162	161	120	161	118	120	160	118	161	125	163	162	195	118	160	124	163	125	123	127	126	159	163	124	159	164	163	194	118	195	123	128	127	158	164	159	158	165	164	193	197	194	197	118	194	123	129	128	157	165	158	157	166	165	192	197	193	123	130	129	156	166	157	156	167	166	191	197	192	123	131	130	155	167	156	191	198	197	196	118	197	191	199	198	231	118	196	155	168	167	190	199	191	123	132	131	154	168	155	190	200	199	230	118	231	190	201	200	229	118	230	154	169	168	189	201	190	189	202	201	228	118	229	123	133	132	153	169	154	189	203	202	227	118	228	153	170	169	188	203	189	123	134	133	152	170	153	188	204	203	226	118	227	152	171	170	187	204	188	187	205	204	225	118	226	123	135	134	151	171	152	187	206	205	224	118	225	151	172	171	186	206	187	123	136	135	150	172	151	186	207	206	223	118	224	150	173	172	185	207	186	123	137	136	149	173	150	185	208	207	222	118	223	149	174	173	184	208	185	123	138	137	148	174	149	184	209	208	221	118	222	148	175	174	183	209	184	123	139	138	147	175	148	183	210	209	220	118	221	147	176	175	182	210	183	182	211	210	219	118	220	123	140	139	146	176	147	146	177	176	181	211	182	181	212	211	218	118	219	123	141	140	145	177	146	145	178	177	180	212	181	180	213	212	217	118	218	123	142	141	144	178	145	144	179	178	179	213	180	144	213	179	123	143	142	143	213	144	143	214	213	216	118	217	123	214	143	123	215	214	215	118	216	123	118	215	1	123	122	1	118	123
0	5	3	119	5	0	123	9	122	8	9	123
2	118	1	4	118	2	121	7	120	6	7	121
125	11	124	10	11	125
124	12	159	11	12	124
159	13	158	12	13	159
158	14	157	13	14	158	194	50	193	49	50	194
157	15	156	14	15	157
156	16	155	15	16	156
155	17	154	16	17	155
154	18	153	17	18	154	190	54	189	53	54	190
153	19	152	18	19	153
152	20	151	19	20	152
151	21	150	20	21	151	187	57	186	56	57	187
150	22	149	21	22	150
149	23	148	22	23	149
148	24	147	23	24	148
147	25	146	24	25	147	183	61	182	60	61	183
146	26	145	25	26	146
145	27	144	26	27	145
144	28	143	27	28	144
143	29	142	28	29	143
142	30	141	29	30	142	178	66	177	65	66	178	214	102	213	101	102	214
141	31	140	30	31	141
140	32	139	31	32	140
139	33	138	32	33	139
138	34	137	33	34	138
137	35	136	34	35	137
136	36	135	35	36	136	172	72	171	71	72	172
135	37	134	36	37	135
134	38	133	37	38	134
133	39	132	38	39	133	169	75	168	74	75	169
132	40	131	39	40	132
131	41	130	40	41	131
130	42	129	41	42	130
129	43	128	42	43	129
128	44	127	43	44	128
127	45	126	44	45	127	199	117	198	116	117	199
126	10	125	45	10	126	162	46	161	81	46	162
161	47	160	46	47	161
160	48	195	47	48	160
195	49	194	48	49	195
193	51	192	50	51	193
192	52	191	51	52	192
191	53	190	52	53	191
189	55	188	54	55	189
188	56	187	55	56	188
186	58	185	57	58	186
185	59	184	58	59	185
184	60	183	59	60	184
182	62	181	61	62	182
181	63	180	62	63	181
180	64	179	63	64	180
179	65	178	64	65	179
177	67	176	66	67	177
176	68	175	67	68	176
175	69	174	68	69	175
174	70	173	69	70	174
173	71	172	70	71	173
171	73	170	72	73	171
170	74	169	73	74	170
168	76	167	75	76	168
167	77	166	76	77	167
166	78	165	77	78	166
165	79	164	78	79	165
164	80	163	79	80	164
163	81	162	80	81	163
197	83	196	82	83	197
196	84	231	83	84	196
231	85	230	84	85	231
230	86	229	85	86	230
229	87	228	86	87	229
228	88	227	87	88	228
227	89	226	88	89	227
226	90	225	89	90	226
225	91	224	90	91	225
224	92	223	91	92	224
223	93	222	92	93	223
222	94	221	93	94	222
221	95	220	94	95	221
220	96	219	95	96	220
219	97	218	96	97	219
218	98	217	97	98	218
217	99	216	98	99	217
216	100	215	99	100	216
215	101	214	100	101	215
213	103	212	102	103	213
212	104	211	103	104	212
211	105	210	104	105	211
210	106	209	105	106	210
209	107	208	106	107	209
208	108	207	107	108	208
207	109	206	108	109	207
206	110	205	109	110	206
205	111	204	110	111	205
204	112	203	111	112	204
203	113	202	112	113	203
202	114	201	113	114	202
201	115	200	114	115	201
200	116	199	115	116	200
198	82	197	117	82	198

#	Normal	104
1	0	0
0	1	-0
-1	0	0
0	-1	0
0	0	1
0	0	-1
0.087167	0	-0.996194
0.258736	0	-0.965948
0.422647	0	-0.906294
0.573391	0	-0.819282
0.707062	0	-0.707151
0.819249	0	-0.573438
0.906313	0	-0.422608
0.965892	0	-0.258946
0.996227	0	-0.0867908
0.996226	0	0.0867985
0.965892	0	0.258946
0.906328	0	0.422574
0.819219	0	0.57348
0.707107	0	0.707107
0.573391	0	0.819282
0.422574	0	0.906328
0.258736	0	0.965948
0.0872552	0	0.996186
-0.0872552	0	0.996186
-0.258736	0	0.965948
-0.422574	0	0.906328
-0.573391	0	0.819282
-0.707107	0	0.707107
-0.819219	0	0.57348
-0.906328	0	0.422574
-0.965892	0	0.258946
-0.996226	0	0.0867985
-0.996227	-0	-0.0867908
-0.965892	-0	-0.258946
-0.906313	-0	-0.422608
-0.819249	-0	-0.573438
-0.707062	-0	-0.707151
-0.573391	-0	-0.819282
-0.422647	-0	-0.906294
-0.258736	-0	-0.965948
-0.087167	-0	-0.996194
0.0870435	0	-0.996205
0.259175	0	-0.96583
0.422574	0	-0.906328
0.707107	0	-0.707107
0.819219	0	-0.57348
0.906328	0	-0.422574
0.996226	0	-0.0867985
0.996227	0	0.0867908
0.906313	0	0.422608
0.819249	0	0.573438
0.707062	0	0.707151
0.422647	0	0.906294
0.259092	0	0.965853
0.0870435	0	0.996205
-0.087167	0	0.996194
-0.422647	0	0.906294
-0.57406	0	0.818814
-0.707062	0	0.707151
-0.819249	0	0.573438
-0.906313	0	0.422608
-0.996103	0	0.0882026
-0.996102	-0	-0.0882104
-0.906328	-0	-0.422574
-0.819219	-0	-0.57348
-0.707107	-0	-0.707107
-0.57406	-0	-0.818814
-0.422574	-0	-0.906328
-0.258819	-0	-0.965926
0.0871225	0	-0.996198
0.259185	0	-0.965828
0.422321	0	-0.906446
0.573507	0	-0.8192
0.707499	0	-0.706714
0.819074	0	-0.573688
0.906134	0	-0.42299
0.966093	0	-0.258193
0.996134	0	-0.087848
0.996135	0	0.0878382
0.966093	0	0.258193
0.906114	0	0.423033
0.819111	0	0.573635
0.707499	0	0.706714
0.573507	0	0.8192
0.422321	0	0.906446
0.259185	0	0.965828
0.0870114	0	0.996207
-0.0870114	0	0.996207
-0.423008	0	0.906126
-0.573507	0	0.8192
-0.707499	0	0.706714
-0.819111	0	0.573635
-0.906114	0	0.423033
-0.966093	0	0.258193
-0.996135	0	0.0878382
-0.996134	-0	-0.087848
-0.966093	-0	-0.258193
-0.906134	-0	-0.42299
-0.819074	-0	-0.573688
-0.707499	-0	-0.706714
-0.573507	-0	-0.8192
-0.423008	-0	-0.906126
-0.0871225	-0	-0.996198

#	Mesh	0	End

