#	Mesh	0	Begin

#	Vertex	232
112768	26414.5	-50
112768	26414.5	4650
112768	26214.5	4650
112768	26214.5	-50
120468	26214.5	4650
120468	26214.5	-50
112868	26214.5	3950
114218	26214.5	3950
114218	26214.5	4550
112868	26214.5	4550
114703	26214.5	4395.4
114709	26214.5	4395.97
114716	26214.5	4397.66
114721	26214.5	4400.42
114727	26214.5	4404.17
114731	26214.5	4408.79
114735	26214.5	4414.15
114738	26214.5	4420.07
114740	26214.5	4426.38
114740	26214.5	4432.9
114740	26214.5	4439.41
114738	26214.5	4445.72
114735	26214.5	4451.65
114731	26214.5	4457
114727	26214.5	4461.62
114721	26214.5	4465.37
114716	26214.5	4468.13
114709	26214.5	4469.83
114703	26214.5	4470.4
114696	26214.5	4469.83
114690	26214.5	4468.13
114684	26214.5	4465.37
114679	26214.5	4461.62
114674	26214.5	4457
114670	26214.5	4451.65
114667	26214.5	4445.72
114666	26214.5	4439.41
114665	26214.5	4432.9
114666	26214.5	4426.38
114667	26214.5	4420.07
114670	26214.5	4414.15
114674	26214.5	4408.79
114679	26214.5	4404.17
114684	26214.5	4400.42
114690	26214.5	4397.66
114696	26214.5	4395.97
114942	26214.5	4394.42
114949	26214.5	4394.99
114955	26214.5	4396.68
114961	26214.5	4399.44
114966	26214.5	4403.19
114971	26214.5	4407.81
114975	26214.5	4413.17
114977	26214.5	4419.09
114979	26214.5	4425.4
114980	26214.5	4431.92
114979	26214.5	4438.43
114977	26214.5	4444.74
114975	26214.5	4450.67
114971	26214.5	4456.02
114966	26214.5	4460.64
114961	26214.5	4464.39
114955	26214.5	4467.15
114949	26214.5	4468.85
114942	26214.5	4469.42
114936	26214.5	4468.85
114929	26214.5	4467.15
114923	26214.5	4464.39
114918	26214.5	4460.64
114913	26214.5	4456.02
114910	26214.5	4450.67
114907	26214.5	4444.74
114905	26214.5	4438.43
114905	26214.5	4431.92
114905	26214.5	4425.4
114907	26214.5	4419.09
114910	26214.5	4413.17
114913	26214.5	4407.81
114918	26214.5	4403.19
114923	26214.5	4399.44
114929	26214.5	4396.68
114936	26214.5	4394.99
115210	26214.5	4415.71
115214	26214.5	4416.08
115218	26214.5	4417.21
115222	26214.5	4419.05
115226	26214.5	4421.55
115229	26214.5	4424.64
115231	26214.5	4428.21
115233	26214.5	4432.15
115234	26214.5	4436.36
115235	26214.5	4440.71
115234	26214.5	4445.05
115233	26214.5	4449.26
115231	26214.5	4453.21
115229	26214.5	4456.77
115226	26214.5	4459.86
115222	26214.5	4462.36
115218	26214.5	4464.2
115214	26214.5	4465.33
115210	26214.5	4465.71
115205	26214.5	4465.33
115201	26214.5	4464.2
115197	26214.5	4462.36
115194	26214.5	4459.86
115191	26214.5	4456.77
115188	26214.5	4453.21
115186	26214.5	4449.26
115185	26214.5	4445.05
115185	26214.5	4440.71
115185	26214.5	4436.36
115186	26214.5	4432.15
115188	26214.5	4428.21
115191	26214.5	4424.64
115194	26214.5	4421.55
115197	26214.5	4419.05
115201	26214.5	4417.21
115205	26214.5	4416.08
120468	26414.5	4650
120468	26414.5	-50
114218	26414.5	3950
112868	26414.5	3950
112868	26414.5	4550
114218	26414.5	4550
114709	26414.5	4395.97
114703	26414.5	4395.4
114696	26414.5	4395.97
114690	26414.5	4397.66
114684	26414.5	4400.42
114679	26414.5	4404.17
114674	26414.5	4408.79
114670	26414.5	4414.15
114667	26414.5	4420.07
114666	26414.5	4426.38
114665	26414.5	4432.9
114666	26414.5	4439.41
114667	26414.5	4445.72
114670	26414.5	4451.65
114674	26414.5	4457
114679	26414.5	4461.62
114684	26414.5	4465.37
114690	26414.5	4468.13
114696	26414.5	4469.83
114703	26414.5	4470.4
114709	26414.5	4469.83
114716	26414.5	4468.13
114721	26414.5	4465.37
114727	26414.5	4461.62
114731	26414.5	4457
114735	26414.5	4451.65
114738	26414.5	4445.72
114740	26414.5	4439.41
114740	26414.5	4432.9
114740	26414.5	4426.38
114738	26414.5	4420.07
114735	26414.5	4414.15
114731	26414.5	4408.79
114727	26414.5	4404.17
114721	26414.5	4400.42
114716	26414.5	4397.66
114949	26414.5	4394.99
114942	26414.5	4394.42
114936	26414.5	4394.99
114929	26414.5	4396.68
114923	26414.5	4399.44
114918	26414.5	4403.19
114913	26414.5	4407.81
114910	26414.5	4413.17
114907	26414.5	4419.09
114905	26414.5	4425.4
114905	26414.5	4431.92
114905	26414.5	4438.43
114907	26414.5	4444.74
114910	26414.5	4450.67
114913	26414.5	4456.02
114918	26414.5	4460.64
114923	26414.5	4464.39
114929	26414.5	4467.15
114936	26414.5	4468.85
114942	26414.5	4469.42
114949	26414.5	4468.85
114955	26414.5	4467.15
114961	26414.5	4464.39
114966	26414.5	4460.64
114971	26414.5	4456.02
114975	26414.5	4450.67
114977	26414.5	4444.74
114979	26414.5	4438.43
114980	26414.5	4431.92
114979	26414.5	4425.4
114977	26414.5	4419.09
114975	26414.5	4413.17
114971	26414.5	4407.81
114966	26414.5	4403.19
114961	26414.5	4399.44
114955	26414.5	4396.68
115214	26414.5	4416.08
115210	26414.5	4415.71
115205	26414.5	4416.08
115201	26414.5	4417.21
115197	26414.5	4419.05
115194	26414.5	4421.55
115191	26414.5	4424.64
115188	26414.5	4428.21
115186	26414.5	4432.15
115185	26414.5	4436.36
115185	26414.5	4440.71
115185	26414.5	4445.05
115186	26414.5	4449.26
115188	26414.5	4453.21
115191	26414.5	4456.77
115194	26414.5	4459.86
115197	26414.5	4462.36
115201	26414.5	4464.2
115205	26414.5	4465.33
115210	26414.5	4465.71
115214	26414.5	4465.33
115218	26414.5	4464.2
115222	26414.5	4462.36
115226	26414.5	4459.86
115229	26414.5	4456.77
115231	26414.5	4453.21
115233	26414.5	4449.26
115234	26414.5	4445.05
115235	26414.5	4440.71
115234	26414.5	4436.36
115233	26414.5	4432.15
115231	26414.5	4428.21
115229	26414.5	4424.64
115226	26414.5	4421.55
115222	26414.5	4419.05
115218	26414.5	4417.21

#	Triangle	98
0	2	1	3	2	0	120	8	123	7	8	120
4	3	5	4	7	3	7	6	3	6	2	3	4	46	7	46	81	7	81	10	7	10	45	7	45	44	7	44	8	7	9	2	6	4	47	46	4	48	47	80	10	81	80	11	10	80	12	11	4	49	48	79	12	80	79	13	12	43	8	44	4	50	49	78	13	79	78	14	13	42	8	43	4	82	50	82	51	50	77	14	78	77	15	14	41	8	42	82	52	51	76	15	77	76	16	15	40	8	41	82	53	52	75	16	76	75	17	16	39	8	40	4	83	82	117	53	82	4	84	83	116	53	117	4	85	84	115	53	116	4	86	85	114	53	115	114	54	53	74	17	75	74	18	17	38	8	39	4	87	86	113	54	114	4	88	87	112	54	113	112	55	54	73	18	74	73	19	18	37	8	38	4	89	88	111	55	112	111	56	55	72	19	73	4	90	89	110	56	111	72	20	19	36	8	37	4	91	90	109	56	110	109	57	56	71	20	72	71	21	20	35	8	36	4	92	91	108	57	109	108	58	57	70	21	71	4	93	92	107	58	108	70	22	21	34	8	35	4	94	93	106	58	107	106	59	58	69	22	70	69	23	22	33	8	34	4	95	94	105	59	106	105	60	59	68	23	69	4	96	95	104	60	105	68	24	23	32	8	33	4	97	96	103	60	104	103	61	60	67	24	68	67	25	24	31	8	32	4	98	97	102	61	103	4	99	98	101	61	102	101	62	61	66	25	67	4	100	99	100	62	101	66	26	25	30	8	31	4	62	100	4	63	62	65	26	66	65	27	26	29	8	30	4	64	63	64	27	65	4	27	64	4	28	27	28	8	29	4	8	28	4	9	8	4	2	9
5	118	4	119	118	5	122	6	121	9	6	122
1	121	0	121	119	0	121	120	119	120	118	119	1	122	121	123	127	120	127	126	120	126	125	120	125	162	120	162	161	120	161	118	120	160	118	161	125	163	162	195	118	160	124	163	125	159	163	124	159	164	163	194	118	195	123	128	127	158	164	159	158	165	164	193	118	194	123	129	128	157	165	158	157	166	165	192	197	193	197	118	193	123	130	129	156	166	157	156	167	166	191	197	192	123	131	130	155	167	156	155	168	167	190	197	191	123	132	131	154	168	155	190	198	197	196	118	197	190	199	198	231	118	196	190	200	199	230	118	231	190	201	200	229	118	230	154	169	168	189	201	190	123	133	132	153	169	154	189	202	201	228	118	229	189	203	202	227	118	228	153	170	169	188	203	189	123	134	133	152	170	153	188	204	203	226	118	227	152	171	170	187	204	188	187	205	204	225	118	226	123	135	134	151	171	152	187	206	205	224	118	225	151	172	171	186	206	187	123	136	135	150	172	151	186	207	206	223	118	224	150	173	172	185	207	186	185	208	207	222	118	223	123	137	136	149	173	150	185	209	208	221	118	222	149	174	173	184	209	185	123	138	137	148	174	149	184	210	209	220	118	221	148	175	174	183	210	184	183	211	210	219	118	220	123	139	138	147	175	148	183	212	211	218	118	219	147	176	175	182	212	183	123	140	139	146	176	147	182	213	212	217	118	218	182	214	213	216	118	217	146	177	176	181	214	182	181	215	214	215	118	216	123	141	140	145	177	146	181	118	215	145	178	177	180	118	181	123	142	141	144	178	145	144	179	178	179	118	180	144	118	179	123	143	142	143	118	144	123	118	143	1	123	122	1	118	123
0	5	3	119	5	0	123	9	122	8	9	123
2	118	1	4	118	2	121	7	120	6	7	121
125	11	124	10	11	125	197	83	196	82	83	197
124	12	159	11	12	124	160	48	195	47	48	160
159	13	158	12	13	159
158	14	157	13	14	158
157	15	156	14	15	157
156	16	155	15	16	156	192	52	191	51	52	192
155	17	154	16	17	155	191	53	190	52	53	191
154	18	153	17	18	154
153	19	152	18	19	153
152	20	151	19	20	152	188	56	187	55	56	188
151	21	150	20	21	151	187	57	186	56	57	187
150	22	149	21	22	150	186	58	185	57	58	186
149	23	148	22	23	149	185	59	184	58	59	185
148	24	147	23	24	148
147	25	146	24	25	147
146	26	145	25	26	146
145	27	144	26	27	145	181	63	180	62	63	181
144	28	143	27	28	144	180	64	179	63	64	180	216	100	215	99	100	216
143	29	142	28	29	143	179	65	178	64	65	179
142	30	141	29	30	142
141	31	140	30	31	141
140	32	139	31	32	140
139	33	138	32	33	139	175	69	174	68	69	175
138	34	137	33	34	138	174	70	173	69	70	174
137	35	136	34	35	137
136	36	135	35	36	136
135	37	134	36	37	135	171	73	170	72	73	171
134	38	133	37	38	134
133	39	132	38	39	133
132	40	131	39	40	132
131	41	130	40	41	131	167	77	166	76	77	167
130	42	129	41	42	130
129	43	128	42	43	129
128	44	127	43	44	128
127	45	126	44	45	127
126	10	125	45	10	126
161	47	160	46	47	161
195	49	194	48	49	195
194	50	193	49	50	194
193	51	192	50	51	193
190	54	189	53	54	190
189	55	188	54	55	189
184	60	183	59	60	184
183	61	182	60	61	183
182	62	181	61	62	182
178	66	177	65	66	178
177	67	176	66	67	177
176	68	175	67	68	176
173	71	172	70	71	173
172	72	171	71	72	172
170	74	169	73	74	170
169	75	168	74	75	169
168	76	167	75	76	168
166	78	165	77	78	166
165	79	164	78	79	165
164	80	163	79	80	164
163	81	162	80	81	163
162	46	161	81	46	162
196	84	231	83	84	196
231	85	230	84	85	231
230	86	229	85	86	230
229	87	228	86	87	229
228	88	227	87	88	228
227	89	226	88	89	227
226	90	225	89	90	226
225	91	224	90	91	225
224	92	223	91	92	224
223	93	222	92	93	223
222	94	221	93	94	222
221	95	220	94	95	221
220	96	219	95	96	220
219	97	218	96	97	219
218	98	217	97	98	218
217	99	216	98	99	217
215	101	214	100	101	215
214	102	213	101	102	214
213	103	212	102	103	213
212	104	211	103	104	212
211	105	210	104	105	211
210	106	209	105	106	210
209	107	208	106	107	209
208	108	207	107	108	208
207	109	206	108	109	207
206	110	205	109	110	206
205	111	204	110	111	205
204	112	203	111	112	204
203	113	202	112	113	203
202	114	201	113	114	202
201	115	200	114	115	201
200	116	199	115	116	200
199	117	198	116	117	199
198	82	197	117	82	198

#	Normal	98
1	0	0
0	1	-0
-1	0	0
0	-1	0
0	0	1
0	0	-1
0.0871225	0	-0.996198
0.258885	0	-0.965908
0.422718	0	-0.906261
0.573813	0	-0.818986
0.706883	0	-0.707331
0.819099	0	-0.573653
0.906128	0	-0.423004
0.966091	0	-0.258202
0.996187	0	-0.0872485
0.996187	0	0.0872485
0.966091	0	0.258202
0.906128	0	0.423004
0.819099	0	0.573653
0.706883	0	0.707331
0.573813	0	0.818986
0.422718	0	0.906261
0.258885	0	0.965908
0.0871225	0	0.996198
-0.0872263	0	0.996189
-0.258587	0	0.965988
-0.422718	0	0.906261
-0.573813	0	0.818986
-0.706883	0	0.707331
-0.819099	0	0.573653
-0.906128	0	0.423004
-0.966091	0	0.258202
-0.996187	0	0.0872485
-0.996187	-0	-0.0872485
-0.966091	-0	-0.258202
-0.906128	-0	-0.423004
-0.819099	-0	-0.573653
-0.706883	-0	-0.707331
-0.573813	-0	-0.818986
-0.422718	-0	-0.906261
-0.258587	-0	-0.965988
-0.0872263	-0	-0.996189
0.0870484	0	-0.996204
0.422779	0	-0.906233
0.573202	0	-0.819414
0.707518	0	-0.706696
0.966086	0	-0.258221
0.996187	0	-0.087242
0.70748	0	0.706733
0.573202	0	0.819414
0.422779	0	0.906233
-0.258885	0	0.965908
-0.422321	0	0.906446
-0.573763	0	0.819021
-0.906586	0	0.422022
-0.965792	0	0.259317
-0.996187	-0	-0.087242
-0.965787	-0	-0.259336
-0.906586	-0	-0.422022
-0.70692	-0	-0.707293
-0.573763	-0	-0.819021
-0.422321	-0	-0.906446
-0.258885	-0	-0.965908
-0.0871521	-0	-0.996195
0.259185	0	-0.965828
0.422229	0	-0.906489
0.573507	0	-0.8192
0.707499	0	-0.706714
0.819111	0	-0.573635
0.906114	0	-0.423033
0.966093	0	-0.258193
0.996135	0	-0.0878382
0.996135	0	0.0878382
0.966086	0	0.258221
0.906134	0	0.42299
0.819111	0	0.573635
0.707443	0	0.70677
0.573507	0	0.8192
0.422321	0	0.906446
0.259185	0	0.965828
-0.0871225	0	0.996198
-0.258736	0	0.965948
-0.423008	0	0.906126
-0.573507	0	0.8192
-0.707443	0	0.70677
-0.819111	0	0.573635
-0.906134	0	0.42299
-0.966086	0	0.258221
-0.996135	0	0.0878382
-0.996135	-0	-0.0878382
-0.966093	-0	-0.258193
-0.906114	-0	-0.423033
-0.819111	-0	-0.573635
-0.707499	-0	-0.706714
-0.573507	-0	-0.8192
-0.422916	-0	-0.906169
-0.258736	-0	-0.965948
-0.0871225	-0	-0.996198

#	Mesh	0	End

