#	Mesh	0	Begin

#	Vertex	480
103668	13664.5	-50
103668	13664.5	5230
103668	13464.5	5230
103668	13464.5	-50
124968	13464.5	5230
124968	13464.5	-50
119051	13464.5	3850
119351	13464.5	3850
119604	13464.5	3850
119904	13464.5	3850
119904	13464.5	4050
119604	13464.5	4050
119351	13464.5	4050
119051	13464.5	4050
121018	13496.5	2700
121018	13464.5	2700
120818	13496.5	2700
120818	13464.5	2700
120818	13496.5	9.79981e-010
120818	13464.5	9.79981e-010
121018	13496.5	9.79981e-010
121018	13464.5	9.79981e-010
110718	13464.5	4050
111618	13464.5	4050
111618	13464.5	4550
110718	13464.5	4550
112868	13464.5	3950
114218	13464.5	3950
114218	13464.5	4550
112868	13464.5	4550
109169	13464.5	3963.59
109181	13464.5	3964.66
109193	13464.5	3967.82
109204	13464.5	3972.97
109214	13464.5	3979.97
109223	13464.5	3988.6
109230	13464.5	3998.59
109235	13464.5	4009.65
109238	13464.5	4021.44
109239	13464.5	4033.59
109238	13464.5	4045.75
109235	13464.5	4057.54
109230	13464.5	4068.59
109223	13464.5	4078.59
109214	13464.5	4087.22
109204	13464.5	4094.22
109193	13464.5	4099.37
109181	13464.5	4102.53
109169	13464.5	4103.59
109157	13464.5	4102.53
109145	13464.5	4099.37
109134	13464.5	4094.22
109124	13464.5	4087.22
109116	13464.5	4078.59
109109	13464.5	4068.59
109103	13464.5	4057.54
109100	13464.5	4045.75
109099	13464.5	4033.59
109100	13464.5	4021.44
109103	13464.5	4009.65
109109	13464.5	3998.59
109116	13464.5	3988.6
109124	13464.5	3979.97
109134	13464.5	3972.97
109145	13464.5	3967.82
109157	13464.5	3964.66
114703	13464.5	4370.91
114709	13464.5	4371.48
114716	13464.5	4373.17
114721	13464.5	4375.93
114727	13464.5	4379.68
114731	13464.5	4384.3
114735	13464.5	4389.66
114738	13464.5	4395.58
114740	13464.5	4401.89
114740	13464.5	4408.41
114740	13464.5	4414.92
114738	13464.5	4421.23
114735	13464.5	4427.16
114731	13464.5	4432.51
114727	13464.5	4437.13
114721	13464.5	4440.88
114716	13464.5	4443.64
114709	13464.5	4445.34
114703	13464.5	4445.91
114696	13464.5	4445.34
114690	13464.5	4443.64
114684	13464.5	4440.88
114679	13464.5	4437.13
114674	13464.5	4432.51
114670	13464.5	4427.16
114667	13464.5	4421.23
114666	13464.5	4414.92
114665	13464.5	4408.41
114666	13464.5	4401.89
114667	13464.5	4395.58
114670	13464.5	4389.66
114674	13464.5	4384.3
114679	13464.5	4379.68
114684	13464.5	4375.93
114690	13464.5	4373.17
114696	13464.5	4371.48
109419	13464.5	3966.04
109431	13464.5	3967.11
109443	13464.5	3970.26
109454	13464.5	3975.42
109464	13464.5	3982.42
109473	13464.5	3991.05
109480	13464.5	4001.04
109485	13464.5	4012.1
109488	13464.5	4023.89
109489	13464.5	4036.04
109488	13464.5	4048.2
109485	13464.5	4059.98
109480	13464.5	4071.04
109473	13464.5	4081.04
109464	13464.5	4089.67
109454	13464.5	4096.66
109443	13464.5	4101.82
109431	13464.5	4104.98
109419	13464.5	4106.04
109407	13464.5	4104.98
109395	13464.5	4101.82
109384	13464.5	4096.66
109374	13464.5	4089.67
109366	13464.5	4081.04
109359	13464.5	4071.04
109353	13464.5	4059.98
109350	13464.5	4048.2
109349	13464.5	4036.04
109350	13464.5	4023.89
109353	13464.5	4012.1
109359	13464.5	4001.04
109366	13464.5	3991.05
109374	13464.5	3982.42
109384	13464.5	3975.42
109395	13464.5	3970.26
109407	13464.5	3967.11
114942	13464.5	4370.23
114949	13464.5	4370.8
114955	13464.5	4372.49
114961	13464.5	4375.25
114966	13464.5	4379
114971	13464.5	4383.62
114975	13464.5	4388.98
114977	13464.5	4394.9
114979	13464.5	4401.22
114980	13464.5	4407.73
114979	13464.5	4414.24
114977	13464.5	4420.55
114975	13464.5	4426.48
114971	13464.5	4431.83
114966	13464.5	4436.46
114961	13464.5	4440.2
114955	13464.5	4442.97
114949	13464.5	4444.66
114942	13464.5	4445.23
114936	13464.5	4444.66
114929	13464.5	4442.97
114923	13464.5	4440.2
114918	13464.5	4436.46
114913	13464.5	4431.83
114910	13464.5	4426.48
114907	13464.5	4420.55
114905	13464.5	4414.24
114905	13464.5	4407.73
114905	13464.5	4401.22
114907	13464.5	4394.9
114910	13464.5	4388.98
114913	13464.5	4383.62
114918	13464.5	4379
114923	13464.5	4375.25
114929	13464.5	4372.49
114936	13464.5	4370.8
115210	13464.5	4384.61
115215	13464.5	4385.09
115221	13464.5	4386.51
115226	13464.5	4388.83
115230	13464.5	4391.98
115234	13464.5	4395.87
115237	13464.5	4400.36
115239	13464.5	4405.34
115241	13464.5	4410.64
115241	13464.5	4416.11
115241	13464.5	4421.58
115239	13464.5	4426.89
115237	13464.5	4431.86
115234	13464.5	4436.36
115230	13464.5	4440.25
115226	13464.5	4443.39
115221	13464.5	4445.71
115215	13464.5	4447.14
115210	13464.5	4447.61
115204	13464.5	4447.14
115199	13464.5	4445.71
115194	13464.5	4443.39
115190	13464.5	4440.25
115186	13464.5	4436.36
115183	13464.5	4431.86
115180	13464.5	4426.89
115179	13464.5	4421.58
115178	13464.5	4416.11
115179	13464.5	4410.64
115180	13464.5	4405.34
115183	13464.5	4400.36
115186	13464.5	4395.87
115190	13464.5	4391.98
115194	13464.5	4388.83
115199	13464.5	4386.51
115204	13464.5	4385.09
109668	13464.5	4000.28
109675	13464.5	4000.85
109681	13464.5	4002.55
109687	13464.5	4005.31
109692	13464.5	4009.06
109697	13464.5	4013.68
109701	13464.5	4019.03
109704	13464.5	4024.96
109705	13464.5	4031.27
109706	13464.5	4037.78
109705	13464.5	4044.3
109704	13464.5	4050.61
109701	13464.5	4056.53
109697	13464.5	4061.89
109692	13464.5	4066.51
109687	13464.5	4070.26
109681	13464.5	4073.02
109675	13464.5	4074.71
109668	13464.5	4075.28
109662	13464.5	4074.71
109655	13464.5	4073.02
109650	13464.5	4070.26
109644	13464.5	4066.51
109640	13464.5	4061.89
109636	13464.5	4056.53
109633	13464.5	4050.61
109631	13464.5	4044.3
109631	13464.5	4037.78
109631	13464.5	4031.27
109633	13464.5	4024.96
109636	13464.5	4019.03
109640	13464.5	4013.68
109644	13464.5	4009.06
109650	13464.5	4005.31
109655	13464.5	4002.55
109662	13464.5	4000.85
124968	13664.5	5230
124968	13664.5	-50
119351	13664.5	3850
119051	13664.5	3850
119051	13664.5	4050
119351	13664.5	4050
119604	13664.5	4050
119904	13664.5	4050
119904	13664.5	3850
119604	13664.5	3850
111618	13664.5	4050
110718	13664.5	4050
110718	13664.5	4550
111618	13664.5	4550
114218	13664.5	3950
112868	13664.5	3950
112868	13664.5	4550
114218	13664.5	4550
109181	13664.5	3964.66
109169	13664.5	3963.59
109157	13664.5	3964.66
109145	13664.5	3967.82
109134	13664.5	3972.97
109124	13664.5	3979.97
109116	13664.5	3988.6
109109	13664.5	3998.59
109103	13664.5	4009.65
109100	13664.5	4021.44
109099	13664.5	4033.59
109100	13664.5	4045.75
109103	13664.5	4057.54
109109	13664.5	4068.59
109116	13664.5	4078.59
109124	13664.5	4087.22
109134	13664.5	4094.22
109145	13664.5	4099.37
109157	13664.5	4102.53
109169	13664.5	4103.59
109181	13664.5	4102.53
109193	13664.5	4099.37
109204	13664.5	4094.22
109214	13664.5	4087.22
109223	13664.5	4078.59
109230	13664.5	4068.59
109235	13664.5	4057.54
109238	13664.5	4045.75
109239	13664.5	4033.59
109238	13664.5	4021.44
109235	13664.5	4009.65
109230	13664.5	3998.59
109223	13664.5	3988.6
109214	13664.5	3979.97
109204	13664.5	3972.97
109193	13664.5	3967.82
114709	13664.5	4371.48
114703	13664.5	4370.91
114696	13664.5	4371.48
114690	13664.5	4373.17
114684	13664.5	4375.93
114679	13664.5	4379.68
114674	13664.5	4384.3
114670	13664.5	4389.66
114667	13664.5	4395.58
114666	13664.5	4401.89
114665	13664.5	4408.41
114666	13664.5	4414.92
114667	13664.5	4421.23
114670	13664.5	4427.16
114674	13664.5	4432.51
114679	13664.5	4437.13
114684	13664.5	4440.88
114690	13664.5	4443.64
114696	13664.5	4445.34
114703	13664.5	4445.91
114709	13664.5	4445.34
114716	13664.5	4443.64
114721	13664.5	4440.88
114727	13664.5	4437.13
114731	13664.5	4432.51
114735	13664.5	4427.16
114738	13664.5	4421.23
114740	13664.5	4414.92
114740	13664.5	4408.41
114740	13664.5	4401.89
114738	13664.5	4395.58
114735	13664.5	4389.66
114731	13664.5	4384.3
114727	13664.5	4379.68
114721	13664.5	4375.93
114716	13664.5	4373.17
109431	13664.5	3967.11
109419	13664.5	3966.04
109407	13664.5	3967.11
109395	13664.5	3970.26
109384	13664.5	3975.42
109374	13664.5	3982.42
109366	13664.5	3991.05
109359	13664.5	4001.04
109353	13664.5	4012.1
109350	13664.5	4023.89
109349	13664.5	4036.04
109350	13664.5	4048.2
109353	13664.5	4059.98
109359	13664.5	4071.04
109366	13664.5	4081.04
109374	13664.5	4089.67
109384	13664.5	4096.66
109395	13664.5	4101.82
109407	13664.5	4104.98
109419	13664.5	4106.04
109431	13664.5	4104.98
109443	13664.5	4101.82
109454	13664.5	4096.66
109464	13664.5	4089.67
109473	13664.5	4081.04
109480	13664.5	4071.04
109485	13664.5	4059.98
109488	13664.5	4048.2
109489	13664.5	4036.04
109488	13664.5	4023.89
109485	13664.5	4012.1
109480	13664.5	4001.04
109473	13664.5	3991.05
109464	13664.5	3982.42
109454	13664.5	3975.42
109443	13664.5	3970.26
114949	13664.5	4370.8
114942	13664.5	4370.23
114936	13664.5	4370.8
114929	13664.5	4372.49
114923	13664.5	4375.25
114918	13664.5	4379
114913	13664.5	4383.62
114910	13664.5	4388.98
114907	13664.5	4394.9
114905	13664.5	4401.22
114905	13664.5	4407.73
114905	13664.5	4414.24
114907	13664.5	4420.55
114910	13664.5	4426.48
114913	13664.5	4431.83
114918	13664.5	4436.46
114923	13664.5	4440.2
114929	13664.5	4442.97
114936	13664.5	4444.66
114942	13664.5	4445.23
114949	13664.5	4444.66
114955	13664.5	4442.97
114961	13664.5	4440.2
114966	13664.5	4436.46
114971	13664.5	4431.83
114975	13664.5	4426.48
114977	13664.5	4420.55
114979	13664.5	4414.24
114980	13664.5	4407.73
114979	13664.5	4401.22
114977	13664.5	4394.9
114975	13664.5	4388.98
114971	13664.5	4383.62
114966	13664.5	4379
114961	13664.5	4375.25
114955	13664.5	4372.49
115215	13664.5	4385.09
115210	13664.5	4384.61
115204	13664.5	4385.09
115199	13664.5	4386.51
115194	13664.5	4388.83
115190	13664.5	4391.98
115186	13664.5	4395.87
115183	13664.5	4400.36
115180	13664.5	4405.34
115179	13664.5	4410.64
115178	13664.5	4416.11
115179	13664.5	4421.58
115180	13664.5	4426.89
115183	13664.5	4431.86
115186	13664.5	4436.36
115190	13664.5	4440.25
115194	13664.5	4443.39
115199	13664.5	4445.71
115204	13664.5	4447.14
115210	13664.5	4447.61
115215	13664.5	4447.14
115221	13664.5	4445.71
115226	13664.5	4443.39
115230	13664.5	4440.25
115234	13664.5	4436.36
115237	13664.5	4431.86
115239	13664.5	4426.89
115241	13664.5	4421.58
115241	13664.5	4416.11
115241	13664.5	4410.64
115239	13664.5	4405.34
115237	13664.5	4400.36
115234	13664.5	4395.87
115230	13664.5	4391.98
115226	13664.5	4388.83
115221	13664.5	4386.51
109675	13664.5	4000.85
109668	13664.5	4000.28
109662	13664.5	4000.85
109655	13664.5	4002.55
109650	13664.5	4005.31
109644	13664.5	4009.06
109640	13664.5	4013.68
109636	13664.5	4019.03
109633	13664.5	4024.96
109631	13664.5	4031.27
109631	13664.5	4037.78
109631	13664.5	4044.3
109633	13664.5	4050.61
109636	13664.5	4056.53
109640	13664.5	4061.89
109644	13664.5	4066.51
109650	13664.5	4070.26
109655	13664.5	4073.02
109662	13664.5	4074.71
109668	13664.5	4075.28
109675	13664.5	4074.71
109681	13664.5	4073.02
109687	13664.5	4070.26
109692	13664.5	4066.51
109697	13664.5	4061.89
109701	13664.5	4056.53
109704	13664.5	4050.61
109705	13664.5	4044.3
109706	13664.5	4037.78
109705	13664.5	4031.27
109704	13664.5	4024.96
109701	13664.5	4019.03
109697	13664.5	4013.68
109692	13664.5	4009.06
109687	13664.5	4005.31
109681	13664.5	4002.55

#	Triangle	159
0	2	1	3	2	0	254	10	253	9	10	254	20	15	14	21	15	20	256	24	259	23	24	256	260	28	263	27	28	260
4	21	5	21	3	5	21	19	3	19	2	3	4	15	21	17	30	19	30	65	19	65	2	19	4	17	15	4	9	17	9	8	17	8	7	17	7	6	17	6	30	17	4	10	9	13	27	6	27	26	6	26	30	6	13	138	27	138	173	27	173	66	27	66	101	27	101	100	27	100	28	27	29	23	26	23	211	26	211	210	26	210	103	26	103	102	26	102	31	26	31	30	26	102	32	31	64	2	65	137	32	102	210	104	103	136	32	137	136	33	32	63	2	64	210	105	104	135	33	136	135	34	33	62	2	63	210	106	105	134	34	135	134	35	34	61	2	62	210	107	106	133	35	134	133	36	35	60	2	61	210	108	107	132	36	133	132	37	36	59	2	60	245	108	210	23	212	211	244	108	245	244	109	108	131	37	132	23	213	212	243	109	244	23	214	213	242	109	243	23	215	214	241	109	242	131	38	37	58	2	59	241	110	109	130	38	131	23	216	215	240	110	241	23	217	216	239	110	240	130	39	38	57	2	58	239	111	110	129	39	130	23	218	217	238	111	239	23	219	218	237	111	238	129	40	39	56	2	57	237	112	111	128	40	129	23	220	219	236	112	237	23	22	220	22	221	220	235	112	236	128	41	40	55	2	56	235	113	112	127	41	128	4	11	10	4	12	11	4	13	12	4	174	13	174	138	13	29	24	23	25	221	22	25	222	221	234	113	235	25	223	222	233	113	234	127	42	41	54	2	55	233	114	113	126	42	127	25	224	223	232	114	233	25	225	224	231	114	232	126	43	42	53	2	54	25	226	225	230	114	231	230	115	114	125	43	126	25	227	226	229	115	230	25	228	227	228	115	229	25	115	228	125	44	43	52	2	53	25	116	115	124	44	125	124	45	44	51	2	52	25	117	116	123	45	124	123	46	45	50	2	51	25	118	117	122	46	123	122	47	46	49	2	50	25	119	118	121	47	122	121	48	47	48	2	49	121	2	48	25	120	119	120	2	121	25	2	120	174	139	138	174	140	139	172	66	173	172	67	66	172	68	67	174	141	140	171	68	172	171	69	68	99	28	100	174	142	141	170	69	171	170	70	69	98	28	99	174	143	142	169	70	170	169	71	70	97	28	98	174	144	143	168	71	169	168	72	71	96	28	97	4	175	174	209	144	174	4	176	175	208	144	209	4	177	176	207	144	208	4	178	177	206	144	207	206	145	144	167	72	168	167	73	72	95	28	96	4	179	178	205	145	206	205	146	145	166	73	167	166	74	73	94	28	95	4	180	179	204	146	205	4	181	180	203	146	204	203	147	146	165	74	166	165	75	74	93	28	94	4	182	181	202	147	203	202	148	147	164	75	165	164	76	75	92	28	93	4	183	182	201	148	202	201	149	148	163	76	164	163	77	76	91	28	92	4	184	183	200	149	201	200	150	149	162	77	163	162	78	77	90	28	91	4	185	184	199	150	200	199	151	150	161	78	162	4	186	185	198	151	199	161	79	78	89	28	90	198	152	151	160	79	161	4	187	186	197	152	198	160	80	79	88	28	89	4	188	187	196	152	197	196	153	152	159	80	160	159	81	80	87	28	88	196	154	153	158	81	159	4	189	188	195	154	196	158	82	81	86	28	87	195	155	154	157	82	158	4	190	189	194	155	195	157	83	82	85	28	86	194	156	155	156	83	157	194	83	156	194	84	83	84	28	85	4	191	190	193	84	194	193	28	84	4	192	191	192	28	193	4	28	192	4	29	28	4	24	29	4	25	24	4	2	25	20	16	18	14	16	20
5	246	4	247	246	5	250	6	249	13	6	250	16	19	18	17	19	16	258	22	257	25	22	258	262	26	261	29	26	262
1	247	0	1	266	247	266	265	247	265	261	247	261	249	247	249	248	247	248	255	247	255	254	247	254	246	247	261	260	249	260	250	249	253	246	254	265	264	261	264	337	261	337	336	261	336	445	261	445	444	261	444	257	261	257	256	261	256	262	261	263	303	260	303	302	260	302	301	260	301	374	260	374	373	260	373	250	260	1	267	266	299	337	264	299	338	337	299	339	338	371	445	336	1	268	267	298	339	299	298	340	339	370	445	371	1	269	268	297	340	298	297	341	340	369	445	370	1	270	269	296	341	297	296	342	341	368	445	369	1	271	270	295	342	296	295	343	342	367	445	368	1	272	271	294	343	295	367	446	445	367	447	446	479	257	444	294	344	343	366	447	367	366	448	447	478	257	479	366	449	448	477	257	478	366	450	449	476	257	477	1	273	272	293	344	294	293	345	344	365	450	366	365	451	450	475	257	476	365	452	451	474	257	475	1	274	273	292	345	293	292	346	345	364	452	365	364	453	452	473	257	474	364	454	453	472	257	473	1	275	274	291	346	292	291	347	346	363	454	364	363	455	454	471	257	472	363	456	455	470	257	471	1	276	275	290	347	291	290	348	347	362	456	363	470	258	257	259	262	256	373	251	250	373	252	251	373	253	252	373	409	253	409	246	253	362	457	456	469	258	470	362	458	457	468	258	469	1	277	276	289	348	290	289	349	348	361	458	362	361	459	458	467	258	468	361	460	459	466	258	467	1	278	277	288	349	289	361	461	460	465	258	466	288	350	349	360	461	361	360	462	461	464	258	465	360	463	462	463	258	464	360	258	463	1	279	278	287	350	288	287	351	350	359	258	360	1	280	279	286	351	287	286	352	351	358	258	359	1	281	280	285	352	286	285	353	352	357	258	358	1	282	281	284	353	285	284	354	353	356	258	357	1	283	282	283	354	284	1	354	283	1	355	354	355	258	356	1	258	355	372	409	373	301	375	374	407	409	372	300	375	301	335	375	300	335	376	375	406	409	407	263	304	303	334	376	335	334	377	376	405	409	406	263	305	304	333	377	334	333	378	377	404	409	405	263	306	305	332	378	333	332	379	378	403	409	404	263	307	306	331	379	332	403	410	409	408	246	409	403	411	410	443	246	408	403	412	411	442	246	443	403	413	412	441	246	442	331	380	379	402	413	403	263	308	307	330	380	331	402	414	413	440	246	441	330	381	380	401	414	402	263	309	308	329	381	330	401	415	414	439	246	440	401	416	415	438	246	439	329	382	381	400	416	401	263	310	309	328	382	329	400	417	416	437	246	438	328	383	382	399	417	400	263	311	310	327	383	328	399	418	417	436	246	437	327	384	383	398	418	399	263	312	311	326	384	327	398	419	418	435	246	436	326	385	384	397	419	398	263	313	312	325	385	326	397	420	419	434	246	435	325	386	385	396	420	397	396	421	420	433	246	434	263	314	313	324	386	325	324	387	386	395	421	396	395	422	421	432	246	433	263	315	314	323	387	324	395	423	422	431	246	432	323	388	387	394	423	395	263	316	315	322	388	323	322	389	388	393	423	394	393	424	423	430	246	431	263	317	316	321	389	322	321	390	389	392	424	393	392	425	424	429	246	430	263	318	317	320	390	321	320	391	390	391	425	392	320	425	391	263	319	318	319	425	320	319	426	425	428	246	429	263	426	319	263	427	426	427	246	428	263	246	427	1	259	258	1	262	259	1	263	262	1	246	263
0	5	3	247	5	0	251	13	250	12	13	251	253	11	252	10	11	253	12	252	11	251	252	12	14	17	16	15	17	14	259	25	258	24	25	259	263	29	262	28	29	263
2	246	1	4	246	2	249	7	248	6	7	249	255	9	254	8	9	255	248	8	255	7	8	248	18	21	20	19	21	18	257	23	256	22	23	257	261	27	260	26	27	261
265	31	264	30	31	265
264	32	299	31	32	264	336	104	371	103	104	336
299	33	298	32	33	299
298	34	297	33	34	298
297	35	296	34	35	297
296	36	295	35	36	296	368	108	367	107	108	368
295	37	294	36	37	295	367	109	366	108	109	367
294	38	293	37	38	294	366	110	365	109	110	366
293	39	292	38	39	293
292	40	291	39	40	292
291	41	290	40	41	291	363	113	362	112	113	363
290	42	289	41	42	290	362	114	361	113	114	362
289	43	288	42	43	289	361	115	360	114	115	361
288	44	287	43	44	288	360	116	359	115	116	360
287	45	286	44	45	287
286	46	285	45	46	286
285	47	284	46	47	285	357	119	356	118	119	357
284	48	283	47	48	284
283	49	282	48	49	283
282	50	281	49	50	282	354	122	353	121	122	354
281	51	280	50	51	281
280	52	279	51	52	280
279	53	278	52	53	279	351	125	350	124	125	351
278	54	277	53	54	278	350	126	349	125	126	350
277	55	276	54	55	277	349	127	348	126	127	349
276	56	275	55	56	276	348	128	347	127	128	348
275	57	274	56	57	275
274	58	273	57	58	274
273	59	272	58	59	273	345	131	344	130	131	345
272	60	271	59	60	272	344	132	343	131	132	344
271	61	270	60	61	271	343	133	342	132	133	343
270	62	269	61	62	270
269	63	268	62	63	269
268	64	267	63	64	268
267	65	266	64	65	267	339	137	338	136	137	339
266	30	265	65	30	266
301	67	300	66	67	301	373	139	372	138	139	373	445	211	444	210	211	445
300	68	335	67	68	300	372	140	407	139	140	372
335	69	334	68	69	335	407	141	406	140	141	407	479	213	478	212	213	479
334	70	333	69	70	334
333	71	332	70	71	333
332	72	331	71	72	332	404	144	403	143	144	404	476	216	475	215	216	476
331	73	330	72	73	331	403	145	402	144	145	403	475	217	474	216	217	475
330	74	329	73	74	330	402	146	401	145	146	402	474	218	473	217	218	474
329	75	328	74	75	329	401	147	400	146	147	401	473	219	472	218	219	473
328	76	327	75	76	328
327	77	326	76	77	327	399	149	398	148	149	399	471	221	470	220	221	471
326	78	325	77	78	326
325	79	324	78	79	325	397	151	396	150	151	397	469	223	468	222	223	469
324	80	323	79	80	324
323	81	322	80	81	323
322	82	321	81	82	322	394	154	393	153	154	394
321	83	320	82	83	321	393	155	392	154	155	393	465	227	464	226	227	465
320	84	319	83	84	320	392	156	391	155	156	392
319	85	318	84	85	319	391	157	390	156	157	391
318	86	317	85	86	318
317	87	316	86	87	317
316	88	315	87	88	316	388	160	387	159	160	388
315	89	314	88	89	315	387	161	386	160	161	387
314	90	313	89	90	314	386	162	385	161	162	386	458	234	457	233	234	458
313	91	312	90	91	313
312	92	311	91	92	312
311	93	310	92	93	311
310	94	309	93	94	310	382	166	381	165	166	382	454	238	453	237	238	454
309	95	308	94	95	309
308	96	307	95	96	308
307	97	306	96	97	307	379	169	378	168	169	379	451	241	450	240	241	451
306	98	305	97	98	306	378	170	377	169	170	378	450	242	449	241	242	450
305	99	304	98	99	305	377	171	376	170	171	377
304	100	303	99	100	304
303	101	302	100	101	303
302	66	301	101	66	302	374	138	373	173	138	374	446	210	445	245	210	446
337	103	336	102	103	337
371	105	370	104	105	371
370	106	369	105	106	370
369	107	368	106	107	369
365	111	364	110	111	365
364	112	363	111	112	364
359	117	358	116	117	359
358	118	357	117	118	358
356	120	355	119	120	356
355	121	354	120	121	355
353	123	352	122	123	353
352	124	351	123	124	352
347	129	346	128	129	347
346	130	345	129	130	346
342	134	341	133	134	342
341	135	340	134	135	341
340	136	339	135	136	340
338	102	337	137	102	338
406	142	405	141	142	406
405	143	404	142	143	405	477	215	476	214	215	477
400	148	399	147	148	400	472	220	471	219	220	472
398	150	397	149	150	398	470	222	469	221	222	470
396	152	395	151	152	396
395	153	394	152	153	395
390	158	389	157	158	390	462	230	461	229	230	462
389	159	388	158	159	389
385	163	384	162	163	385	457	235	456	234	235	457
384	164	383	163	164	384	456	236	455	235	236	456
383	165	382	164	165	383	455	237	454	236	237	455
381	167	380	166	167	381	453	239	452	238	239	453
380	168	379	167	168	380	452	240	451	239	240	452
376	172	375	171	172	376	448	244	447	243	244	448
375	173	374	172	173	375
409	175	408	174	175	409
408	176	443	175	176	408
443	177	442	176	177	443
442	178	441	177	178	442
441	179	440	178	179	441
440	180	439	179	180	440
439	181	438	180	181	439
438	182	437	181	182	438
437	183	436	182	183	437
436	184	435	183	184	436
435	185	434	184	185	435
434	186	433	185	186	434
433	187	432	186	187	433
432	188	431	187	188	432
431	189	430	188	189	431
430	190	429	189	190	430
429	191	428	190	191	429
428	192	427	191	192	428
427	193	426	192	193	427
426	194	425	193	194	426
425	195	424	194	195	425
424	196	423	195	196	424
423	197	422	196	197	423
422	198	421	197	198	422
421	199	420	198	199	421
420	200	419	199	200	420
419	201	418	200	201	419
418	202	417	201	202	418
417	203	416	202	203	417
416	204	415	203	204	416
415	205	414	204	205	415
414	206	413	205	206	414
413	207	412	206	207	413
412	208	411	207	208	412
411	209	410	208	209	411
410	174	409	209	174	410
444	212	479	211	212	444
478	214	477	213	214	478
468	224	467	223	224	468
467	225	466	224	225	467
466	226	465	225	226	466
464	228	463	227	228	464
463	229	462	228	229	463
461	231	460	230	231	461
460	232	459	231	232	460
459	233	458	232	233	459
449	243	448	242	243	449
447	245	446	244	245	447

#	Normal	159
1	0	0
0	1	-0
-1	0	0
0	-1	0
0	0	1
0	0	-1
0.0871511	0	-0.996195
0.258749	0	-0.965944
0.422743	0	-0.90625
0.573395	0	-0.819279
0.707227	0	-0.706987
0.8191	0	-0.57365
0.906322	0	-0.422588
0.965962	0	-0.258684
0.996202	0	-0.0870769
0.996201	0	0.0870786
0.965963	0	0.258679
0.906322	0	0.422588
0.8191	0	0.57365
0.707227	0	0.706987
0.573395	0	0.819279
0.422727	0	0.906257
0.258768	0	0.965939
0.0871511	0	0.996195
-0.0872067	0	0.99619
-0.258768	0	0.965939
-0.422481	0	0.906372
-0.573696	0	0.819068
-0.707227	0	0.706987
-0.8191	0	0.57365
-0.906322	0	0.422588
-0.965963	0	0.258679
-0.996146	0	0.087714
-0.996146	-0	-0.0877122
-0.965962	-0	-0.258684
-0.906322	-0	-0.422588
-0.8191	-0	-0.57365
-0.707227	-0	-0.706987
-0.573696	-0	-0.819068
-0.422498	-0	-0.906364
-0.258749	-0	-0.965944
-0.0872067	-0	-0.99619
0.0871225	0	-0.996198
0.258885	0	-0.965908
0.422779	0	-0.906233
0.573763	0	-0.819021
0.706883	0	-0.707331
0.819099	0	-0.573653
0.906128	0	-0.423004
0.966091	0	-0.258202
0.996187	0	-0.0872485
0.996187	0	0.087242
0.966091	0	0.258202
0.906114	0	0.423033
0.819099	0	0.573653
0.70692	0	0.707293
0.573763	0	0.819021
0.422779	0	0.906233
0.258885	0	0.965908
0.0870484	0	0.996204
-0.0871521	0	0.996195
-0.258587	0	0.965988
-0.422779	0	0.906233
-0.573763	0	0.819021
-0.70692	0	0.707293
-0.819099	0	0.573653
-0.906114	0	0.423033
-0.966091	0	0.258202
-0.996187	0	0.087242
-0.996187	-0	-0.0872485
-0.966091	-0	-0.258202
-0.906128	-0	-0.423004
-0.819099	-0	-0.573653
-0.706883	-0	-0.707331
-0.573763	-0	-0.819021
-0.422779	-0	-0.906233
-0.258587	-0	-0.965988
-0.0872263	-0	-0.996189
0.0872067	0	-0.99619
0.422498	0	-0.906364
0.573683	0	-0.819078
0.707237	0	-0.706977
0.996146	0	-0.0877122
0.996146	0	0.087714
0.573683	0	0.819078
0.422498	0	0.906364
0.0872067	0	0.99619
-0.0871511	0	0.996195
-0.422743	0	0.90625
-0.573382	0	0.819288
-0.996201	0	0.0870786
-0.996202	-0	-0.0870769
-0.707237	-0	-0.706977
-0.573382	-0	-0.819288
-0.422743	-0	-0.90625
-0.0871511	-0	-0.996195
0.573202	0	-0.819414
0.70748	0	-0.706733
0.996187	0	0.0872485
0.906128	0	0.423004
0.707518	0	0.706696
0.573202	0	0.819414
-0.258885	0	0.965908
-0.422321	0	0.906446
-0.906586	0	0.422022
-0.965792	0	0.259317
-0.996187	0	0.0872485
-0.965792	-0	-0.259317
-0.906586	-0	-0.422022
-0.422321	-0	-0.906446
-0.258885	-0	-0.965908
0.087167	0	-0.996194
0.258736	0	-0.965948
0.422647	0	-0.906294
0.573391	0	-0.819282
0.707062	0	-0.707151
0.819249	0	-0.573438
0.906313	0	-0.422608
0.965892	0	-0.258946
0.996227	0	-0.0867908
0.996226	0	0.0867985
0.965892	0	0.258946
0.906328	0	0.422574
0.819219	0	0.57348
0.707107	0	0.707107
0.573391	0	0.819282
0.422574	0	0.906328
0.258819	0	0.965926
0.087167	0	0.996194
-0.087167	0	0.996194
-0.258819	0	0.965926
-0.422574	0	0.906328
-0.573391	0	0.819282
-0.707107	0	0.707107
-0.819219	0	0.57348
-0.906328	0	0.422574
-0.965892	0	0.258946
-0.996226	0	0.0867985
-0.996227	-0	-0.0867908
-0.965892	-0	-0.258946
-0.906313	-0	-0.422608
-0.819249	-0	-0.573438
-0.707062	-0	-0.707151
-0.573391	-0	-0.819282
-0.422647	-0	-0.906294
-0.258736	-0	-0.965948
-0.087167	-0	-0.996194
0.258851	0	-0.965917
0.573227	0	-0.819397
0.707499	0	0.706714
0.573227	0	0.819397
0.422748	0	0.906247
0.0870855	0	0.996201
-0.0871892	0	0.996192
-0.422291	0	0.90646
-0.573788	0	0.819004
-0.706901	0	0.707312
-0.573788	-0	-0.819004
-0.258851	-0	-0.965917

#	Mesh	0	End

