#	Mesh	0	Begin

#	Vertex	236
105668	9864.53	-50
105668	9864.53	5230
105868	9864.53	-5.00222e-012
105868	9864.53	-50
105868	9864.53	5230
105668	9864.53	2300
105868	11664.5	-5.00222e-012
105868	13464.5	-5.00222e-012
105868	13464.5	-50
105868	13464.5	5230
105868	11664.5	2300
105868	9864.53	2300
105868	10574.5	4215
105868	10589.3	4216.29
105868	10603.6	4220.13
105868	10617	4226.39
105868	10629.2	4234.89
105868	10639.6	4245.36
105868	10648.1	4257.5
105868	10654.4	4270.93
105868	10658.2	4285.24
105868	10659.5	4300
105868	10658.2	4314.76
105868	10654.4	4329.07
105868	10648.1	4342.5
105868	10639.6	4354.64
105868	10629.2	4365.11
105868	10617	4373.61
105868	10603.6	4379.87
105868	10589.3	4383.71
105868	10574.5	4385
105868	10559.8	4383.71
105868	10545.5	4379.87
105868	10532	4373.61
105868	10519.9	4365.11
105868	10509.4	4354.64
105868	10500.9	4342.5
105868	10494.7	4329.07
105868	10490.8	4314.76
105868	10489.5	4300
105868	10490.8	4285.24
105868	10494.7	4270.93
105868	10500.9	4257.5
105868	10509.4	4245.36
105868	10519.9	4234.89
105868	10532	4226.39
105868	10545.5	4220.13
105868	10559.8	4216.29
105868	10834.5	4215
105868	10849.3	4216.29
105868	10863.6	4220.13
105868	10877	4226.39
105868	10889.2	4234.89
105868	10899.6	4245.36
105868	10908.1	4257.5
105868	10914.4	4270.93
105868	10918.2	4285.24
105868	10919.5	4300
105868	10918.2	4314.76
105868	10914.4	4329.07
105868	10908.1	4342.5
105868	10899.6	4354.64
105868	10889.2	4365.11
105868	10877	4373.61
105868	10863.6	4379.87
105868	10849.3	4383.71
105868	10834.5	4385
105868	10819.8	4383.71
105868	10805.5	4379.87
105868	10792	4373.61
105868	10779.9	4365.11
105868	10769.4	4354.64
105868	10760.9	4342.5
105868	10754.7	4329.07
105868	10750.8	4314.76
105868	10749.5	4300
105868	10750.8	4285.24
105868	10754.7	4270.93
105868	10760.9	4257.5
105868	10769.4	4245.36
105868	10779.9	4234.89
105868	10792	4226.39
105868	10805.5	4220.13
105868	10819.8	4216.29
105868	11074.5	4268.5
105868	11080	4268.98
105868	11085.3	4270.4
105868	11090.3	4272.72
105868	11094.8	4275.87
105868	11098.7	4279.75
105868	11101.8	4284.25
105868	11104.1	4289.23
105868	11105.5	4294.53
105868	11106	4300
105868	11105.5	4305.47
105868	11104.1	4310.77
105868	11101.8	4315.75
105868	11098.7	4320.25
105868	11094.8	4324.13
105868	11090.3	4327.28
105868	11085.3	4329.6
105868	11080	4331.02
105868	11074.5	4331.5
105868	11069.1	4331.02
105868	11063.8	4329.6
105868	11058.8	4327.28
105868	11054.3	4324.13
105868	11050.4	4320.25
105868	11047.2	4315.75
105868	11044.9	4310.77
105868	11043.5	4305.47
105868	11043	4300
105868	11043.5	4294.53
105868	11044.9	4289.23
105868	11047.2	4284.25
105868	11050.4	4279.75
105868	11054.3	4275.87
105868	11058.8	4272.72
105868	11063.8	4270.4
105868	11069.1	4268.98
105668	13464.5	-5.00222e-012
105668	13464.5	-50
105668	13464.5	5230
105868	13464.5	2300
105668	11664.5	-5.00222e-012
105668	9864.53	-5.00222e-012
105668	11664.5	2300
105668	13464.5	2300
105668	10589.3	4216.29
105668	10574.5	4215
105668	10559.8	4216.29
105668	10545.5	4220.13
105668	10532	4226.39
105668	10519.9	4234.89
105668	10509.4	4245.36
105668	10500.9	4257.5
105668	10494.7	4270.93
105668	10490.8	4285.24
105668	10489.5	4300
105668	10490.8	4314.76
105668	10494.7	4329.07
105668	10500.9	4342.5
105668	10509.4	4354.64
105668	10519.9	4365.11
105668	10532	4373.61
105668	10545.5	4379.87
105668	10559.8	4383.71
105668	10574.5	4385
105668	10589.3	4383.71
105668	10603.6	4379.87
105668	10617	4373.61
105668	10629.2	4365.11
105668	10639.6	4354.64
105668	10648.1	4342.5
105668	10654.4	4329.07
105668	10658.2	4314.76
105668	10659.5	4300
105668	10658.2	4285.24
105668	10654.4	4270.93
105668	10648.1	4257.5
105668	10639.6	4245.36
105668	10629.2	4234.89
105668	10617	4226.39
105668	10603.6	4220.13
105668	10849.3	4216.29
105668	10834.5	4215
105668	10819.8	4216.29
105668	10805.5	4220.13
105668	10792	4226.39
105668	10779.9	4234.89
105668	10769.4	4245.36
105668	10760.9	4257.5
105668	10754.7	4270.93
105668	10750.8	4285.24
105668	10749.5	4300
105668	10750.8	4314.76
105668	10754.7	4329.07
105668	10760.9	4342.5
105668	10769.4	4354.64
105668	10779.9	4365.11
105668	10792	4373.61
105668	10805.5	4379.87
105668	10819.8	4383.71
105668	10834.5	4385
105668	10849.3	4383.71
105668	10863.6	4379.87
105668	10877	4373.61
105668	10889.2	4365.11
105668	10899.6	4354.64
105668	10908.1	4342.5
105668	10914.4	4329.07
105668	10918.2	4314.76
105668	10919.5	4300
105668	10918.2	4285.24
105668	10914.4	4270.93
105668	10908.1	4257.5
105668	10899.6	4245.36
105668	10889.2	4234.89
105668	10877	4226.39
105668	10863.6	4220.13
105668	11080	4268.98
105668	11074.5	4268.5
105668	11069.1	4268.98
105668	11063.8	4270.4
105668	11058.8	4272.72
105668	11054.3	4275.87
105668	11050.4	4279.75
105668	11047.2	4284.25
105668	11044.9	4289.23
105668	11043.5	4294.53
105668	11043	4300
105668	11043.5	4305.47
105668	11044.9	4310.77
105668	11047.2	4315.75
105668	11050.4	4320.25
105668	11054.3	4324.13
105668	11058.8	4327.28
105668	11063.8	4329.6
105668	11069.1	4331.02
105668	11074.5	4331.5
105668	11080	4331.02
105668	11085.3	4329.6
105668	11090.3	4327.28
105668	11094.8	4324.13
105668	11098.7	4320.25
105668	11101.8	4315.75
105668	11104.1	4310.77
105668	11105.5	4305.47
105668	11106	4300
105668	11105.5	4294.53
105668	11104.1	4289.23
105668	11101.8	4284.25
105668	11098.7	4279.75
105668	11094.8	4275.87
105668	11090.3	4272.72
105668	11085.3	4270.4

#	Triangle	78
125	3	2	0	3	125	11	1	5	4	1	11
7	3	8	7	6	3	6	2	3	9	10	123	9	11	10	9	86	11	86	85	11	85	84	11	84	50	11	50	49	11	49	48	11	48	12	11	12	47	11	47	46	11	46	45	11	45	44	11	44	43	11	43	42	11	42	4	11	83	12	48	83	13	12	82	13	83	82	14	13	84	51	50	81	14	82	81	15	14	84	52	51	80	15	81	80	16	15	84	53	52	79	16	80	79	17	16	84	54	53	78	17	79	78	18	17	84	55	54	77	18	78	77	19	18	41	4	42	119	55	84	118	55	119	9	87	86	117	55	118	117	56	55	76	19	77	76	20	19	40	4	41	9	88	87	116	56	117	9	89	88	115	56	116	9	90	89	114	56	115	9	91	90	113	56	114	113	57	56	75	20	76	75	21	20	39	4	40	9	92	91	112	57	113	9	93	92	111	57	112	9	94	93	110	57	111	110	58	57	74	21	75	74	22	21	38	4	39	9	95	94	109	58	110	9	96	95	108	58	109	108	59	58	73	22	74	73	23	22	37	4	38	9	97	96	107	59	108	9	98	97	106	59	107	9	99	98	105	59	106	9	100	99	104	59	105	104	60	59	72	23	73	72	24	23	36	4	37	9	101	100	103	60	104	9	102	101	102	60	103	9	60	102	9	61	60	71	24	72	71	25	24	35	4	36	9	62	61	70	25	71	70	26	25	34	4	35	9	63	62	69	26	70	69	27	26	33	4	34	9	64	63	68	27	69	68	28	27	32	4	33	9	65	64	67	28	68	67	29	28	31	4	32	9	66	65	66	29	67	66	30	29	30	4	31	9	30	66	9	4	30
7	121	120	8	121	7	127	9	123	122	9	127
125	121	0	125	124	121	124	120	121	1	126	5	1	135	126	135	134	126	134	133	126	133	132	126	132	131	126	131	130	126	130	129	126	129	127	126	129	165	127	165	164	127	164	199	127	199	201	127	201	200	127	200	235	127	235	122	127	128	165	129	128	166	165	163	166	128	163	167	166	162	167	163	162	168	167	198	201	199	161	168	162	161	169	168	197	201	198	160	169	161	160	170	169	196	201	197	159	170	160	159	171	170	195	201	196	1	136	135	158	171	159	158	172	171	194	201	195	194	202	201	194	203	202	194	204	203	234	122	235	1	137	136	157	172	158	157	173	172	193	204	194	193	205	204	233	122	234	193	206	205	232	122	233	193	207	206	231	122	232	193	208	207	230	122	231	1	138	137	156	173	157	156	174	173	192	208	193	192	209	208	229	122	230	192	210	209	228	122	229	1	139	138	155	174	156	155	175	174	191	210	192	191	211	210	227	122	228	191	212	211	226	122	227	191	213	212	225	122	226	1	140	139	154	175	155	154	176	175	190	213	191	190	214	213	224	122	225	190	215	214	223	122	224	190	216	215	222	122	223	190	217	216	221	122	222	1	141	140	153	176	154	153	177	176	189	217	190	189	218	217	220	122	221	189	219	218	219	122	220	189	122	219	1	142	141	152	177	153	152	178	177	188	122	189	1	143	142	151	178	152	151	179	178	187	122	188	1	144	143	150	179	151	150	180	179	186	122	187	1	145	144	149	180	150	149	181	180	185	122	186	1	146	145	148	181	149	148	182	181	184	122	185	1	147	146	147	182	148	147	183	182	183	122	184	1	183	147	1	122	183
0	8	3	121	8	0	5	10	11	126	10	5	126	123	10	127	123	126
4	122	1	9	122	4	124	2	6	125	2	124	120	6	7	124	6	120
129	13	128	12	13	129	165	49	164	48	49	165
128	14	163	13	14	128	164	50	199	49	50	164
163	15	162	14	15	163	199	51	198	50	51	199
162	16	161	15	16	162	198	52	197	51	52	198
161	17	160	16	17	161	197	53	196	52	53	197
160	18	159	17	18	160	196	54	195	53	54	196
159	19	158	18	19	159	195	55	194	54	55	195
158	20	157	19	20	158	194	56	193	55	56	194
157	21	156	20	21	157	193	57	192	56	57	193
156	22	155	21	22	156	192	58	191	57	58	192
155	23	154	22	23	155	191	59	190	58	59	191
154	24	153	23	24	154	190	60	189	59	60	190
153	25	152	24	25	153	189	61	188	60	61	189
152	26	151	25	26	152	188	62	187	61	62	188
151	27	150	26	27	151	187	63	186	62	63	187
150	28	149	27	28	150	186	64	185	63	64	186
149	29	148	28	29	149	185	65	184	64	65	185
148	30	147	29	30	148	184	66	183	65	66	184
147	31	146	30	31	147	183	67	182	66	67	183
146	32	145	31	32	146	182	68	181	67	68	182
145	33	144	32	33	145	181	69	180	68	69	181
144	34	143	33	34	144	180	70	179	69	70	180
143	35	142	34	35	143	179	71	178	70	71	179
142	36	141	35	36	142	178	72	177	71	72	178
141	37	140	36	37	141	177	73	176	72	73	177
140	38	139	37	38	140	176	74	175	73	74	176
139	39	138	38	39	139	175	75	174	74	75	175
138	40	137	39	40	138	174	76	173	75	76	174
137	41	136	40	41	137	173	77	172	76	77	173
136	42	135	41	42	136	172	78	171	77	78	172
135	43	134	42	43	135	171	79	170	78	79	171
134	44	133	43	44	134	170	80	169	79	80	170
133	45	132	44	45	133	169	81	168	80	81	169
132	46	131	45	46	132	168	82	167	81	82	168
131	47	130	46	47	131	167	83	166	82	83	167
130	12	129	47	12	130	166	48	165	83	48	166
201	85	200	84	85	201
200	86	235	85	86	200
235	87	234	86	87	235
234	88	233	87	88	234
233	89	232	88	89	233
232	90	231	89	90	232
231	91	230	90	91	231
230	92	229	91	92	230
229	93	228	92	93	229
228	94	227	93	94	228
227	95	226	94	95	227
226	96	225	95	96	226
225	97	224	96	97	225
224	98	223	97	98	224
223	99	222	98	99	223
222	100	221	99	100	222
221	101	220	100	101	221
220	102	219	101	102	220
219	103	218	102	103	219
218	104	217	103	104	218
217	105	216	104	105	217
216	106	215	105	106	216
215	107	214	106	107	215
214	108	213	107	108	214
213	109	212	108	109	213
212	110	211	109	110	212
211	111	210	110	111	211
210	112	209	111	112	210
209	113	208	112	113	209
208	114	207	113	114	208
207	115	206	114	115	207
206	116	205	115	116	206
205	117	204	116	117	205
204	118	203	117	118	204
203	119	202	118	119	203
202	84	201	119	84	202

#	Normal	78
0	1	0
-1	0	0
0	-1	0
1	0	0
0	-0	1
0	0	-1
0	0.0871686	-0.996194
0	0.258784	-0.965935
0	0.422633	-0.906301
0	0.573591	-0.819142
0	0.70709	-0.707123
0	0.819158	-0.573569
0	0.906307	-0.42262
0	0.965922	-0.258832
0	0.996197	-0.087133
-0	0.996197	0.087133
-0	0.965922	0.258832
-0	0.906307	0.42262
-0	0.819158	0.573569
-0	0.70709	0.707123
-0	0.573591	0.819142
-0	0.422633	0.906301
-0	0.258784	0.965935
-0	0.0871686	0.996194
0	-0.0871686	0.996194
0	-0.258801	0.965931
0	-0.422608	0.906313
0	-0.573591	0.819142
0	-0.707123	0.70709
0	-0.819127	0.573613
0	-0.906307	0.42262
0	-0.965922	0.258832
0	-0.996197	0.087133
0	-0.996197	-0.087133
0	-0.965922	-0.258832
0	-0.906307	-0.42262
0	-0.819127	-0.573613
0	-0.707123	-0.70709
0	-0.573591	-0.819142
0	-0.422608	-0.906313
0	-0.258801	-0.965931
0	-0.0871686	-0.996194
0	0.0871515	-0.996195
0	0.258864	-0.965914
0	0.422574	-0.906328
0	0.573558	-0.819165
0	0.707062	-0.707151
0	0.819165	-0.573558
0	0.906328	-0.422574
0	0.965936	-0.258781
0	0.996195	-0.0871515
-0	0.996195	0.0871515
-0	0.965936	0.258781
-0	0.906328	0.422574
-0	0.819165	0.573558
-0	0.707062	0.707151
-0	0.573558	0.819165
-0	0.422574	0.906328
-0	0.258864	0.965914
-0	0.0871515	0.996195
0	-0.0871515	0.996195
0	-0.258864	0.965914
0	-0.422574	0.906328
0	-0.573558	0.819165
0	-0.707151	0.707062
0	-0.819165	0.573558
0	-0.90626	0.42272
0	-0.965936	0.258781
0	-0.996195	0.0871515
0	-0.996195	-0.0871515
0	-0.965936	-0.258781
0	-0.90626	-0.42272
0	-0.819165	-0.573558
0	-0.707151	-0.707062
0	-0.573558	-0.819165
0	-0.422574	-0.906328
0	-0.258864	-0.965914
0	-0.0871515	-0.996195

#	Mesh	0	End

