#	Mesh	0	Begin

#	Vertex	384
118718	-1285.47	-50
118718	-1285.47	5230
118918	-1285.47	5230
118918	-1285.47	-50
118918	4214.53	5230
118918	4214.53	-50
118918	3464.53	2100
118918	2264.53	2100
118918	2264.53	200
118918	3464.53	200
118918	-535.475	3950
118918	814.525	3950
118918	814.525	4550
118918	-535.475	4550
118918	1848.9	3458.55
118918	1868.44	3460.26
118918	1887.38	3465.33
118918	1905.15	3473.62
118918	1921.21	3484.87
118918	1935.08	3498.73
118918	1946.33	3514.8
118918	1954.62	3532.57
118918	1959.69	3551.51
118918	1961.4	3571.05
118918	1959.69	3590.58
118918	1954.62	3609.52
118918	1946.33	3627.3
118918	1935.08	3643.36
118918	1921.21	3657.23
118918	1905.15	3668.47
118918	1887.38	3676.76
118918	1868.44	3681.84
118918	1848.9	3683.55
118918	1829.37	3681.84
118918	1810.42	3676.76
118918	1792.65	3668.47
118918	1776.59	3657.23
118918	1762.72	3643.36
118918	1751.47	3627.3
118918	1743.19	3609.52
118918	1738.11	3590.58
118918	1736.4	3571.05
118918	1738.11	3551.51
118918	1743.19	3532.57
118918	1751.47	3514.8
118918	1762.72	3498.73
118918	1776.59	3484.87
118918	1792.65	3473.62
118918	1810.42	3465.33
118918	1829.37	3460.26
118918	2242.51	3461.45
118918	2262.04	3463.16
118918	2280.99	3468.24
118918	2298.76	3476.52
118918	2314.82	3487.77
118918	2328.69	3501.64
118918	2339.94	3517.7
118918	2348.22	3535.47
118918	2353.3	3554.42
118918	2355.01	3573.95
118918	2353.3	3593.49
118918	2348.22	3612.43
118918	2339.94	3630.2
118918	2328.69	3646.27
118918	2314.82	3660.13
118918	2298.76	3671.38
118918	2280.99	3679.67
118918	2262.04	3684.74
118918	2242.51	3686.45
118918	2222.97	3684.74
118918	2204.03	3679.67
118918	2186.26	3671.38
118918	2170.19	3660.13
118918	2156.33	3646.27
118918	2145.08	3630.2
118918	2136.79	3612.43
118918	2131.72	3593.49
118918	2130.01	3573.95
118918	2131.72	3554.42
118918	2136.79	3535.47
118918	2145.08	3517.7
118918	2156.33	3501.64
118918	2170.19	3487.77
118918	2186.26	3476.52
118918	2204.03	3468.24
118918	2222.97	3463.16
118918	2652.5	3529.72
118918	2660.32	3530.41
118918	2667.89	3532.44
118918	2675	3535.75
118918	2681.43	3540.25
118918	2686.98	3545.8
118918	2691.47	3552.22
118918	2694.79	3559.33
118918	2696.82	3566.91
118918	2697.5	3574.72
118918	2696.82	3582.54
118918	2694.79	3590.11
118918	2691.47	3597.22
118918	2686.98	3603.65
118918	2681.43	3609.19
118918	2675	3613.69
118918	2667.89	3617.01
118918	2660.32	3619.04
118918	2652.5	3619.72
118918	2644.69	3619.04
118918	2637.11	3617.01
118918	2630	3613.69
118918	2623.58	3609.19
118918	2618.03	3603.65
118918	2613.53	3597.22
118918	2610.22	3590.11
118918	2608.19	3582.54
118918	2607.5	3574.72
118918	2608.19	3566.91
118918	2610.22	3559.33
118918	2613.53	3552.22
118918	2618.03	3545.8
118918	2623.58	3540.25
118918	2630	3535.75
118918	2637.11	3532.44
118918	2644.69	3530.41
118918	3415.35	3753.35
118918	3427.5	3754.41
118918	3439.29	3757.57
118918	3450.35	3762.72
118918	3460.34	3769.72
118918	3468.97	3778.35
118918	3475.97	3788.35
118918	3481.12	3799.4
118918	3484.28	3811.19
118918	3485.35	3823.35
118918	3484.28	3835.5
118918	3481.12	3847.29
118918	3475.97	3858.35
118918	3468.97	3868.34
118918	3460.34	3876.97
118918	3450.35	3883.97
118918	3439.29	3889.12
118918	3427.5	3892.28
118918	3415.35	3893.35
118918	3403.19	3892.28
118918	3391.4	3889.12
118918	3380.35	3883.97
118918	3370.35	3876.97
118918	3361.72	3868.34
118918	3354.72	3858.35
118918	3349.57	3847.29
118918	3346.41	3835.5
118918	3345.35	3823.35
118918	3346.41	3811.19
118918	3349.57	3799.4
118918	3354.72	3788.35
118918	3361.72	3778.35
118918	3370.35	3769.72
118918	3380.35	3762.72
118918	3391.4	3757.57
118918	3403.19	3754.41
118918	3114.93	3753.18
118918	3127.09	3754.24
118918	3138.88	3757.4
118918	3149.93	3762.56
118918	3159.93	3769.55
118918	3168.56	3778.18
118918	3175.56	3788.18
118918	3180.71	3799.24
118918	3183.87	3811.02
118918	3184.93	3823.18
118918	3183.87	3835.33
118918	3180.71	3847.12
118918	3175.56	3858.18
118918	3168.56	3868.17
118918	3159.93	3876.8
118918	3149.93	3883.8
118918	3138.88	3888.96
118918	3127.09	3892.11
118918	3114.93	3893.18
118918	3102.78	3892.11
118918	3090.99	3888.96
118918	3079.93	3883.8
118918	3069.94	3876.8
118918	3061.31	3868.17
118918	3054.31	3858.18
118918	3049.16	3847.12
118918	3046	3835.33
118918	3044.93	3823.18
118918	3046	3811.02
118918	3049.16	3799.24
118918	3054.31	3788.18
118918	3061.31	3778.18
118918	3069.94	3769.55
118918	3079.93	3762.56
118918	3090.99	3757.4
118918	3102.78	3754.24
118718	4214.53	5230
118718	4214.53	-50
118718	2264.53	2100
118718	3464.53	2100
118718	3464.53	200
118718	2264.53	200
118718	814.525	3950
118718	-535.475	3950
118718	-535.475	4550
118718	814.525	4550
118718	1868.44	3460.26
118718	1848.9	3458.55
118718	1829.37	3460.26
118718	1810.42	3465.33
118718	1792.65	3473.62
118718	1776.59	3484.87
118718	1762.72	3498.73
118718	1751.47	3514.8
118718	1743.19	3532.57
118718	1738.11	3551.51
118718	1736.4	3571.05
118718	1738.11	3590.58
118718	1743.19	3609.52
118718	1751.47	3627.3
118718	1762.72	3643.36
118718	1776.59	3657.23
118718	1792.65	3668.47
118718	1810.42	3676.76
118718	1829.37	3681.84
118718	1848.9	3683.55
118718	1868.44	3681.84
118718	1887.38	3676.76
118718	1905.15	3668.47
118718	1921.21	3657.23
118718	1935.08	3643.36
118718	1946.33	3627.3
118718	1954.62	3609.52
118718	1959.69	3590.58
118718	1961.4	3571.05
118718	1959.69	3551.51
118718	1954.62	3532.57
118718	1946.33	3514.8
118718	1935.08	3498.73
118718	1921.21	3484.87
118718	1905.15	3473.62
118718	1887.38	3465.33
118718	2262.04	3463.16
118718	2242.51	3461.45
118718	2222.97	3463.16
118718	2204.03	3468.24
118718	2186.26	3476.52
118718	2170.19	3487.77
118718	2156.33	3501.64
118718	2145.08	3517.7
118718	2136.79	3535.47
118718	2131.72	3554.42
118718	2130.01	3573.95
118718	2131.72	3593.49
118718	2136.79	3612.43
118718	2145.08	3630.2
118718	2156.33	3646.27
118718	2170.19	3660.13
118718	2186.26	3671.38
118718	2204.03	3679.67
118718	2222.97	3684.74
118718	2242.51	3686.45
118718	2262.04	3684.74
118718	2280.99	3679.67
118718	2298.76	3671.38
118718	2314.82	3660.13
118718	2328.69	3646.27
118718	2339.94	3630.2
118718	2348.22	3612.43
118718	2353.3	3593.49
118718	2355.01	3573.95
118718	2353.3	3554.42
118718	2348.22	3535.47
118718	2339.94	3517.7
118718	2328.69	3501.64
118718	2314.82	3487.77
118718	2298.76	3476.52
118718	2280.99	3468.24
118718	2660.32	3530.41
118718	2652.5	3529.72
118718	2644.69	3530.41
118718	2637.11	3532.44
118718	2630	3535.75
118718	2623.58	3540.25
118718	2618.03	3545.8
118718	2613.53	3552.22
118718	2610.22	3559.33
118718	2608.19	3566.91
118718	2607.5	3574.72
118718	2608.19	3582.54
118718	2610.22	3590.11
118718	2613.53	3597.22
118718	2618.03	3603.65
118718	2623.58	3609.19
118718	2630	3613.69
118718	2637.11	3617.01
118718	2644.69	3619.04
118718	2652.5	3619.72
118718	2660.32	3619.04
118718	2667.89	3617.01
118718	2675	3613.69
118718	2681.43	3609.19
118718	2686.98	3603.65
118718	2691.47	3597.22
118718	2694.79	3590.11
118718	2696.82	3582.54
118718	2697.5	3574.72
118718	2696.82	3566.91
118718	2694.79	3559.33
118718	2691.47	3552.22
118718	2686.98	3545.8
118718	2681.43	3540.25
118718	2675	3535.75
118718	2667.89	3532.44
118718	3427.5	3754.41
118718	3415.35	3753.35
118718	3403.19	3754.41
118718	3391.4	3757.57
118718	3380.35	3762.72
118718	3370.35	3769.72
118718	3361.72	3778.35
118718	3354.72	3788.35
118718	3349.57	3799.4
118718	3346.41	3811.19
118718	3345.35	3823.35
118718	3346.41	3835.5
118718	3349.57	3847.29
118718	3354.72	3858.35
118718	3361.72	3868.34
118718	3370.35	3876.97
118718	3380.35	3883.97
118718	3391.4	3889.12
118718	3403.19	3892.28
118718	3415.35	3893.35
118718	3427.5	3892.28
118718	3439.29	3889.12
118718	3450.35	3883.97
118718	3460.34	3876.97
118718	3468.97	3868.34
118718	3475.97	3858.35
118718	3481.12	3847.29
118718	3484.28	3835.5
118718	3485.35	3823.35
118718	3484.28	3811.19
118718	3481.12	3799.4
118718	3475.97	3788.35
118718	3468.97	3778.35
118718	3460.34	3769.72
118718	3450.35	3762.72
118718	3439.29	3757.57
118718	3127.09	3754.24
118718	3114.93	3753.18
118718	3102.78	3754.24
118718	3090.99	3757.4
118718	3079.93	3762.56
118718	3069.94	3769.55
118718	3061.31	3778.18
118718	3054.31	3788.18
118718	3049.16	3799.24
118718	3046	3811.02
118718	3044.93	3823.18
118718	3046	3835.33
118718	3049.16	3847.12
118718	3054.31	3858.18
118718	3061.31	3868.17
118718	3069.94	3876.8
118718	3079.93	3883.8
118718	3090.99	3888.96
118718	3102.78	3892.11
118718	3114.93	3893.18
118718	3127.09	3892.11
118718	3138.88	3888.96
118718	3149.93	3883.8
118718	3159.93	3876.8
118718	3168.56	3868.17
118718	3175.56	3858.18
118718	3180.71	3847.12
118718	3183.87	3835.33
118718	3184.93	3823.18
118718	3183.87	3811.02
118718	3180.71	3799.24
118718	3175.56	3788.18
118718	3168.56	3778.18
118718	3159.93	3769.55
118718	3149.93	3762.56
118718	3138.88	3757.4

#	Triangle	148
0	2	1	3	2	0	197	9	6	198	9	197	200	12	203	11	12	200
4	9	5	9	3	5	9	8	3	8	10	3	10	2	3	4	6	9	7	10	8	4	128	6	128	127	6	127	126	6	126	125	6	125	124	6	124	123	6	123	122	6	122	7	6	122	88	7	88	87	7	87	86	7	86	51	7	51	50	7	50	15	7	15	14	7	14	49	7	49	10	7	50	16	15	48	10	49	85	16	50	86	52	51	84	16	85	84	17	16	47	10	48	86	53	52	83	17	84	83	18	17	46	10	47	86	54	53	82	18	83	82	19	18	45	10	46	86	55	54	81	19	82	81	20	19	44	10	45	86	56	55	80	20	81	80	21	20	43	10	44	86	57	56	79	21	80	121	57	86	120	57	121	122	89	88	119	57	120	79	22	21	42	10	43	119	58	57	78	22	79	122	90	89	118	58	119	122	91	90	117	58	118	122	92	91	116	58	117	78	23	22	41	10	42	122	93	92	115	58	116	115	59	58	77	23	78	122	94	93	114	59	115	122	95	94	113	59	114	77	24	23	40	10	41	113	60	59	76	24	77	122	96	95	112	60	113	122	97	96	111	60	112	122	98	97	110	60	111	76	25	24	39	10	40	110	61	60	75	25	76	122	99	98	109	61	110	122	100	99	108	61	109	122	101	100	107	61	108	75	26	25	38	10	39	107	62	61	74	26	75	122	102	101	106	62	107	122	103	102	105	62	106	122	104	103	104	62	105	122	62	104	74	27	26	37	10	38	122	63	62	73	27	74	73	28	27	36	10	37	122	64	63	72	28	73	72	29	28	35	10	36	122	65	64	71	29	72	71	30	29	34	10	35	122	66	65	70	30	71	70	31	30	33	10	34	122	67	66	69	31	70	69	32	31	32	10	33	69	10	32	122	68	67	68	10	69	122	158	68	158	10	68	122	159	158	193	10	158	157	159	122	157	160	159	192	10	193	156	160	157	156	161	160	191	10	192	155	161	156	155	162	161	190	10	191	154	162	155	154	163	162	189	10	190	153	163	154	153	164	163	188	10	189	152	164	153	152	165	164	187	10	188	4	129	128	151	165	152	151	166	165	186	10	187	4	130	129	150	166	151	150	167	166	185	10	186	4	131	130	149	167	150	149	168	167	184	10	185	4	132	131	148	168	149	148	169	168	183	10	184	4	133	132	147	169	148	147	170	169	182	10	183	4	134	133	146	170	147	146	171	170	181	10	182	4	135	134	145	171	146	145	172	171	180	10	181	4	136	135	144	172	145	144	173	172	179	10	180	4	137	136	143	173	144	143	174	173	178	10	179	4	138	137	142	174	143	142	175	174	177	10	178	4	139	138	141	175	142	141	176	175	176	10	177	4	140	139	140	176	141	140	10	176	4	11	140	11	10	140	4	12	11	13	2	10	4	13	12	4	2	13
5	194	4	195	194	5	199	7	8	196	7	199	202	10	201	13	10	202
1	201	0	201	199	0	199	195	0	199	198	195	198	194	195	201	196	199	197	194	198	201	197	196	201	206	197	206	205	197	205	204	197	204	241	197	241	240	197	240	275	197	275	274	197	274	273	197	273	277	197	277	276	197	276	311	197	311	310	197	310	309	197	309	308	197	308	349	197	349	313	197	313	312	197	312	347	197	347	346	197	346	345	197	345	344	197	344	343	197	343	194	197	201	207	206	239	241	204	239	242	241	239	243	242	201	208	207	238	243	239	238	244	243	201	209	208	237	244	238	237	245	244	201	210	209	236	245	237	236	246	245	272	277	273	201	211	210	235	246	236	235	247	246	271	277	272	201	212	211	234	247	235	234	248	247	270	277	271	270	278	277	270	279	278	270	280	279	201	213	212	233	248	234	233	249	248	269	280	270	269	281	280	269	282	281	269	283	282	307	349	308	201	214	213	232	249	233	269	284	283	306	349	307	232	250	249	268	284	269	268	285	284	305	349	306	268	286	285	304	349	305	201	215	214	231	250	232	231	251	250	267	286	268	267	287	286	303	349	304	267	288	287	302	349	303	267	289	288	301	349	302	201	216	215	230	251	231	230	252	251	266	289	267	266	290	289	300	349	301	266	291	290	299	349	300	266	292	291	298	349	299	201	217	216	229	252	230	229	253	252	265	292	266	265	293	292	297	349	298	265	294	293	296	349	297	265	295	294	295	349	296	265	349	295	201	218	217	228	253	229	228	254	253	264	349	265	201	219	218	227	254	228	227	255	254	263	349	264	201	220	219	226	255	227	226	256	255	262	349	263	201	221	220	225	256	226	225	257	256	261	349	262	201	222	221	224	257	225	224	258	257	260	349	261	201	223	222	223	258	224	201	258	223	201	259	258	259	349	260	201	349	259	201	350	349	348	313	349	348	314	313	201	351	350	383	314	348	383	315	314	201	352	351	382	315	383	382	316	315	201	353	352	381	316	382	381	317	316	201	354	353	380	317	381	380	318	317	201	355	354	379	318	380	379	319	318	201	356	355	378	319	379	378	320	319	342	194	343	201	357	356	377	320	378	377	321	320	341	194	342	201	358	357	376	321	377	376	322	321	340	194	341	201	359	358	375	322	376	375	323	322	339	194	340	201	360	359	374	323	375	374	324	323	338	194	339	201	361	360	373	324	374	373	325	324	337	194	338	201	362	361	372	325	373	372	326	325	336	194	337	201	363	362	371	326	372	371	327	326	335	194	336	201	364	363	370	327	371	370	328	327	334	194	335	201	365	364	369	328	370	369	329	328	333	194	334	201	366	365	368	329	369	368	330	329	332	194	333	201	367	366	367	330	368	367	331	330	331	194	332	201	331	367	201	200	331	200	194	331	1	202	201	203	194	200	1	203	202	1	194	203
0	5	3	195	5	0	196	6	7	197	6	196	203	13	202	12	13	203
2	194	1	4	194	2	198	8	9	199	8	198	201	11	200	10	11	201
205	15	204	14	15	205
204	16	239	15	16	204	240	52	275	51	52	240
239	17	238	16	17	239	275	53	274	52	53	275	347	125	346	124	125	347	383	161	382	160	161	383
238	18	237	17	18	238	310	90	309	89	90	310
237	19	236	18	19	237	273	55	272	54	55	273	309	91	308	90	91	309	345	127	344	126	127	345	381	163	380	162	163	381
236	20	235	19	20	236
235	21	234	20	21	235	271	57	270	56	57	271	379	165	378	164	165	379
234	22	233	21	22	234	270	58	269	57	58	270
233	23	232	22	23	233
232	24	231	23	24	232
231	25	230	24	25	231
230	26	229	25	26	230	374	170	373	169	170	374
229	27	228	26	27	229
228	28	227	27	28	228
227	29	226	28	29	227
226	30	225	29	30	226	262	66	261	65	66	262	334	138	333	137	138	334	370	174	369	173	174	370
225	31	224	30	31	225	261	67	260	66	67	261
224	32	223	31	32	224
223	33	222	32	33	223
222	34	221	33	34	222
221	35	220	34	35	221
220	36	219	35	36	220
219	37	218	36	37	219
218	38	217	37	38	218
217	39	216	38	39	217
216	40	215	39	40	216
215	41	214	40	41	215
214	42	213	41	42	214
213	43	212	42	43	213
212	44	211	43	44	212
211	45	210	44	45	211
210	46	209	45	46	210
209	47	208	46	47	209
208	48	207	47	48	208
207	49	206	48	49	207
206	14	205	49	14	206
241	51	240	50	51	241
274	54	273	53	54	274
272	56	271	55	56	272
269	59	268	58	59	269
268	60	267	59	60	268
267	61	266	60	61	267
266	62	265	61	62	266
265	63	264	62	63	265
264	64	263	63	64	264	300	100	299	99	100	300	336	136	335	135	136	336
263	65	262	64	65	263
260	68	259	67	68	260
259	69	258	68	69	259
258	70	257	69	70	258
257	71	256	70	71	257
256	72	255	71	72	256
255	73	254	72	73	255	291	109	290	108	109	291	327	145	326	144	145	327	363	181	362	180	181	363
254	74	253	73	74	254
253	75	252	74	75	253
252	76	251	75	76	252
251	77	250	76	77	251
250	78	249	77	78	250
249	79	248	78	79	249
248	80	247	79	80	248	320	152	319	151	152	320	356	188	355	187	188	356
247	81	246	80	81	247
246	82	245	81	82	246	282	118	281	117	118	282	318	154	317	153	154	318
245	83	244	82	83	245
244	84	243	83	84	244
243	85	242	84	85	243
242	50	241	85	50	242
277	87	276	86	87	277
276	88	311	87	88	276
311	89	310	88	89	311
308	92	307	91	92	308
307	93	306	92	93	307
306	94	305	93	94	306
305	95	304	94	95	305
304	96	303	95	96	304
303	97	302	96	97	303	339	133	338	132	133	339
302	98	301	97	98	302
301	99	300	98	99	301
299	101	298	100	101	299
298	102	297	101	102	298
297	103	296	102	103	297	369	175	368	174	175	369
296	104	295	103	104	296
295	105	294	104	105	295
294	106	293	105	106	294	330	142	329	141	142	330
293	107	292	106	107	293
292	108	291	107	108	292
290	110	289	109	110	290
289	111	288	110	111	289
288	112	287	111	112	288
287	113	286	112	113	287
286	114	285	113	114	286
285	115	284	114	115	285	357	187	356	186	187	357
284	116	283	115	116	284
283	117	282	116	117	283
281	119	280	118	119	281
280	120	279	119	120	280
279	121	278	120	121	279	315	157	314	156	157	315
278	86	277	121	86	278
313	123	312	122	123	313
312	124	347	123	124	312
346	126	345	125	126	346	382	162	381	161	162	382
344	128	343	127	128	344
343	129	342	128	129	343
342	130	341	129	130	342
341	131	340	130	131	341
340	132	339	131	132	340
338	134	337	133	134	338
337	135	336	134	135	337
335	137	334	136	137	335	371	173	370	172	173	371
333	139	332	138	139	333
332	140	331	139	140	332
331	141	330	140	141	331
329	143	328	142	143	329	365	179	364	178	179	365
328	144	327	143	144	328	364	180	363	179	180	364
326	146	325	145	146	326
325	147	324	146	147	325	361	183	360	182	183	361
324	148	323	147	148	324
323	149	322	148	149	323
322	150	321	149	150	322
321	151	320	150	151	321
319	153	318	152	153	319
317	155	316	154	155	317	353	191	352	190	191	353
316	156	315	155	156	316	352	192	351	191	192	352
314	122	313	157	122	314
349	159	348	158	159	349
348	160	383	159	160	348
380	164	379	163	164	380
378	166	377	165	166	378
377	167	376	166	167	377
376	168	375	167	168	376
375	169	374	168	169	375
373	171	372	170	171	373
372	172	371	171	172	372
368	176	367	175	176	368
367	177	366	176	177	367
366	178	365	177	178	366
362	182	361	181	182	362
360	184	359	183	184	360
359	185	358	184	185	359
358	186	357	185	186	358
355	189	354	188	189	355
354	190	353	189	190	354
351	193	350	192	193	351
350	158	349	193	158	350

#	Normal	148
-0	1	0
-1	0	0
-0	-1	-0
1	0	0
0	-0	1
0	0	-1
0	0.0871609	-0.996194
0	0.258818	-0.965926
0	0.42262	-0.906307
0	0.573575	-0.819153
0	0.707107	-0.707107
0	0.819151	-0.573578
0	0.906307	-0.42262
0	0.965926	-0.258818
0	0.996195	-0.0871547
-0	0.996195	0.0871547
-0	0.965926	0.258818
-0	0.906307	0.42262
-0	0.819155	0.573572
-0	0.707101	0.707113
-0	0.573583	0.819147
-0	0.42262	0.906307
-0	0.258818	0.965926
-0	0.0871486	0.996195
0	-0.0871486	0.996195
0	-0.258819	0.965926
0	-0.422618	0.906308
0	-0.573583	0.819147
0	-0.707104	0.70711
0	-0.819152	0.573576
0	-0.906309	0.422615
0	-0.965925	0.258824
0	-0.996195	0.0871547
0	-0.996195	-0.0871547
0	-0.965925	-0.258824
0	-0.906309	-0.422615
0	-0.819148	-0.573582
0	-0.70711	-0.707104
0	-0.573575	-0.819153
0	-0.422618	-0.906308
0	-0.258819	-0.965926
0	-0.0871609	-0.996194
0	0.0871486	-0.996195
0	0.573572	-0.819155
0	0.819155	-0.573572
0	0.996195	-0.0871486
-0	0.996195	0.0871486
-0	0.965925	0.258821
-0	0.906309	0.422616
-0	0.819151	0.573578
-0	0.707107	0.707107
-0	0.573572	0.819155
-0	0.0871609	0.996194
0	-0.0871609	0.996194
0	-0.258821	0.965925
0	-0.422616	0.906309
0	-0.573578	0.819151
0	-0.707107	0.707107
0	-0.819151	0.573578
0	-0.906309	0.422616
0	-0.965925	0.258821
0	-0.996194	0.0871609
0	-0.996194	-0.0871609
0	-0.965926	-0.258818
0	-0.906307	-0.42262
0	-0.819155	-0.573572
0	-0.707107	-0.707107
0	-0.573578	-0.819151
0	-0.422616	-0.906309
0	-0.258821	-0.965925
0	-0.0871486	-0.996195
0	0.087148	-0.996195
0	0.258833	-0.965922
0	0.422608	-0.906313
0	0.819149	-0.573581
0	0.906313	-0.422608
0	0.965922	-0.258833
0	0.996195	-0.087148
-0	0.996195	0.087148
-0	0.965922	0.258833
-0	0.906313	0.422608
-0	0.819138	0.573596
-0	0.573596	0.819138
-0	0.422608	0.906313
-0	0.258833	0.965922
-0	0.087148	0.996195
0	-0.087148	0.996195
0	-0.258833	0.965922
0	-0.422608	0.906313
0	-0.573581	0.819149
0	-0.819153	0.573575
0	-0.906313	0.422608
0	-0.965922	0.258833
0	-0.996195	0.087148
0	-0.996195	-0.087148
0	-0.965922	-0.258833
0	-0.906313	-0.422608
0	-0.819163	-0.573561
0	-0.573561	-0.819163
0	-0.422608	-0.906313
0	-0.258833	-0.965922
0	-0.087148	-0.996195
0	0.087158	-0.996194
0	0.258828	-0.965923
0	0.57357	-0.819157
0	0.819147	-0.573583
0	0.906314	-0.422604
0	0.965923	-0.258828
0	0.996194	-0.087158
-0	0.996195	0.0871563
-0	0.906314	0.422604
-0	0.819154	0.573574
-0	0.57357	0.819157
-0	0.258828	0.965923
-0	0.0871382	0.996196
0	-0.0871364	0.996196
0	-0.42262	0.906307
0	-0.57357	0.819157
0	-0.819154	0.573574
0	-0.906307	0.42262
0	-0.965927	0.258814
0	-0.996195	0.0871563
0	-0.996194	-0.087158
0	-0.965928	-0.258809
0	-0.819147	-0.573583
0	-0.57357	-0.819157
0	-0.42262	-0.906307
0	-0.0871563	-0.996195
0	0.0871563	-0.996195
0	0.258814	-0.965927
0	0.819157	-0.57357
0	0.965927	-0.258814
0	0.996195	-0.0871563
-0	0.996194	0.087158
-0	0.965928	0.258809
-0	0.819157	0.57357
-0	0.707097	0.707117
-0	0.0871563	0.996195
0	-0.087158	0.996194
0	-0.258828	0.965923
0	-0.819157	0.57357
0	-0.965923	0.258828
0	-0.996194	0.087158
0	-0.996195	-0.0871563
0	-0.819157	-0.57357
0	-0.707117	-0.707097
0	-0.258809	-0.965928
0	-0.087158	-0.996194

#	Mesh	0	End

