#	Mesh	0	Begin

#	Vertex	232
112768	-15585.5	-50
112768	-15585.5	5230
112768	-15785.5	5230
112768	-15785.5	-50
120468	-15785.5	5230
120468	-15785.5	-50
113558	-15785.5	3950
114908	-15785.5	3950
114908	-15785.5	4550
113558	-15785.5	4550
116210	-15785.5	4268.5
116215	-15785.5	4268.98
116221	-15785.5	4270.4
116225	-15785.5	4272.72
116230	-15785.5	4275.87
116234	-15785.5	4279.75
116237	-15785.5	4284.25
116239	-15785.5	4289.23
116241	-15785.5	4294.53
116241	-15785.5	4300
116241	-15785.5	4305.47
116239	-15785.5	4310.77
116237	-15785.5	4315.75
116234	-15785.5	4320.25
116230	-15785.5	4324.13
116225	-15785.5	4327.28
116221	-15785.5	4329.6
116215	-15785.5	4331.02
116210	-15785.5	4331.5
116204	-15785.5	4331.02
116199	-15785.5	4329.6
116194	-15785.5	4327.28
116189	-15785.5	4324.13
116186	-15785.5	4320.25
116182	-15785.5	4315.75
116180	-15785.5	4310.77
116179	-15785.5	4305.47
116178	-15785.5	4300
116179	-15785.5	4294.53
116180	-15785.5	4289.23
116182	-15785.5	4284.25
116186	-15785.5	4279.75
116189	-15785.5	4275.87
116194	-15785.5	4272.72
116199	-15785.5	4270.4
116204	-15785.5	4268.98
116358	-15785.5	4268.5
116364	-15785.5	4268.98
116369	-15785.5	4270.4
116374	-15785.5	4272.72
116379	-15785.5	4275.87
116382	-15785.5	4279.75
116386	-15785.5	4284.25
116388	-15785.5	4289.23
116389	-15785.5	4294.53
116390	-15785.5	4300
116389	-15785.5	4305.47
116388	-15785.5	4310.77
116386	-15785.5	4315.75
116382	-15785.5	4320.25
116379	-15785.5	4324.13
116374	-15785.5	4327.28
116369	-15785.5	4329.6
116364	-15785.5	4331.02
116358	-15785.5	4331.5
116353	-15785.5	4331.02
116347	-15785.5	4329.6
116343	-15785.5	4327.28
116338	-15785.5	4324.13
116334	-15785.5	4320.25
116331	-15785.5	4315.75
116329	-15785.5	4310.77
116327	-15785.5	4305.47
116327	-15785.5	4300
116327	-15785.5	4294.53
116329	-15785.5	4289.23
116331	-15785.5	4284.25
116334	-15785.5	4279.75
116338	-15785.5	4275.87
116343	-15785.5	4272.72
116347	-15785.5	4270.4
116353	-15785.5	4268.98
116519	-15785.5	4275
116523	-15785.5	4275.38
116528	-15785.5	4276.51
116531	-15785.5	4278.35
116535	-15785.5	4280.85
116538	-15785.5	4283.93
116541	-15785.5	4287.5
116542	-15785.5	4291.45
116544	-15785.5	4295.66
116544	-15785.5	4300
116544	-15785.5	4304.34
116542	-15785.5	4308.55
116541	-15785.5	4312.5
116538	-15785.5	4316.07
116535	-15785.5	4319.15
116531	-15785.5	4321.65
116528	-15785.5	4323.49
116523	-15785.5	4324.62
116519	-15785.5	4325
116515	-15785.5	4324.62
116510	-15785.5	4323.49
116506	-15785.5	4321.65
116503	-15785.5	4319.15
116500	-15785.5	4316.07
116497	-15785.5	4312.5
116495	-15785.5	4308.55
116494	-15785.5	4304.34
116494	-15785.5	4300
116494	-15785.5	4295.66
116495	-15785.5	4291.45
116497	-15785.5	4287.5
116500	-15785.5	4283.93
116503	-15785.5	4280.85
116506	-15785.5	4278.35
116510	-15785.5	4276.51
116515	-15785.5	4275.38
120468	-15585.5	5230
120468	-15585.5	-50
114908	-15585.5	3950
113558	-15585.5	3950
113558	-15585.5	4550
114908	-15585.5	4550
116215	-15585.5	4268.98
116210	-15585.5	4268.5
116204	-15585.5	4268.98
116199	-15585.5	4270.4
116194	-15585.5	4272.72
116189	-15585.5	4275.87
116186	-15585.5	4279.75
116182	-15585.5	4284.25
116180	-15585.5	4289.23
116179	-15585.5	4294.53
116178	-15585.5	4300
116179	-15585.5	4305.47
116180	-15585.5	4310.77
116182	-15585.5	4315.75
116186	-15585.5	4320.25
116189	-15585.5	4324.13
116194	-15585.5	4327.28
116199	-15585.5	4329.6
116204	-15585.5	4331.02
116210	-15585.5	4331.5
116215	-15585.5	4331.02
116221	-15585.5	4329.6
116225	-15585.5	4327.28
116230	-15585.5	4324.13
116234	-15585.5	4320.25
116237	-15585.5	4315.75
116239	-15585.5	4310.77
116241	-15585.5	4305.47
116241	-15585.5	4300
116241	-15585.5	4294.53
116239	-15585.5	4289.23
116237	-15585.5	4284.25
116234	-15585.5	4279.75
116230	-15585.5	4275.87
116225	-15585.5	4272.72
116221	-15585.5	4270.4
116364	-15585.5	4268.98
116358	-15585.5	4268.5
116353	-15585.5	4268.98
116347	-15585.5	4270.4
116343	-15585.5	4272.72
116338	-15585.5	4275.87
116334	-15585.5	4279.75
116331	-15585.5	4284.25
116329	-15585.5	4289.23
116327	-15585.5	4294.53
116327	-15585.5	4300
116327	-15585.5	4305.47
116329	-15585.5	4310.77
116331	-15585.5	4315.75
116334	-15585.5	4320.25
116338	-15585.5	4324.13
116343	-15585.5	4327.28
116347	-15585.5	4329.6
116353	-15585.5	4331.02
116358	-15585.5	4331.5
116364	-15585.5	4331.02
116369	-15585.5	4329.6
116374	-15585.5	4327.28
116379	-15585.5	4324.13
116382	-15585.5	4320.25
116386	-15585.5	4315.75
116388	-15585.5	4310.77
116389	-15585.5	4305.47
116390	-15585.5	4300
116389	-15585.5	4294.53
116388	-15585.5	4289.23
116386	-15585.5	4284.25
116382	-15585.5	4279.75
116379	-15585.5	4275.87
116374	-15585.5	4272.72
116369	-15585.5	4270.4
116523	-15585.5	4275.38
116519	-15585.5	4275
116515	-15585.5	4275.38
116510	-15585.5	4276.51
116506	-15585.5	4278.35
116503	-15585.5	4280.85
116500	-15585.5	4283.93
116497	-15585.5	4287.5
116495	-15585.5	4291.45
116494	-15585.5	4295.66
116494	-15585.5	4300
116494	-15585.5	4304.34
116495	-15585.5	4308.55
116497	-15585.5	4312.5
116500	-15585.5	4316.07
116503	-15585.5	4319.15
116506	-15585.5	4321.65
116510	-15585.5	4323.49
116515	-15585.5	4324.62
116519	-15585.5	4325
116523	-15585.5	4324.62
116528	-15585.5	4323.49
116531	-15585.5	4321.65
116535	-15585.5	4319.15
116538	-15585.5	4316.07
116541	-15585.5	4312.5
116542	-15585.5	4308.55
116544	-15585.5	4304.34
116544	-15585.5	4300
116544	-15585.5	4295.66
116542	-15585.5	4291.45
116541	-15585.5	4287.5
116538	-15585.5	4283.93
116535	-15585.5	4280.85
116531	-15585.5	4278.35
116528	-15585.5	4276.51

#	Triangle	86
0	2	1	3	2	0	120	8	123	7	8	120
4	3	5	4	83	3	83	82	3	82	47	3	47	46	3	46	7	3	7	6	3	6	2	3	46	10	7	10	45	7	45	8	7	9	2	6	81	10	46	81	11	10	82	48	47	80	11	81	80	12	11	44	8	45	82	49	48	79	12	80	79	13	12	43	8	44	82	50	49	78	13	79	78	14	13	42	8	43	117	50	82	4	84	83	116	50	117	116	51	50	77	14	78	77	15	14	41	8	42	4	85	84	115	51	116	4	86	85	114	51	115	114	52	51	76	15	77	76	16	15	40	8	41	4	87	86	113	52	114	4	88	87	112	52	113	112	53	52	75	16	76	75	17	16	39	8	40	4	89	88	111	53	112	111	54	53	74	17	75	74	18	17	38	8	39	4	90	89	110	54	111	110	55	54	73	18	74	73	19	18	37	8	38	4	91	90	109	55	110	4	92	91	108	55	109	108	56	55	72	19	73	72	20	19	36	8	37	4	93	92	107	56	108	107	57	56	71	20	72	71	21	20	35	8	36	4	94	93	106	57	107	106	58	57	70	21	71	70	22	21	34	8	35	4	95	94	105	58	106	105	59	58	69	22	70	69	23	22	33	8	34	4	96	95	104	59	105	4	97	96	103	59	104	103	60	59	68	23	69	68	24	23	32	8	33	4	98	97	102	60	103	4	99	98	101	60	102	101	61	60	67	24	68	67	25	24	31	8	32	4	100	99	100	61	101	4	61	100	4	62	61	66	25	67	66	26	25	30	8	31	4	63	62	65	26	66	65	27	26	29	8	30	4	64	63	64	27	65	64	28	27	28	8	29	4	28	64	4	8	28	4	9	8	4	2	9
5	118	4	119	118	5	122	6	121	9	6	122
1	121	0	121	119	0	121	120	119	120	161	119	161	160	119	160	197	119	197	196	119	196	118	119	1	122	121	123	126	120	126	125	120	125	161	120	124	161	125	124	162	161	123	127	126	159	162	124	159	163	162	195	197	160	123	128	127	158	163	159	158	164	163	194	197	195	123	129	128	157	164	158	157	165	164	193	197	194	193	198	197	193	199	198	231	118	196	123	130	129	156	165	157	156	166	165	192	199	193	192	200	199	230	118	231	192	201	200	229	118	230	123	131	130	155	166	156	155	167	166	191	201	192	191	202	201	228	118	229	191	203	202	227	118	228	123	132	131	154	167	155	154	168	167	190	203	191	190	204	203	226	118	227	123	133	132	153	168	154	153	169	168	189	204	190	189	205	204	225	118	226	123	134	133	152	169	153	152	170	169	188	205	189	188	206	205	224	118	225	123	135	134	151	170	152	151	171	170	187	206	188	187	207	206	223	118	224	187	208	207	222	118	223	123	136	135	150	171	151	150	172	171	186	208	187	186	209	208	221	118	222	123	137	136	149	172	150	149	173	172	185	209	186	185	210	209	220	118	221	123	138	137	148	173	149	148	174	173	184	210	185	184	211	210	219	118	220	184	212	211	218	118	219	123	139	138	147	174	148	147	175	174	183	212	184	183	213	212	217	118	218	183	214	213	216	118	217	123	140	139	146	175	147	146	176	175	182	214	183	182	215	214	215	118	216	182	118	215	123	141	140	145	176	146	145	177	176	181	118	182	123	142	141	144	177	145	144	178	177	180	118	181	123	143	142	143	178	144	143	179	178	179	118	180	123	179	143	123	118	179	1	123	122	1	118	123
0	5	3	119	5	0	123	9	122	8	9	123
2	118	1	4	118	2	121	7	120	6	7	121
125	11	124	10	11	125	161	47	160	46	47	161
124	12	159	11	12	124	160	48	195	47	48	160
159	13	158	12	13	159	195	49	194	48	49	195
158	14	157	13	14	158
157	15	156	14	15	157	193	51	192	50	51	193
156	16	155	15	16	156	192	52	191	51	52	192
155	17	154	16	17	155	191	53	190	52	53	191
154	18	153	17	18	154	190	54	189	53	54	190
153	19	152	18	19	153
152	20	151	19	20	152
151	21	150	20	21	151	187	57	186	56	57	187
150	22	149	21	22	150	186	58	185	57	58	186
149	23	148	22	23	149	185	59	184	58	59	185
148	24	147	23	24	148	184	60	183	59	60	184
147	25	146	24	25	147
146	26	145	25	26	146	182	62	181	61	62	182
145	27	144	26	27	145	181	63	180	62	63	181
144	28	143	27	28	144	180	64	179	63	64	180
143	29	142	28	29	143
142	30	141	29	30	142
141	31	140	30	31	141	177	67	176	66	67	177
140	32	139	31	32	140	176	68	175	67	68	176
139	33	138	32	33	139	175	69	174	68	69	175
138	34	137	33	34	138	174	70	173	69	70	174
137	35	136	34	35	137	173	71	172	70	71	173
136	36	135	35	36	136	172	72	171	71	72	172
135	37	134	36	37	135	171	73	170	72	73	171
134	38	133	37	38	134	170	74	169	73	74	170
133	39	132	38	39	133	169	75	168	74	75	169
132	40	131	39	40	132	168	76	167	75	76	168
131	41	130	40	41	131	167	77	166	76	77	167
130	42	129	41	42	130	166	78	165	77	78	166
129	43	128	42	43	129	165	79	164	78	79	165
128	44	127	43	44	128	164	80	163	79	80	164
127	45	126	44	45	127
126	10	125	45	10	126
194	50	193	49	50	194
189	55	188	54	55	189
188	56	187	55	56	188
183	61	182	60	61	183
179	65	178	64	65	179
178	66	177	65	66	178
163	81	162	80	81	163
162	46	161	81	46	162
197	83	196	82	83	197
196	84	231	83	84	196
231	85	230	84	85	231
230	86	229	85	86	230
229	87	228	86	87	229
228	88	227	87	88	228
227	89	226	88	89	227
226	90	225	89	90	226
225	91	224	90	91	225
224	92	223	91	92	224
223	93	222	92	93	223
222	94	221	93	94	222
221	95	220	94	95	221
220	96	219	95	96	220
219	97	218	96	97	219
218	98	217	97	98	218
217	99	216	98	99	217
216	100	215	99	100	216
215	101	214	100	101	215
214	102	213	101	102	214
213	103	212	102	103	213
212	104	211	103	104	212
211	105	210	104	105	211
210	106	209	105	106	210
209	107	208	106	107	209
208	108	207	107	108	208
207	109	206	108	109	207
206	110	205	109	110	206
205	111	204	110	111	205
204	112	203	111	112	204
203	113	202	112	113	203
202	114	201	113	114	202
201	115	200	114	115	201
200	116	199	115	116	200
199	117	198	116	117	199
198	82	197	117	82	198

#	Normal	86
1	0	0
0	1	-0
-1	0	0
0	-1	0
0	0	1
0	0	-1
0.087167	0	-0.996194
0.258819	0	-0.965926
0.422574	0	-0.906328
0.57406	0	-0.818814
0.707062	0	-0.707151
0.819249	0	-0.573438
0.906328	0	-0.422574
0.965892	0	-0.258946
0.996102	0	-0.0882104
0.996102	0	0.0882104
0.965892	0	0.258946
0.906328	0	0.422574
0.819249	0	0.573438
0.707062	0	0.707151
0.57406	0	0.818814
0.422574	0	0.906328
0.258819	0	0.965926
0.087167	0	0.996194
-0.0870435	0	0.996205
-0.259175	0	0.96583
-0.422574	0	0.906328
-0.573391	0	0.819282
-0.707062	0	0.707151
-0.819249	0	0.573438
-0.906328	0	0.422574
-0.965892	0	0.258946
-0.996226	0	0.0867985
-0.996226	-0	-0.0867985
-0.965892	-0	-0.258946
-0.906328	-0	-0.422574
-0.819249	-0	-0.573438
-0.707062	-0	-0.707151
-0.573391	-0	-0.819282
-0.422574	-0	-0.906328
-0.259175	-0	-0.96583
-0.0870435	-0	-0.996205
0.573391	0	-0.819282
0.996226	0	-0.0867985
0.996226	0	0.0867985
0.573391	0	0.819282
-0.087167	0	0.996194
-0.258819	0	0.965926
-0.258819	-0	-0.965926
-0.087167	-0	-0.996194
0.0872783	0	-0.996184
0.258736	0	-0.965948
0.422229	0	-0.906489
0.573583	0	-0.819148
0.707443	0	-0.70677
0.819111	0	-0.573635
0.906134	0	-0.42299
0.966086	0	-0.258221
0.996135	0	-0.0878382
0.996135	0	0.0878382
0.966086	0	0.258221
0.906134	0	0.42299
0.819111	0	0.573635
0.707443	0	0.70677
0.573583	0	0.819148
0.422229	0	0.906489
0.258736	0	0.965948
0.0872783	0	0.996184
-0.0871225	0	0.996198
-0.258736	0	0.965948
-0.422916	0	0.906169
-0.573583	0	0.819148
-0.706547	0	0.707666
-0.819111	0	0.573635
-0.906821	0	0.421516
-0.965637	0	0.259893
-0.99629	0	0.086059
-0.99629	-0	-0.086059
-0.965637	-0	-0.259893
-0.906821	-0	-0.421516
-0.819111	-0	-0.573635
-0.706547	-0	-0.707666
-0.573583	-0	-0.819148
-0.422916	-0	-0.906169
-0.258736	-0	-0.965948
-0.0871225	-0	-0.996198

#	Mesh	0	End

