# 2 1 12 1 -13 12 1 -25
# 2 1 13 1 -13 13 1 -25
# 2 1 14 1 -13 14 1 -25
# 2 1 15 1 -13 15 1 -25
# 2 1 12 1 24 12 1 35
# 2 1 13 1 24 13 1 35
# 2 1 14 1 24 14 1 35
# 2 1 15 1 24 15 1 35
# 1 2 -1 5 -44
# 1 2 -1 5 -43
# 1 2 -1 5 -42
# 1 2 -1 5 -39
# 1 2 -1 5 -38
# 1 2 -1 5 -37
# 1 2 0 5 56
# 1 2 1 5 56
# 1 2 2 5 56
# 1 2 24 5 56
# 1 2 25 5 56
# 1 2 26 5 56
# 1 2 27 5 56
# 1 2 29 5 -35
# 1 2 30 5 -35
# 1 2 31 5 -35
# 1 2 32 5 -35
# 1 2 35 5 -35
# 1 2 36 5 -35
# 1 2 37 5 -35
# 1 2 38 5 -35
# 1 2 28 5 -14
# 1 2 28 5 -13
# 1 2 28 5 -12
# 1 2 28 5 -11
# 1 2 28 5 20
# 1 2 28 5 21
# 1 2 28 5 22


-1  27  2
-1  28  2
-1  29  2
-1  32  2
-1  33  2
-1  34  2
14  -6  1
13  -6  1
14  -5  1
13  -5  1
14  16  1
13  16  1
14  17  1
13  17  1
7  -34  1
20  -34  1
20  46  1
7  46  1
8  46  1
9  46  1
10  46  1
11  46  1
12  46  1
13  46  1
14  46  1
15  46  1
16  46  1
17  46  1
18  46  1
19  46  1
20  45  1
20  44  1
20  43  1
20  42  1
20  41  1
20  40  1
20  39  1
20  38  1
20  37  1
20  36  1
20  35  1
20  34  1
20  33  1
20  32  1
20  31  1
20  30  1
20  29  1
20  28  1
20  27  1
20  26  1
20  25  1
20  24  1
20  23  1
20  22  1
20  21  1
20  20  1
20  19  1
20  18  1
20  17  1
20  16  1
20  15  1
20  14  1
20  13  1
20  12  1
20  11  1
20  10  1
20  9  1
20  8  1
20  7  1
20  6  1
20  5  1
20  4  1
20  3  1
20  2  1
20  1  1
20  0  1
20  -1  1
20  -2  1
20  -3  1
20  -4  1
20  -5  1
20  -6  1
20  -7  1
20  -8  1
20  -9  1
20  -10  1
20  -11  1
20  -12  1
20  -13  1
20  -14  1
20  -15  1
20  -16  1
20  -17  1
20  -18  1
20  -19  1
20  -20  1
20  -21  1
20  -22  1
20  -23  1
20  -24  1
20  -25  1
20  -26  1
20  -27  1
20  -28  1
20  -29  1
20  -30  1
20  -31  1
20  -32  1
20  -33  1
19  -34  1
18  -34  1
17  -34  1
16  -34  1
15  -34  1
14  -34  1
13  -34  1
12  -34  1
11  -34  1
10  -34  1
9  -34  1
8  -34  1
7  -33  1
7  -32  1
7  -31  1
7  -30  1
7  -29  1
7  -28  1
7  -27  1
7  -26  1
7  -25  1
7  -24  1
7  -23  1
7  -22  1
7  -21  1
7  -20  1
7  -19  1
7  -18  1
7  -17  1
7  -16  1
7  -15  1
7  -14  1
7  -13  1
7  -12  1
7  -11  1
7  -10  1
7  -9  1
7  -8  1
7  -7  1
7  -6  1
7  -5  1
7  -4  1
7  -3  1
7  -2  1
7  -1  1
7  0  1
7  1  1
7  2  1
7  3  1
7  4  1
7  5  1
7  6  1
7  7  1
7  8  1
7  9  1
7  10  1
7  11  1
7  12  1
7  13  1
7  14  1
7  15  1
7  16  1
7  17  1
7  18  1
7  19  1
7  20  1
7  21  1
7  22  1
7  23  1
7  24  1
7  25  1
7  26  1
7  27  1
7  28  1
7  29  1
7  30  1
7  31  1
7  32  1
7  33  1
7  34  1
7  35  1
7  36  1
7  37  1
7  38  1
7  39  1
7  40  1
7  41  1
7  42  1
7  43  1
7  44  1
7  45  1
11  -26  1
12  -26  1
13  -26  1
14  -26  1
15  -26  1
16  -26  1
11  -25  1
11  -24  1
11  -23  1
11  -22  1
11  -21  1
11  -20  1
11  -19  1
11  -18  1
11  -17  1
11  -16  1
11  -15  1
11  -14  1
12  -14  1
13  -14  1
14  -14  1
15  -14  1
16  -14  1
16  -25  1
16  -24  1
16  -23  1
16  -22  1
16  -21  1
16  -20  1
16  -19  1
16  -18  1
16  -17  1
16  -16  1
16  -15  1
16  37  1
16  36  1
16  35  1
16  34  1
16  33  1
16  32  1
16  31  1
16  30  1
16  29  1
16  28  1
16  27  1
16  26  1
16  25  1
15  37  1
14  37  1
15  25  1
14  25  1
13  25  1
12  25  1
11  25  1
11  26  1
11  27  1
11  28  1
11  29  1
11  30  1
11  31  1
11  32  1
11  33  1
11  34  1
11  35  1
11  36  1
13  37  1
12  37  1
11  37  1
15  18  1
14  18  1
13  18  1
12  18  1
15  17  1
15  16  1
15  15  1
14  15  1
13  15  1
12  15  1
12  17  1
12  16  1
13  7  1
14  7  1
14  6  1
13  6  1
13  -7  1
12  -7  1
14  -7  1
15  -7  1
15  -6  1
15  -5  1
15  -4  1
14  -4  1
13  -4  1
12  -4  1
12  -5  1
12  -6  1
27  6  2
27  5  2
27  4  2
26  4  2
26  6  2
26  5  2
26  3  2
27  3  2
27  2  2
26  2  2
27  1  2
26  1  2
25  1  2
25  3  2
25  2  2
25  4  2
25  5  2
25  6  2
27  7  2
26  7  2
25  7  2
27  8  2
26  8  2
25  8  2
15  26  2
15  27  2
14  26  2
14  27  2
15  28  2
14  28  2
15  29  2
14  29  2
13  26  2
13  27  2
13  28  2
13  29  2
15  30  2
14  30  2
13  30  2
16  26  2
16  27  2
16  28  2
16  29  2
16  30  2
16  31  2
15  31  2
16  32  2
14  31  2
13  31  2
15  32  2
14  32  2
13  32  2
12  26  2
12  27  2
12  28  2
12  29  2
12  30  2
12  31  2
12  32  2
16  33  2
15  33  2
14  33  2
13  33  2
12  33  2
11  26  2
11  27  2
11  28  2
11  29  2
11  30  2
11  31  2
11  32  2
11  33  2
16  -23  2
15  -22  2
16  -22  2
15  -23  2
14  -23  2
14  -22  2
14  -21  2
15  -21  2
16  -20  2
16  -21  2
15  -20  2
14  -20  2
16  -19  2
15  -19  2
14  -19  2
13  -23  2
13  -22  2
13  -21  2
13  -20  2
12  -23  2
12  -22  2
12  -21  2
12  -20  2
13  -19  2
12  -19  2
11  -23  2
11  -22  2
11  -21  2
11  -20  2
11  -19  2
16  -18  2
15  -18  2
16  -17  2
15  -17  2
14  -18  2
14  -17  2
13  -18  2
12  -17  2
12  -18  2
13  -17  2
11  -18  2
11  -17  2
15  -16  2
16  -16  2
14  -16  2
13  -16  2
12  -16  2
11  -16  2
13  -6  2
14  -6  2
14  -5  2
13  -5  2
13  13  2
14  13  2
14  14  2
13  14  2
11  4  2
11  5  2
11  6  2
16  4  2
16  5  2
16  6  2
18  4  2
17  4  2
9  4  2
10  4  2
17  25  2
16  25  2
15  25  2
14  25  2
13  25  2
12  25  2
11  25  2
10  25  2
12  13  2
12  14  2
12  15  2
13  15  2
14  15  2
15  15  2
15  14  2
15  13  2
15  12  2
14  12  2
13  12  2
12  12  2
28  25  2
28  24  2
27  24  2
26  24  2
25  24  2
24  24  2
23  24  2
26  23  2
27  23  2
25  23  2
24  23  2
23  23  2
43  23  2
42  23  2
41  23  2
40  23  2
39  23  2
38  23  2
37  23  2
36  23  2
35  23  2
34  23  2
33  23  2
32  23  2
31  23  2
30  23  2
29  23  2
28  23  2
27  0  2
26  0  2
25  0  2
24  0  2
24  1  2
24  2  2
24  3  2
24  4  2
24  5  2
24  6  2
24  7  2
24  8  2
27  9  2
26  9  2
25  9  2
24  9  2
17  5  2
18  5  2
17  6  2
18  6  2
9  6  2
10  6  2
10  5  2
9  5  2
12  -6  2
12  -5  2
12  -4  2
13  -4  2
14  -4  2
15  -4  2
15  -5  2
15  -6  2
12  -7  2
13  -7  2
14  -7  2
15  -7  2
43  19  2
42  19  2
41  19  2
40  19  2
39  19  2
38  19  2
37  19  2
36  19  2
35  19  2
34  19  2
33  19  2
28  -8  2
28  -7  2
28  -6  2
28  -5  2
28  -4  2
28  -3  2
28  -2  2
28  -1  2
28  0  2
28  1  2
28  2  2
28  3  2
28  4  2
28  5  2
28  6  2
28  7  2
28  8  2
28  9  2
28  10  2
28  11  2
28  12  2
28  13  2
28  14  2
28  15  2
28  16  2
28  17  2
28  18  2
32  19  2
31  19  2
30  19  2
29  19  2
28  19  2
43  -10  2
42  -10  2
41  -10  2
40  -10  2
39  -10  2
38  -10  2
37  -10  2
36  -10  2
35  -10  2
34  -10  2
33  -10  2
32  -10  2
31  -10  2
30  -10  2
29  -10  2
43  -15  2
42  -15  2
41  -15  2
40  -15  2
39  -15  2
38  -15  2
37  -15  2
36  -15  2
35  -15  2
34  -15  2
33  -15  2
32  -15  2
31  -15  2
30  -15  2
29  -15  2
28  -9  2
28  -10  2
24  -16  2
23  -16  2
9  -25  2
10  -25  2
26  -15  2
28  -15  2
27  -15  2
27  -16  2
28  -16  2
28  -17  2
28  -18  2
28  -19  2
28  -20  2
28  -21  2
28  -22  2
28  -23  2
28  -24  2
28  -25  2
39  -26  2
38  -26  2
39  -27  2
39  -28  2
39  -29  2
39  -30  2
39  -31  2
39  -32  2
39  -33  2
39  -34  2
39  -35  2
39  -36  2
39  -37  2
39  -38  2
39  -39  2
39  -40  2
39  -41  2
39  -42  2
39  -43  2
39  -44  2
37  -26  2
36  -26  2
35  -26  2
34  -26  2
33  -26  2
32  -26  2
34  -30  2
34  -31  2
34  -32  2
34  -33  2
34  -34  2
34  -35  2
34  -36  2
34  -37  2
34  -38  2
34  -39  2
34  -40  2
34  -41  2
34  -42  2
34  -43  2
34  -44  2
31  -26  2
30  -26  2
29  -26  2
28  -26  2
27  -30  2
26  -30  2
25  -30  2
24  -30  2
23  -30  2
22  -30  2
33  -33  2
33  -32  2
33  -31  2
33  -30  2
32  -30  2
31  -30  2
30  -30  2
29  -30  2
33  -34  2
28  -30  2
33  -35  2
33  -36  2
33  -37  2
33  -38  2
33  -39  2
33  -40  2
33  -41  2
33  -42  2
33  -43  2
33  -44  2
28  -44  2
28  -43  2
28  -42  2
28  -41  2
28  -40  2
28  -39  2
28  -38  2
28  -37  2
28  -36  2
28  -35  2
25  -35  2
24  -35  2
23  -35  2
22  -35  2
21  -35  2
20  -35  2
17  -21  2
17  -20  2
17  -19  2
17  -18  2
17  -17  2
17  -16  2
17  -15  2
25  -15  2
24  -15  2
23  -15  2
16  -15  2
15  -15  2
14  -15  2
13  -15  2
12  -15  2
25  -16  2
17  -22  2
16  -24  2
15  -24  2
14  -24  2
13  -24  2
12  -24  2
11  -24  2
26  -16  2
11  -15  2
10  -15  2
10  -16  2
10  -17  2
10  -18  2
10  -19  2
10  -20  2
10  -21  2
10  -22  2
10  -23  2
9  -26  2
9  -24  2
10  -26  2
10  -24  2
17  -44  2
17  -43  2
17  -42  2
17  -41  2
17  -40  2
17  -39  2
17  -38  2
17  -37  2
17  -36  2
17  -35  2
17  -34  2
17  -33  2
17  -32  2
17  -31  2
17  -30  2
17  -29  2
17  -28  2
17  -27  2
17  -26  2
17  -25  2
17  -24  2
17  -23  2
10  -34  2
10  -35  2
10  -36  2
10  -37  2
10  -38  2
10  -39  2
10  -40  2
10  -41  2
10  -42  2
10  -43  2
10  -44  2
-1  -30  2
-1  -29  2
-1  -28  2
-1  -27  2
-1  -31  2
-1  -32  2
-1  -33  2
-1  -26  2
-1  -25  2
-1  -24  2
-1  -23  2
-1  -22  2
-1  -21  2
-1  -20  2
-1  -19  2
-1  -18  2
-1  -17  2
-1  -16  2
-1  -15  2
-1  -14  2
-1  -13  2
-1  -12  2
-1  -11  2
-1  -10  2
-1  -9  2
-1  -8  2
-1  -7  2
-1  -6  2
-1  -5  2
-1  -4  2
-1  -3  2
-1  -2  2
-1  -1  2
-1  0  2
-1  1  2
-1  2  2
-1  3  2
-1  4  2
-1  5  2
-1  6  2
-1  7  2
-1  8  2
-1  9  2
-1  10  2
-1  11  2
-1  12  2
-1  13  2
-1  14  2
-1  15  2
-1  16  2
-1  17  2
-1  18  2
-1  19  2
-1  20  2
-1  21  2
-1  22  2
-1  23  2
-1  24  2
-1  25  2
-1  26  2
-1  30  2
-1  31  2
-1  35  2
-1  36  2
-1  37  2
-1  38  2
-1  39  2
-1  40  2
-1  41  2
-1  42  2
-1  43  2
-1  44  2
-1  45  2
-1  46  2
-1  47  2
-1  48  2
-1  49  2
-1  50  2
-1  51  2
-1  52  2
-1  53  2
-1  54  2
-1  55  2
-1  -34  2
-1  -35  2
-1  -36  2
4  -35  2
4  -36  2
4  -37  2
4  -38  2
4  -39  2
-1  -40  2
0  -40  2
1  -40  2
2  -40  2
3  -40  2
4  -40  2
4  -41  2
3  -41  2
2  -41  2
1  -41  2
0  -41  2
-1  -41  2
25  -45  2
24  -45  2
23  -45  2
22  -45  2
21  -45  2
20  -45  2
19  -45  2
18  -45  2
17  -45  2
16  -45  2
15  -45  2
14  -45  2
13  -45  2
12  -45  2
11  -45  2
10  -45  2
9  -45  2
8  -45  2
7  -45  2
6  -45  2
5  -45  2
4  -45  2
3  -45  2
26  -45  2
27  -45  2
39  -45  2
33  -45  2
34  -45  2
28  -45  2
2  -45  2
1  -45  2
0  -45  2
-1  -45  2
17  26  2
17  27  2
17  28  2
17  29  2
17  30  2
17  31  2
17  32  2
17  33  2
17  34  2
10  26  2
10  27  2
10  28  2
10  29  2
10  30  2
10  31  2
10  32  2
10  33  2
10  34  2
16  34  2
15  34  2
14  34  2
13  34  2
12  34  2
11  34  2
9  34  2
9  35  2
10  35  2
10  36  2
9  36  2
17  35  2
17  36  2
18  34  2
18  35  2
18  36  2
28  65  2
28  26  2
28  27  2
28  28  2
28  29  2
28  30  2
28  31  2
28  32  2
28  33  2
28  34  2
28  35  2
28  36  2
28  37  2
28  38  2
28  39  2
28  40  2
28  41  2
28  42  2
28  43  2
28  44  2
28  45  2
28  46  2
28  47  2
28  48  2
28  49  2
28  50  2
28  51  2
28  52  2
28  53  2
28  54  2
28  55  2
28  56  2
28  57  2
28  58  2
28  59  2
28  60  2
28  61  2
28  62  2
28  64  2
28  63  2
29  65  2
30  65  2
31  65  2
32  65  2
33  65  2
34  65  2
35  65  2
36  65  2
37  65  2
38  65  2
39  65  2
40  65  2
41  65  2
42  65  2
43  65  2
43  69  2
42  69  2
41  69  2
40  69  2
39  69  2
38  69  2
37  69  2
36  69  2
35  69  2
34  69  2
33  69  2
32  69  2
31  69  2
30  69  2
29  69  2
28  69  2
27  69  2
43  70  2
42  70  2
41  70  2
40  70  2
39  70  2
38  70  2
37  70  2
36  70  2
35  70  2
34  70  2
33  70  2
32  70  2
31  70  2
30  70  2
29  70  2
28  70  2
27  70  2
43  74  2
42  74  2
41  74  2
40  74  2
39  74  2
38  74  2
37  74  2
36  74  2
35  74  2
34  74  2
33  74  2
32  74  2
31  74  2
30  74  2
29  74  2
28  74  2
27  74  2
26  74  2
25  74  2
23  65  2
23  66  2
23  67  2
23  68  2
23  69  2
23  70  2
24  70  2
26  70  2
25  70  2
26  69  2
24  69  2
25  69  2
22  65  2
22  66  2
22  67  2
22  68  2
22  69  2
22  70  2
17  65  2
17  66  2
17  67  2
17  68  2
17  69  2
17  70  2
17  71  2
17  72  2
17  73  2
17  74  2
18  74  2
19  74  2
20  74  2
21  74  2
22  74  2
24  74  2
23  74  2
17  64  2
16  64  2
15  64  2
14  64  2
13  64  2
12  64  2
11  64  2
10  64  2
9  64  2
8  64  2
7  64  2
6  64  2
5  64  2
4  64  2
3  64  2
2  64  2
1  64  2
-1  56  2
3  56  2
4  56  2
5  56  2
6  56  2
7  56  2
8  56  2
9  56  2
10  56  2
11  56  2
12  56  2
13  56  2
14  56  2
15  56  2
16  56  2
17  56  2
18  56  2
19  56  2
20  56  2
21  56  2
23  56  2
22  56  2
22  64  2
23  64  2
1  65  2
1  66  2
1  67  2
1  68  2
1  69  2
1  70  2
1  71  2
1  72  2
1  73  2
1  74  2
1  75  2
1  76  2
1  77  2
1  78  2
1  79  2