# 1 2 -17 1 -23
# 1 2 -23 1 -18
# 1 2 -22 1 -18
# 1 2 -21 1 -19
# 1 2 -20 1 -20
# 1 2 -19 1 -21
# 1 2 -18 1 -22

12  -30		3
6  -33		3
7  -32		3
8  -32		3
9  -31		3
10  -31		3
11  -30		3
19   32		3
21   29		3
20   30		3
19   31		3
-26   25  		3
-26   19		3
-26   20		3
-26   21		3
-26   22		3
-26   23		3
-26   24		3
3  41  3
2  41  3
1  41  3
0  41  3
-1  41  3
-2  41  3
-3  41  3
4  41  3
-4  41  3
33  24  3
33  23  3
33  22  3
33  21  3
33  20  3
33  19  3
33  18  3
33  17  3
33  25  3
3  -51  3
2  -51  3
1  -51  3
0  -51  3
-1  -51  3
-2  -51  3
-3  -51  3
4  -51  3
-4  -51  3
34  -20  3
34  -21  3
34  -22  3
34  -23  3
34  -24  3
34  -25  3
34  -19  3
33  -26  3
32  -26  3
31  -26  3
30  -26  3
29  -26  3
28  -26  3
27  -26  3
26  -26  3
25  -26  3
24  -26  3
23  -26  3
22  -26  3
21  -26  3
20  -26  3
19  -26  3
18  -26  3
17  -26  3
16  -26  3
15  -26  3
14  -26  3
13  -26  3
12  -26  3
34  -26  3
9  -14  3
9  -16  3
9  -17  3
9  -13  3
11  -12  3
10  -12  3
9  -12  3
11  -18  3
10  -18  3
27  -18  3
28  -18  3
26  -18  3
25  -18  3
24  -18  3
23  -18  3
22  -18  3
21  -18  3
29  -18  3
30  -18  3
31  -18  3
32  -18  3
33  -18  3
20  -18  3
19  -18  3
18  -18  3
17  -18  3
16  -18  3
15  -18  3
14  -18  3
13  -18  3
34  -18  3
9  -18  3
12  -7  3
12  -6  3
12  -5  3
12  -4  3
12  -3  3
12  -8  3
12  -9  3
12  -2  3
12  -1  3
12  0  3
12  1  3
12  -10  3
12  -11  3
12  -12  3
12  -13  3
12  -14  3
12  -15  3
12  -16  3
12  -17  3
12  2  3
12  3  3
12  4  3
12  5  3
12  6  3
12  7  3
12  8  3
12  9  3
12  10  3
12  11  3
12  12  3
12  13  3
12  14  3
12  15  3
12  16  3
12  -18  3
30  17  3
31  17  3
29  17  3
28  17  3
27  17  3
26  17  3
25  17  3
24  17  3
22  17  3
23  17  3
21  17  3
20  17  3
19  17  3
18  17  3
17  17  3
16  17  3
15  17  3
14  17  3
13  17  3
12  17  3
32  17  3
28  26  3
27  26  3
26  26  3
25  26  3
24  26  3
23  26  3
22  26  3
21  26  3
20  26  3
19  26  3
29  26  3
30  26  3
31  26  3
32  26  3
33  26  3
21  28  3
23  29  3
26  31  3
25  31  3
24  30  3
22  29  3
20  28  3
19  27  3
18  26  3
17  26  3
27  32  3
28  32  3
29  33  3
30  33  3
31  33  3
32  33  3
24  37  3
21  35  3
20  34  3
19  34  3
18  33  3
17  33  3
16  32  3
15  31  3
14  31  3
13  30  3
12  30  3
11  29  3
10  29  3
9  28  3
8  27  3
7  27  3
6  26  3
22  36  3
23  36  3
25  37  3
29  38  3
30  38  3
31  38  3
28  38  3
27  38  3
26  38  3
32  38  3
-5  35  3
-5  36  3
-5  34  3
-5  33  3
-5  32  3
-5  31  3
-5  30  3
-5  37  3
-5  38  3
-5  39  3
-5  29  3
-5  28  3
-5  27  3
-5  26  3
-5  40  3
5  35  3
5  36  3
5  37  3
5  38  3
5  34  3
5  33  3
5  32  3
5  31  3
5  30  3
5  29  3
5  28  3
5  27  3
5  26  3
5  39  3
5  40  3
5  41  3
-5  41  3
12  -27  3
21  -42  3
20  -41  3
19  -40  3
19  -39  3
18  -38  3
18  -37  3
17  -36  3
16  -35  3
16  -34  3
15  -33  3
15  -32  3
14  -31  3
13  -30  3
13  -29  3
12  -28  3
22  -42  3
31  -42  3
23  -42  3
24  -42  3
25  -42  3
26  -42  3
27  -42  3
28  -42  3
29  -42  3
30  -42  3
31  -47  3
13  -47  3
14  -47  3
15  -47  3
16  -47  3
17  -47  3
18  -47  3
19  -47  3
20  -47  3
21  -47  3
22  -47  3
23  -47  3
24  -47  3
25  -47  3
26  -47  3
27  -47  3
28  -47  3
29  -47  3
30  -47  3
12  -47  3
5  -33  3
11  -46  3
11  -45  3
10  -44  3
10  -43  3
9  -42  3
9  -41  3
8  -40  3
8  -39  3
7  -38  3
7  -37  3
6  -36  3
6  -35  3
5  -34  3
5  -35  3
5  -51  3
5  -50  3
5  -49  3
5  -48  3
5  -47  3
5  -46  3
5  -45  3
5  -44  3
5  -43  3
5  -42  3
5  -41  3
5  -40  3
5  -39  3
5  -38  3
5  -37  3
5  -36  3
-5  -51  3
-5  -18  3
-5  -50  3
-5  -49  3
-5  -48  3
-5  -47  3
-5  -46  3
-5  -45  3
-5  -44  3
-5  -43  3
-5  -42  3
-5  -41  3
-5  -40  3
-5  -39  3
-5  -38  3
-5  -37  3
-5  -36  3
-5  -35  3
-5  -34  3
-5  -33  3
-5  -32  3
-5  -31  3
-5  -30  3
-5  -29  3
-5  -28  3
-5  -27  3
-5  -26  3
-5  -25  3
-5  -24  3
-5  -23  3
-5  -22  3
-5  -21  3
-5  -20  3
-5  -19  3
-6  -18  3
-12  -18  3
-11  -18  3
-10  -18  3
-9  -18  3
-8  -18  3
-7  -18  3
-13  -18  3
-16  -22  3
-15  -21  3
-14  -20  3
-13  -19  3
-22  -17  3
-12  -6  3
-21  -16  3
-20  -15  3
-19  -14  3
-18  -13  3
-17  -12  3
-16  -11  3
-15  -10  3
-14  -9  3
-13  -8  3
-12  -7  3
-12  -5  3
-12  17  3
-12  -4  3
-12  -3  3
-12  -2  3
-12  -1  3
-12  0  3
-12  1  3
-12  2  3
-12  3  3
-12  4  3
-12  5  3
-12  6  3
-12  7  3
-12  8  3
-12  9  3
-12  10  3
-12  11  3
-12  12  3
-12  13  3
-12  14  3
-12  15  3
-12  16  3
-12  18  3
-27  18  3
-26  18  3
-25  18  3
-24  18  3
-23  18  3
-22  18  3
-21  18  3
-20  18  3
-19  18  3
-18  18  3
-17  18  3
-16  18  3
-15  18  3
-14  18  3
-13  18  3
-6  26  3
-27  26  3
-26  26  3
-25  26  3
-24  26  3
-23  26  3
-22  26  3
-21  26  3
-20  26  3
-19  26  3
-18  26  3
-17  26  3
-16  26  3
-15  26  3
-14  26  3
-13  26  3
-12  26  3
-11  26  3
-10  26  3
-9  26  3
-8  26  3
-7  26  3
-4  15  3
5  15  3
-3  15  3
-2  15  3
-1  15  3
0  15  3
1  15  3
2  15  3
3  15  3
4  15  3
5  14  3
5  11  3
5  12  3
5  13  3
4  11  3
-5  11  3
-4  11  3
-3  11  3
-2  11  3
-1  11  3
0  11  3
1  11  3
2  11  3
3  11  3
-5  12  3
-5  15  3
-5  13  3
-5  14  3
-4  14  3
4  14  3
-3  14  3
-2  14  3
-1  14  3
0  14  3
1  14  3
2  14  3
3  14  3
-4  13  3
4  13  3
-3  13  3
-2  13  3
-1  13  3
0  13  3
1  13  3
2  13  3
3  13  3
-4  12  3
4  12  3
-3  12  3
-2  12  3
-1  12  3
0  12  3
1  12  3
2  12  3
3  12  3
-1  1  3
1  1  3
0  1  3
1  2  3
1  4  3
1  3  3
0  4  3
-2  4  3
-1  4  3
-2  3  3
-2  1  3
-2  2  3
2  4  3
2  1  3
2  2  3
2  3  3
-5  -2  3
-5  -8  3
-5  -7  3
-5  -6  3
-5  -5  3
-5  -4  3
-5  -3  3
-4  -8  3
-3  -8  3
5  -2  3
5  -7  3
5  -6  3
5  -5  3
5  -4  3
5  -3  3
5  -8  3
3  -8  3
4  -8  3
-2  -11  3
2  -11  3
-1  -11  3
0  -11  3
1  -11  3
2  -12  3
2  -17  3
2  -16  3
2  -15  3
2  -14  3
2  -13  3
-2  -12  3
-2  -17  3
-2  -16  3
-2  -15  3
-2  -14  3
-2  -13  3
-1  -17  3
1  -17  3
0  -17  3
-2  18  3
2  18  3
-1  18  3
0  18  3
1  18  3
-2  19  3
-2  24  3
-2  20  3
-2  21  3
-2  22  3
-2  23  3
2  19  3
2  24  3
2  20  3
2  21  3
2  22  3
2  23  3
-1  24  3
1  24  3
0  24  3
-1  23  3
-1  19  3
-1  20  3
-1  21  3
-1  22  3
0  23  3
0  19  3
0  20  3
0  21  3
0  22  3
1  23  3
1  19  3
1  20  3
1  21  3
1  22  3
-1  -12  3
-1  -16  3
-1  -15  3
-1  -14  3
-1  -13  3
1  -13  3
0  -16  3
0  -15  3
0  -14  3
0  -13  3
0  -13  3
1  -12  3
1  -16  3
1  -15  3
1  -14  3
0  -12  3
-1  3  3
0  3  3
-1  2  3
0  2  3
-4  22  3
4  22  3
-4  4  3
4  4  3
-4  1  3
4  1  3